#!ascii label  , from subject 201818 vox2ras=TkReg
1097
53804  -8.000  -11.706  33.442 0.0000000000
58367  -28.905  -7.872  22.866 0.0000000000
67532  -26.085  -0.594  22.592 0.0000000000
61698  -23.652  -4.004  27.462 0.0000000000
70839  -33.944  2.804  8.690 0.0000000000
68724  -29.347  1.164  12.529 0.0000000000
59408  -30.089  -5.432  28.035 0.0000000000
57203  -26.206  -7.820  24.567 0.0000000000
72942  -40.118  5.655  9.638 0.0000000000
75078  -43.671  7.376  6.923 0.0000000000
79362  -45.565  10.313  4.257 0.0000000000
69667  -30.194  3.306  21.446 0.0000000000
68661  -27.215  1.349  17.131 0.0000000000
71815  -32.047  3.807  16.613 0.0000000000
67637  -34.983  0.201  13.920 0.0000000000
66369  -17.133  -1.109  27.300 0.0000000000
51568  -5.582  -12.665  36.166 0.0000000000
64153  -28.529  -4.910  23.240 0.0000000000
69616  -29.584  2.093  26.250 0.0000000000
64119  -20.102  -3.130  22.827 0.0000000000
60655  -23.694  -6.649  20.968 0.0000000000
76279  -42.584  7.329  -0.791 0.0000000000
81326  -46.255  12.807  2.192 0.0000000000
67719  -32.352  0.028  10.347 0.0000000000
69786  -37.448  1.757  12.203 0.0000000000
57088  -9.708  -9.364  30.881 0.0000000000
50506  -2.205  -15.420  33.783 0.0000000000
73967  -42.247  6.766  8.508 0.0000000000
69679  -30.400  3.518  19.168 0.0000000000
61707  -15.692  -5.132  26.014 0.0000000000
51585  -6.677  -12.526  35.173 0.0000000000
59550  -29.356  -7.419  20.062 0.0000000000
60632  -29.611  -6.644  22.739 0.0000000000
62934  -22.150  -3.173  25.305 0.0000000000
61773  -22.534  -5.005  22.092 0.0000000000
61735  -24.009  -5.777  24.028 0.0000000000
57224  -27.905  -8.037  23.828 0.0000000000
57260  -26.278  -8.650  21.631 0.0000000000
57280  -27.682  -8.658  21.354 0.0000000000
62867  -22.860  -2.503  30.403 0.0000000000
65213  -20.835  -1.504  27.251 0.0000000000
75116  -38.950  6.750  3.873 0.0000000000
76265  -41.640  7.142  0.828 0.0000000000
80353  -45.849  11.438  3.405 0.0000000000
68690  -28.078  1.720  15.089 0.0000000000
67697  -31.274  0.155  11.320 0.0000000000
67675  -36.108  -0.322  12.483 0.0000000000
59380  -13.770  -6.290  29.297 0.0000000000
59355  -12.797  -7.168  30.317 0.0000000000
58187  -11.520  -7.884  31.914 0.0000000000
57119  -10.543  -8.867  29.333 0.0000000000
50523  -3.581  -15.512  32.816 0.0000000000
58318  -29.179  -6.705  25.141 0.0000000000
62945  -30.155  -4.703  26.035 0.0000000000
62914  -31.003  -3.593  28.736 0.0000000000
60510  -24.868  -4.536  30.025 0.0000000000
59418  -24.748  -6.161  26.191 0.0000000000
58222  -26.459  -5.908  28.388 0.0000000000
58280  -28.334  -6.915  26.184 0.0000000000
71884  -36.904  4.387  10.192 0.0000000000
73963  -39.244  6.068  8.268 0.0000000000
75075  -40.112  6.917  6.379 0.0000000000
76223  -41.889  7.868  4.715 0.0000000000
76238  -42.888  8.420  3.444 0.0000000000
76226  -44.687  8.684  5.646 0.0000000000
68613  -28.283  1.615  22.613 0.0000000000
67582  -26.125  0.515  19.671 0.0000000000
68647  -28.595  2.051  19.162 0.0000000000
69690  -29.299  2.491  17.701 0.0000000000
69728  -30.256  2.715  15.280 0.0000000000
68727  -32.819  1.051  12.776 0.0000000000
69731  -34.001  2.204  14.723 0.0000000000
65176  -15.063  -1.977  29.467 0.0000000000
60553  -14.903  -6.021  27.507 0.0000000000
80386  -45.541  10.914  -3.303 0.0000000000
52658  -4.150  -12.818  36.694 0.0000000000
61826  -28.092  -6.023  20.180 0.0000000000
65272  -26.760  -2.784  24.068 0.0000000000
65238  -29.514  -3.428  26.380 0.0000000000
66395  -27.743  -0.996  26.359 0.0000000000
68574  -27.550  0.491  25.106 0.0000000000
69658  -30.345  2.926  23.474 0.0000000000
60610  -24.845  -7.350  22.754 0.0000000000
65167  -19.625  -0.703  29.776 0.0000000000
65235  -18.118  -1.999  24.818 0.0000000000
77343  -43.533  9.128  1.324 0.0000000000
79393  -43.597  10.224  -0.211 0.0000000000
80373  -44.398  11.408  -2.007 0.0000000000
82233  -46.367  13.796  0.347 0.0000000000
53833  -7.647  -12.809  30.926 0.0000000000
52748  -6.804  -13.209  32.065 0.0000000000
68804  -32.884  0.823  9.295 0.0000000000
67673  -33.358  -0.136  12.119 0.0000000000
68789  -35.014  0.741  11.174 0.0000000000
70808  -36.189  2.468  11.179 0.0000000000
70811  -38.668  3.693  11.477 0.0000000000
54926  -8.902  -10.489  32.229 0.0000000000
51621  -5.108  -13.718  34.062 0.0000000000
51600  -3.831  -13.825  34.662 0.0000000000
51598  -2.109  -14.107  34.933 0.0000000000
52710  -7.356  -12.249  34.239 0.0000000000
58404  -28.671  -8.153  21.353 0.0000000000
58406  -29.455  -7.544  21.363 0.0000000000
59491  -29.436  -7.211  22.769 0.0000000000
61709  -23.193  -3.689  26.834 0.0000000000
61733  -22.659  -4.013  24.677 0.0000000000
61710  -23.589  -4.509  26.345 0.0000000000
57244  -28.555  -7.866  23.252 0.0000000000
57262  -27.851  -8.305  22.383 0.0000000000
57281  -28.295  -8.356  21.815 0.0000000000
57298  -28.230  -8.582  20.662 0.0000000000
61656  -23.892  -3.554  30.235 0.0000000000
62856  -23.409  -2.806  30.738 0.0000000000
62881  -23.480  -3.222  28.942 0.0000000000
64046  -22.304  -2.234  27.998 0.0000000000
75146  -41.232  6.683  1.025 0.0000000000
65296  -25.758  -2.924  21.553 0.0000000000
67565  -25.317  -1.036  20.768 0.0000000000
69741  -28.649  1.586  14.124 0.0000000000
68723  -28.484  0.473  12.458 0.0000000000
68766  -30.185  0.251  11.437 0.0000000000
59400  -13.257  -7.554  28.129 0.0000000000
59356  -13.443  -6.481  30.101 0.0000000000
59377  -12.559  -7.718  29.050 0.0000000000
58215  -12.155  -7.925  29.799 0.0000000000
57139  -11.599  -8.394  28.090 0.0000000000
59420  -29.626  -6.454  26.388 0.0000000000
60567  -30.185  -5.576  26.690 0.0000000000
60547  -30.699  -4.361  28.623 0.0000000000
60492  -26.091  -4.745  30.758 0.0000000000
59362  -25.732  -5.319  29.163 0.0000000000
59340  -26.616  -5.099  30.284 0.0000000000
59368  -29.525  -4.937  29.313 0.0000000000
58239  -28.255  -6.026  27.719 0.0000000000
59406  -29.408  -6.195  27.532 0.0000000000
58300  -28.883  -6.860  25.503 0.0000000000
72940  -38.684  5.312  9.665 0.0000000000
72955  -38.514  5.653  8.871 0.0000000000
72957  -40.044  5.940  9.009 0.0000000000
75065  -43.530  7.083  7.934 0.0000000000
74000  -41.231  6.813  7.361 0.0000000000
75094  -42.019  7.381  6.074 0.0000000000
76212  -41.208  7.406  5.463 0.0000000000
76214  -42.581  7.635  5.805 0.0000000000
76224  -42.963  8.066  4.651 0.0000000000
75096  -44.466  8.289  6.187 0.0000000000
68614  -28.982  2.105  22.203 0.0000000000
68637  -28.405  1.779  20.398 0.0000000000
69666  -29.625  2.932  20.775 0.0000000000
70715  -30.946  3.720  18.100 0.0000000000
69691  -30.014  3.066  17.977 0.0000000000
70728  -30.404  3.180  17.189 0.0000000000
69718  -29.845  2.799  16.363 0.0000000000
70755  -31.192  3.089  15.616 0.0000000000
70765  -32.246  2.754  14.484 0.0000000000
70745  -32.728  3.530  16.120 0.0000000000
66341  -17.137  -0.555  29.069 0.0000000000
66324  -16.175  -0.533  30.560 0.0000000000
65191  -15.902  -1.457  27.831 0.0000000000
61706  -15.210  -5.241  26.861 0.0000000000
81347  -46.902  12.876  -2.600 0.0000000000
80379  -47.588  12.267  -3.171 0.0000000000
51556  -5.116  -12.783  36.971 0.0000000000
61800  -29.013  -6.045  21.886 0.0000000000
61827  -28.684  -6.212  20.891 0.0000000000
62982  -27.811  -4.731  22.534 0.0000000000
64152  -27.151  -4.133  22.320 0.0000000000
65290  -27.877  -3.759  23.996 0.0000000000
64076  -30.407  -3.552  27.355 0.0000000000
64100  -29.820  -4.227  25.761 0.0000000000
66386  -29.607  -2.373  27.719 0.0000000000
68540  -29.301  1.132  27.586 0.0000000000
67488  -28.521  -0.200  27.585 0.0000000000
68552  -28.698  1.107  26.925 0.0000000000
67500  -27.381  -0.118  25.951 0.0000000000
68564  -28.165  1.326  25.767 0.0000000000
69642  -28.804  1.986  24.408 0.0000000000
69628  -29.573  2.263  25.221 0.0000000000
60654  -22.942  -6.111  20.766 0.0000000000
58294  -25.231  -6.965  25.249 0.0000000000
59443  -24.811  -6.835  24.406 0.0000000000
58333  -25.578  -7.627  23.952 0.0000000000
58383  -25.605  -8.563  20.956 0.0000000000
64003  -20.367  -1.153  30.633 0.0000000000
64085  -20.731  -2.179  24.951 0.0000000000
65225  -19.499  -1.505  26.033 0.0000000000
65250  -19.147  -2.012  24.409 0.0000000000
62962  -18.017  -3.706  23.088 0.0000000000
77326  -44.301  8.983  3.676 0.0000000000
76249  -42.966  8.484  2.468 0.0000000000
77336  -44.138  9.193  2.856 0.0000000000
80360  -45.830  11.945  2.373 0.0000000000
79386  -44.487  10.626  1.381 0.0000000000
80364  -45.081  11.602  1.409 0.0000000000
79400  -43.942  10.852  -0.503 0.0000000000
80368  -45.048  12.182  0.486 0.0000000000
81341  -45.283  12.837  -0.933 0.0000000000
82224  -46.578  13.845  1.048 0.0000000000
68645  -26.681  0.951  19.193 0.0000000000
67592  -25.449  -0.036  18.899 0.0000000000
67736  -32.418  -0.087  9.080 0.0000000000
67737  -32.844  0.504  10.017 0.0000000000
68728  -33.786  0.640  13.370 0.0000000000
67651  -32.908  0.564  12.520 0.0000000000
66552  -34.172  -0.528  12.791 0.0000000000
68771  -37.241  1.080  12.269 0.0000000000
67701  -35.439  -0.281  12.000 0.0000000000
68770  -36.663  0.782  11.807 0.0000000000
69802  -35.145  1.369  10.968 0.0000000000
70792  -37.044  2.313  11.679 0.0000000000
71851  -37.869  3.385  11.511 0.0000000000
70794  -38.652  2.889  11.901 0.0000000000
57090  -11.148  -8.477  31.477 0.0000000000
57073  -10.519  -8.775  32.064 0.0000000000
57054  -9.990  -9.107  32.778 0.0000000000
56022  -9.042  -10.138  31.448 0.0000000000
56021  -8.811  -10.559  31.221 0.0000000000
56053  -8.942  -10.746  29.733 0.0000000000
51662  -6.253  -13.747  32.010 0.0000000000
52729  -6.152  -13.334  32.975 0.0000000000
51661  -5.735  -14.107  32.392 0.0000000000
50522  -2.941  -15.751  33.173 0.0000000000
51639  -3.819  -14.963  33.124 0.0000000000
51619  -3.048  -14.545  33.810 0.0000000000
51599  -2.725  -14.145  34.623 0.0000000000
50492  -2.125  -14.835  34.324 0.0000000000
59323  -27.788  -4.781  30.883 0.0000000000
73934  -42.331  6.062  9.693 0.0000000000
73948  -41.063  6.245  8.914 0.0000000000
73950  -42.908  6.545  9.080 0.0000000000
69670  -30.432  3.639  20.319 0.0000000000
64083  -16.837  -2.889  24.958 0.0000000000
65222  -16.227  -2.534  26.268 0.0000000000
52661  -6.924  -12.022  36.287 0.0000000000
51569  -6.040  -12.539  35.872 0.0000000000
59535  -29.418  -7.376  20.967 0.0000000000
60680  -29.437  -6.841  21.537 0.0000000000
62984  -29.258  -5.354  23.208 0.0000000000
69630  -30.739  3.152  25.906 0.0000000000
62944  -21.537  -3.119  24.027 0.0000000000
62965  -21.474  -3.691  22.994 0.0000000000
61752  -22.420  -4.325  23.335 0.0000000000
61753  -23.352  -5.489  23.116 0.0000000000
60608  -23.892  -6.177  22.530 0.0000000000
57223  -27.111  -8.085  23.793 0.0000000000
57241  -26.404  -8.319  22.953 0.0000000000
57242  -27.433  -8.304  23.076 0.0000000000
57279  -26.954  -8.847  20.927 0.0000000000
57297  -27.653  -9.080  20.178 0.0000000000
64004  -21.749  -1.766  31.002 0.0000000000
64017  -21.423  -1.461  29.969 0.0000000000
64031  -22.085  -1.885  29.059 0.0000000000
64075  -21.770  -2.511  25.987 0.0000000000
75101  -38.231  6.533  5.024 0.0000000000
76266  -42.225  7.653  0.446 0.0000000000
80340  -46.177  11.361  5.365 0.0000000000
79371  -45.343  10.614  3.523 0.0000000000
68673  -27.094  1.338  15.752 0.0000000000
67717  -30.648  -0.791  10.472 0.0000000000
67718  -31.561  -0.432  10.515 0.0000000000
66540  -36.586  -0.351  13.939 0.0000000000
66554  -35.871  -0.507  13.268 0.0000000000
67656  -37.254  -0.046  13.312 0.0000000000
61655  -14.195  -5.128  29.831 0.0000000000
59336  -13.815  -5.605  30.696 0.0000000000
60487  -12.901  -6.475  32.125 0.0000000000
58203  -12.180  -7.541  31.328 0.0000000000
57104  -11.104  -8.492  30.291 0.0000000000
57103  -10.249  -9.066  30.276 0.0000000000
56054  -9.525  -10.138  29.200 0.0000000000
57137  -10.117  -9.531  28.668 0.0000000000
59460  -28.969  -7.213  23.756 0.0000000000
59476  -29.490  -6.679  23.997 0.0000000000
59463  -29.716  -6.333  25.100 0.0000000000
62936  -30.501  -4.232  27.211 0.0000000000
60526  -24.329  -4.425  28.877 0.0000000000
60554  -24.054  -4.909  26.849 0.0000000000
60545  -24.570  -5.339  27.900 0.0000000000
59405  -25.242  -6.171  27.264 0.0000000000
58276  -25.923  -7.124  25.868 0.0000000000
58224  -27.352  -5.559  28.723 0.0000000000
58259  -27.359  -6.611  26.914 0.0000000000
57184  -27.152  -7.674  25.145 0.0000000000
58314  -27.877  -7.663  24.396 0.0000000000
57225  -28.430  -7.812  23.681 0.0000000000
61644  -24.289  -3.957  30.635 0.0000000000
71883  -35.611  4.197  9.909 0.0000000000
71895  -34.522  3.718  8.018 0.0000000000
72938  -36.632  4.905  9.265 0.0000000000
72966  -36.996  5.627  7.711 0.0000000000
73980  -38.260  6.160  7.240 0.0000000000
73983  -40.594  6.582  7.884 0.0000000000
73998  -39.629  6.656  7.019 0.0000000000
75074  -39.288  6.801  6.291 0.0000000000
75103  -39.644  7.162  4.712 0.0000000000
75118  -40.407  7.411  3.794 0.0000000000
75130  -40.487  7.410  2.855 0.0000000000
76247  -41.272  7.831  2.645 0.0000000000
76237  -42.031  8.100  3.637 0.0000000000
77313  -43.728  8.567  4.128 0.0000000000
77314  -44.563  8.942  4.648 0.0000000000
77298  -45.741  8.978  6.799 0.0000000000
80333  -46.227  10.967  5.860 0.0000000000
68627  -27.136  0.631  22.703 0.0000000000
67566  -25.843  0.147  20.777 0.0000000000
67549  -27.110  0.980  21.340 0.0000000000
68646  -27.533  1.211  19.565 0.0000000000
68653  -27.927  1.554  18.251 0.0000000000
69669  -29.675  3.112  19.758 0.0000000000
69677  -29.205  2.632  18.523 0.0000000000
68662  -28.139  1.958  17.318 0.0000000000
68691  -28.623  1.984  15.847 0.0000000000
69727  -29.119  2.086  15.027 0.0000000000
68707  -29.666  1.683  13.415 0.0000000000
68725  -30.517  1.496  12.597 0.0000000000
68709  -31.379  1.930  13.483 0.0000000000
69745  -32.681  2.165  13.990 0.0000000000
69747  -34.436  1.370  14.327 0.0000000000
69733  -35.444  1.366  14.992 0.0000000000
67622  -35.976  0.515  14.770 0.0000000000
64015  -14.595  -2.729  29.951 0.0000000000
64060  -15.124  -3.576  27.329 0.0000000000
62911  -14.831  -4.314  27.981 0.0000000000
62879  -14.378  -4.440  29.042 0.0000000000
59402  -14.230  -6.461  28.443 0.0000000000
65297  -26.441  -3.321  22.346 0.0000000000
66438  -26.119  -1.544  23.234 0.0000000000
61757  -29.865  -5.697  24.533 0.0000000000
64122  -29.334  -4.487  24.999 0.0000000000
65275  -28.899  -3.836  24.974 0.0000000000
66396  -28.367  -1.925  26.749 0.0000000000
66428  -27.902  -3.046  24.956 0.0000000000
66427  -27.229  -2.469  24.886 0.0000000000
66409  -27.011  -0.855  25.246 0.0000000000
67520  -26.769  -0.246  23.948 0.0000000000
68594  -28.328  1.453  23.576 0.0000000000
68595  -28.911  1.981  23.222 0.0000000000
69663  -30.259  2.965  22.388 0.0000000000
69659  -30.894  3.153  24.217 0.0000000000
70664  -31.169  3.727  23.408 0.0000000000
60578  -24.406  -6.164  24.718 0.0000000000
60592  -24.470  -6.528  23.879 0.0000000000
59488  -24.437  -7.197  21.729 0.0000000000
58348  -25.648  -7.959  22.970 0.0000000000
58364  -25.152  -7.894  21.800 0.0000000000
65166  -18.646  -0.467  30.146 0.0000000000
66355  -18.077  -0.705  28.015 0.0000000000
65178  -20.018  -0.818  28.825 0.0000000000
65192  -19.191  -0.763  27.772 0.0000000000
66382  -17.951  -1.131  26.328 0.0000000000
64094  -17.283  -3.113  24.371 0.0000000000
76255  -41.637  7.519  1.545 0.0000000000
76267  -42.806  8.469  1.064 0.0000000000
77353  -42.913  8.780  0.186 0.0000000000
79380  -44.725  10.276  2.039 0.0000000000
78436  -43.858  9.665  1.122 0.0000000000
77364  -42.833  8.732  -0.947 0.0000000000
78460  -43.161  9.463  -1.562 0.0000000000
79402  -43.586  10.154  -1.988 0.0000000000
78463  -44.091  9.909  -2.848 0.0000000000
80376  -44.612  11.143  -2.483 0.0000000000
81343  -45.530  12.809  -1.853 0.0000000000
53819  -7.854  -11.687  32.775 0.0000000000
52731  -7.309  -12.224  33.338 0.0000000000
53817  -7.371  -12.860  31.643 0.0000000000
67581  -25.403  -0.340  19.889 0.0000000000
70838  -33.478  2.141  9.204 0.0000000000
68746  -31.396  0.987  11.951 0.0000000000
67698  -32.459  0.107  11.282 0.0000000000
67699  -33.501  -0.117  11.502 0.0000000000
66568  -34.800  -0.734  12.534 0.0000000000
67700  -34.366  -0.127  11.551 0.0000000000
67720  -33.560  0.371  10.903 0.0000000000
68787  -33.450  1.045  10.242 0.0000000000
69818  -33.742  1.953  9.903 0.0000000000
70826  -34.941  3.251  10.167 0.0000000000
71866  -36.426  3.585  10.789 0.0000000000
72919  -38.119  4.638  10.367 0.0000000000
72921  -39.507  5.196  10.389 0.0000000000
54891  -8.642  -10.582  34.559 0.0000000000
55986  -9.365  -9.909  33.412 0.0000000000
54925  -8.328  -11.131  32.473 0.0000000000
54924  -8.194  -11.542  31.824 0.0000000000
54964  -8.259  -12.373  30.041 0.0000000000
52709  -6.650  -12.661  34.080 0.0000000000
51623  -6.236  -12.845  34.477 0.0000000000
51602  -5.412  -13.243  34.831 0.0000000000
51640  -4.909  -14.339  33.230 0.0000000000
51601  -4.719  -13.640  34.825 0.0000000000
51581  -4.509  -13.404  35.576 0.0000000000
51580  -3.970  -13.667  35.285 0.0000000000
51579  -3.194  -13.668  35.402 0.0000000000
50505  -1.669  -15.155  34.004 0.0000000000
50491  -1.848  -14.573  34.542 0.0000000000
53789  -8.124  -11.330  34.239 0.0000000000
52711  -7.853  -11.934  34.245 0.0000000000
58385  -29.092  -7.953  22.066 0.0000000000
58368  -29.159  -7.772  22.937 0.0000000000
61697  -23.328  -3.562  27.365 0.0000000000
58366  -28.745  -8.025  22.645 0.0000000000
57263  -28.506  -8.066  22.707 0.0000000000
58384  -28.734  -8.115  22.274 0.0000000000
61684  -23.783  -3.831  28.380 0.0000000000
62896  -23.406  -3.370  28.087 0.0000000000
62913  -23.363  -3.505  27.620 0.0000000000
75139  -40.710  6.937  1.832 0.0000000000
66447  -25.618  -1.586  21.992 0.0000000000
68744  -29.177  0.361  11.652 0.0000000000
68765  -29.537  -0.026  11.153 0.0000000000
68745  -30.249  0.873  11.921 0.0000000000
58251  -12.867  -7.814  27.935 0.0000000000
58231  -12.638  -7.669  28.574 0.0000000000
58230  -12.172  -7.949  28.555 0.0000000000
60556  -30.271  -5.307  27.598 0.0000000000
60546  -30.436  -4.778  28.530 0.0000000000
59321  -26.498  -4.764  31.104 0.0000000000
59339  -25.922  -5.014  30.030 0.0000000000
59322  -27.098  -4.864  31.024 0.0000000000
59389  -29.789  -5.295  28.603 0.0000000000
59388  -29.340  -5.773  28.256 0.0000000000
59407  -29.632  -6.038  27.416 0.0000000000
60471  -26.020  -4.547  31.565 0.0000000000
72941  -39.443  5.483  9.644 0.0000000000
75077  -42.258  7.126  6.965 0.0000000000
76201  -42.970  7.428  6.486 0.0000000000
76202  -43.354  7.626  6.239 0.0000000000
76215  -43.494  7.945  5.685 0.0000000000
75095  -43.965  7.916  6.337 0.0000000000
69662  -29.660  2.609  21.801 0.0000000000
68630  -29.011  2.269  21.141 0.0000000000
70730  -31.901  3.952  17.022 0.0000000000
70714  -30.595  3.348  17.616 0.0000000000
70729  -31.075  3.473  17.144 0.0000000000
70743  -30.829  3.259  16.511 0.0000000000
70744  -31.788  3.498  16.343 0.0000000000
70756  -32.315  3.186  15.253 0.0000000000
66354  -17.113  -0.690  28.170 0.0000000000
66353  -16.124  -0.928  28.458 0.0000000000
66368  -16.412  -1.142  27.700 0.0000000000
82246  -47.446  13.587  -2.245 0.0000000000
52659  -5.845  -12.424  36.717 0.0000000000
51557  -5.436  -12.687  36.728 0.0000000000
51567  -5.003  -12.927  36.297 0.0000000000
63003  -28.449  -5.235  22.435 0.0000000000
62983  -28.124  -4.757  23.026 0.0000000000
64137  -27.771  -4.303  22.998 0.0000000000
64138  -28.253  -4.266  23.725 0.0000000000
65227  -30.072  -3.206  27.328 0.0000000000
65214  -30.140  -2.472  28.234 0.0000000000
69605  -29.577  1.892  27.301 0.0000000000
68551  -28.058  0.632  26.396 0.0000000000
68565  -28.989  1.782  25.844 0.0000000000
64135  -19.497  -3.385  22.476 0.0000000000
64136  -19.927  -3.467  22.227 0.0000000000
58312  -25.609  -7.472  24.538 0.0000000000
58332  -25.199  -7.329  24.200 0.0000000000
57221  -25.927  -7.796  24.160 0.0000000000
64097  -20.373  -2.380  24.012 0.0000000000
65251  -19.739  -1.892  24.675 0.0000000000
64118  -19.160  -2.924  23.045 0.0000000000
77363  -42.766  7.999  -1.171 0.0000000000
78410  -44.747  9.421  4.034 0.0000000000
78420  -44.647  9.554  3.360 0.0000000000
80365  -45.771  12.404  1.621 0.0000000000
81334  -45.471  12.499  0.980 0.0000000000
81338  -45.445  12.986  0.148 0.0000000000
81335  -46.048  13.278  1.172 0.0000000000
68652  -26.986  1.043  18.375 0.0000000000
67600  -26.288  0.645  17.530 0.0000000000
66611  -31.663  -0.902  9.911 0.0000000000
66627  -31.859  -0.873  9.324 0.0000000000
68729  -34.293  0.437  13.777 0.0000000000
67653  -34.600  -0.038  13.585 0.0000000000
69785  -36.878  1.512  11.828 0.0000000000
70791  -36.604  1.888  11.487 0.0000000000
70793  -37.857  2.583  11.846 0.0000000000
57089  -10.460  -8.940  31.147 0.0000000000
57072  -9.825  -9.331  31.801 0.0000000000
56039  -8.782  -10.564  30.749 0.0000000000
56040  -9.322  -9.908  30.281 0.0000000000
50507  -2.739  -15.140  33.487 0.0000000000
51618  -2.415  -14.690  34.142 0.0000000000
70681  -31.127  4.163  20.431 0.0000000000
62933  -16.303  -3.910  25.189 0.0000000000
52674  -7.439  -11.900  35.607 0.0000000000
52662  -7.297  -11.878  35.998 0.0000000000
52673  -7.008  -12.333  35.564 0.0000000000
52672  -6.512  -12.413  35.926 0.0000000000
51584  -6.306  -12.575  35.388 0.0000000000
58405  -29.177  -7.841  20.946 0.0000000000
59513  -29.516  -7.121  22.212 0.0000000000
59536  -29.516  -7.174  21.557 0.0000000000
60657  -29.509  -6.668  21.856 0.0000000000
61775  -29.285  -6.083  22.350 0.0000000000
61776  -29.558  -5.854  22.935 0.0000000000
61734  -23.311  -4.974  24.249 0.0000000000
61774  -23.220  -5.739  22.195 0.0000000000
57261  -27.100  -8.552  22.081 0.0000000000
58421  -28.704  -8.325  20.272 0.0000000000
62841  -23.161  -2.730  31.578 0.0000000000
62855  -22.646  -2.300  31.147 0.0000000000
62840  -22.512  -2.255  31.779 0.0000000000
64005  -22.402  -2.154  30.717 0.0000000000
64018  -22.298  -1.989  30.148 0.0000000000
62926  -22.562  -3.096  26.414 0.0000000000
64063  -22.083  -2.474  27.036 0.0000000000
64086  -21.281  -2.527  24.879 0.0000000000
75115  -38.379  6.430  4.245 0.0000000000
68689  -27.361  0.906  14.661 0.0000000000
66541  -37.047  -0.194  14.074 0.0000000000
66556  -37.002  -0.163  13.532 0.0000000000
68749  -38.343  1.210  12.939 0.0000000000
59358  -13.951  -5.788  29.553 0.0000000000
60508  -14.040  -5.347  30.268 0.0000000000
59357  -13.791  -5.892  29.978 0.0000000000
60507  -13.157  -6.513  30.839 0.0000000000
59334  -12.559  -7.022  31.721 0.0000000000
58216  -12.248  -7.662  30.600 0.0000000000
57120  -11.393  -8.368  29.028 0.0000000000
58202  -11.766  -8.015  30.918 0.0000000000
58337  -29.226  -6.959  24.187 0.0000000000
59461  -29.165  -6.936  24.081 0.0000000000
59445  -29.411  -6.563  25.119 0.0000000000
61699  -30.668  -4.231  28.294 0.0000000000
61713  -30.488  -4.812  27.283 0.0000000000
62927  -30.577  -3.988  27.979 0.0000000000
60527  -24.595  -4.805  28.914 0.0000000000
59384  -26.018  -5.810  28.585 0.0000000000
59383  -25.533  -5.829  28.196 0.0000000000
58235  -25.705  -6.228  27.217 0.0000000000
58256  -25.563  -6.616  26.482 0.0000000000
58257  -26.086  -6.551  26.556 0.0000000000
59342  -28.147  -5.087  30.108 0.0000000000
58261  -28.592  -6.570  27.093 0.0000000000
58260  -28.017  -6.562  27.009 0.0000000000
58278  -27.132  -7.148  25.915 0.0000000000
58297  -27.598  -7.410  25.472 0.0000000000
57185  -27.690  -7.576  24.963 0.0000000000
58298  -28.025  -7.359  25.313 0.0000000000
58301  -29.189  -6.692  25.637 0.0000000000
58316  -28.561  -7.178  24.675 0.0000000000
58317  -28.931  -6.922  24.805 0.0000000000
58336  -28.708  -7.326  23.996 0.0000000000
60491  -25.478  -4.555  30.723 0.0000000000
61657  -24.349  -4.201  29.735 0.0000000000
72937  -35.732  4.769  8.862 0.0000000000
72954  -37.496  5.504  8.520 0.0000000000
73962  -38.401  5.995  8.063 0.0000000000
73961  -37.683  5.925  7.727 0.0000000000
73981  -39.064  6.369  7.561 0.0000000000
73966  -41.474  6.573  8.473 0.0000000000
73965  -40.696  6.418  8.545 0.0000000000
73984  -41.270  6.674  7.949 0.0000000000
75076  -41.041  6.976  6.571 0.0000000000
73999  -40.446  6.680  7.165 0.0000000000
75091  -39.589  6.966  5.582 0.0000000000
76222  -41.045  7.505  4.763 0.0000000000
75104  -40.279  7.316  4.533 0.0000000000
76236  -41.163  7.760  3.744 0.0000000000
76225  -43.974  8.388  5.202 0.0000000000
77315  -45.061  9.221  5.286 0.0000000000
78404  -45.981  10.000  6.027 0.0000000000
68628  -27.512  1.155  22.015 0.0000000000
68654  -28.537  2.331  18.069 0.0000000000
68663  -28.766  2.256  17.364 0.0000000000
68675  -28.722  1.984  16.675 0.0000000000
69717  -29.249  2.424  16.023 0.0000000000
69743  -30.060  2.081  14.254 0.0000000000
68708  -30.776  2.005  13.378 0.0000000000
69744  -31.409  2.393  14.110 0.0000000000
69730  -33.089  2.601  14.571 0.0000000000
69746  -33.622  1.795  14.141 0.0000000000
69719  -35.925  1.849  15.533 0.0000000000
68677  -36.405  1.215  15.467 0.0000000000
67623  -36.300  0.222  14.536 0.0000000000
66339  -15.466  -1.152  29.968 0.0000000000
65164  -14.895  -1.872  30.419 0.0000000000
64028  -14.760  -2.889  29.121 0.0000000000
62925  -15.927  -4.094  25.937 0.0000000000
64072  -15.643  -3.288  26.546 0.0000000000
62924  -15.475  -4.368  26.569 0.0000000000
61696  -14.834  -5.133  27.754 0.0000000000
62923  -15.125  -4.443  27.218 0.0000000000
62894  -14.499  -4.196  28.591 0.0000000000
61682  -14.509  -4.953  28.690 0.0000000000
61683  -14.461  -5.576  28.964 0.0000000000
60542  -14.599  -5.723  28.399 0.0000000000
51565  -3.765  -13.199  36.175 0.0000000000
60678  -28.717  -6.466  20.184 0.0000000000
63023  -27.516  -5.326  20.696 0.0000000000
65298  -26.886  -3.536  22.828 0.0000000000
65288  -26.531  -3.057  23.213 0.0000000000
65287  -26.036  -2.461  22.698 0.0000000000
65271  -26.283  -2.195  23.598 0.0000000000
60613  -29.821  -6.264  24.338 0.0000000000
60612  -29.777  -6.312  23.740 0.0000000000
65255  -29.698  -3.809  26.085 0.0000000000
64123  -29.608  -4.542  25.353 0.0000000000
65254  -29.456  -3.873  25.703 0.0000000000
65276  -29.192  -3.948  25.317 0.0000000000
66413  -29.154  -3.321  26.140 0.0000000000
66384  -28.242  -0.918  27.088 0.0000000000
66412  -28.683  -2.868  26.072 0.0000000000
66411  -27.907  -2.346  25.730 0.0000000000
67499  -27.119  -0.448  25.475 0.0000000000
67512  -26.979  -0.223  24.876 0.0000000000
68592  -27.176  0.311  24.399 0.0000000000
68611  -27.146  0.493  23.540 0.0000000000
68593  -27.717  0.879  24.041 0.0000000000
69643  -29.371  2.334  24.096 0.0000000000
68576  -28.724  1.918  23.971 0.0000000000
69657  -29.594  2.490  22.870 0.0000000000
70649  -31.230  3.600  25.494 0.0000000000
69645  -30.773  3.213  25.066 0.0000000000
70659  -31.490  3.791  24.584 0.0000000000
70663  -30.672  3.436  22.751 0.0000000000
62981  -21.802  -4.169  22.317 0.0000000000
61772  -21.553  -4.549  21.416 0.0000000000
61797  -22.100  -5.483  21.011 0.0000000000
60555  -24.472  -5.451  27.017 0.0000000000
60566  -24.394  -5.573  25.844 0.0000000000
59459  -24.848  -7.153  23.788 0.0000000000
60609  -24.529  -6.864  23.018 0.0000000000
60630  -24.605  -7.176  22.457 0.0000000000
66326  -18.037  -0.518  29.420 0.0000000000
65177  -18.827  -0.371  28.937 0.0000000000
65179  -20.827  -1.158  28.645 0.0000000000
64029  -20.643  -1.105  29.080 0.0000000000
65193  -20.358  -1.053  27.920 0.0000000000
65211  -18.870  -1.007  26.625 0.0000000000
65224  -18.433  -1.298  25.683 0.0000000000
65234  -17.349  -2.292  25.034 0.0000000000
76248  -42.213  8.068  2.559 0.0000000000
76257  -43.083  8.593  1.750 0.0000000000
76256  -42.470  8.129  1.632 0.0000000000
80352  -45.427  10.930  3.039 0.0000000000
79381  -45.094  10.506  2.692 0.0000000000
79394  -44.055  10.606  0.490 0.0000000000
78447  -44.025  10.088  1.039 0.0000000000
78446  -43.580  9.720  0.491 0.0000000000
78455  -43.160  9.570  -0.516 0.0000000000
80370  -44.394  11.517  -0.961 0.0000000000
79403  -43.875  10.859  -1.530 0.0000000000
79405  -43.773  10.063  -2.387 0.0000000000
79406  -44.138  10.496  -2.509 0.0000000000
82232  -45.871  13.552  -0.053 0.0000000000
82240  -45.666  13.102  -1.225 0.0000000000
82237  -46.296  13.812  -0.608 0.0000000000
82241  -46.148  13.402  -1.428 0.0000000000
82238  -46.916  14.347  -0.346 0.0000000000
53818  -7.581  -12.131  32.175 0.0000000000
68803  -32.657  0.382  8.778 0.0000000000
68822  -32.795  0.703  8.368 0.0000000000
69833  -33.177  1.418  8.821 0.0000000000
69817  -33.392  1.605  9.730 0.0000000000
68726  -31.656  1.606  12.874 0.0000000000
68747  -32.144  1.153  12.301 0.0000000000
67672  -32.431  0.516  12.049 0.0000000000
66570  -36.299  -0.378  12.954 0.0000000000
66569  -35.588  -0.587  12.635 0.0000000000
67674  -35.737  -0.438  12.386 0.0000000000
68768  -34.863  0.293  11.375 0.0000000000
67721  -34.280  0.296  11.192 0.0000000000
68788  -34.302  0.833  10.961 0.0000000000
69803  -35.677  1.882  11.024 0.0000000000
70806  -34.567  1.973  10.518 0.0000000000
70807  -35.148  2.398  10.695 0.0000000000
70825  -34.121  2.483  9.893 0.0000000000
71865  -35.622  3.232  10.639 0.0000000000
71867  -37.440  3.882  10.983 0.0000000000
71868  -38.325  4.044  11.086 0.0000000000
72920  -38.848  4.892  10.372 0.0000000000
72903  -39.592  4.773  11.175 0.0000000000
56005  -9.411  -9.958  32.424 0.0000000000
54909  -8.882  -10.425  32.831 0.0000000000
54943  -8.735  -10.696  31.908 0.0000000000
54965  -8.583  -11.400  30.382 0.0000000000
52749  -7.170  -12.644  32.713 0.0000000000
52730  -6.738  -12.834  33.141 0.0000000000
51641  -5.527  -13.706  33.333 0.0000000000
51622  -5.902  -13.154  34.041 0.0000000000
51603  -5.966  -12.855  34.848 0.0000000000
51659  -4.067  -15.475  32.601 0.0000000000
51660  -4.882  -15.090  32.357 0.0000000000
51620  -4.247  -14.190  33.974 0.0000000000
49431  -1.568  -16.190  33.836 0.0000000000
52690  -6.961  -12.439  34.832 0.0000000000
58386  -29.412  -7.564  21.979 0.0000000000
61721  -22.946  -3.863  25.827 0.0000000000
61722  -23.421  -4.654  25.313 0.0000000000
61723  -23.948  -5.392  24.982 0.0000000000
57243  -28.131  -8.077  23.181 0.0000000000
61643  -23.754  -3.352  31.079 0.0000000000
62868  -23.459  -3.095  29.869 0.0000000000
62880  -22.827  -2.623  29.521 0.0000000000
62895  -22.988  -2.615  28.514 0.0000000000
62912  -22.922  -3.077  27.506 0.0000000000
75128  -39.206  6.723  3.143 0.0000000000
64150  -25.930  -3.402  21.172 0.0000000000
68706  -28.338  1.157  13.764 0.0000000000
68705  -27.491  0.614  14.047 0.0000000000
67650  -27.788  0.092  13.030 0.0000000000
68767  -30.807  0.606  11.643 0.0000000000
59379  -13.480  -6.848  29.140 0.0000000000
59378  -12.996  -7.427  28.814 0.0000000000
59354  -12.691  -7.608  29.509 0.0000000000
57138  -10.916  -8.962  28.147 0.0000000000
59433  -29.470  -6.527  25.669 0.0000000000
59446  -29.803  -6.255  25.743 0.0000000000
59434  -29.861  -6.237  26.267 0.0000000000
60557  -30.537  -4.817  27.951 0.0000000000
59361  -25.191  -5.132  29.050 0.0000000000
60511  -25.454  -4.825  29.791 0.0000000000
59363  -26.379  -5.419  29.203 0.0000000000
59366  -28.531  -5.371  29.312 0.0000000000
59387  -28.874  -5.726  28.529 0.0000000000
58241  -28.946  -5.953  28.033 0.0000000000
58262  -28.861  -6.538  27.421 0.0000000000
58299  -28.483  -7.079  25.370 0.0000000000
58282  -29.297  -6.634  26.517 0.0000000000
72939  -37.711  5.060  9.649 0.0000000000
72956  -39.357  5.780  8.960 0.0000000000
73964  -39.976  6.284  8.428 0.0000000000
75064  -42.576  6.997  7.969 0.0000000000
73985  -41.907  6.867  7.908 0.0000000000
74001  -41.673  6.871  7.555 0.0000000000
75092  -40.546  7.306  5.538 0.0000000000
75093  -41.489  7.239  6.007 0.0000000000
76213  -41.693  7.577  5.506 0.0000000000
75106  -44.279  8.414  5.739 0.0000000000
68629  -28.240  1.817  21.556 0.0000000000
68638  -29.099  2.451  20.088 0.0000000000
69692  -30.252  3.337  18.541 0.0000000000
69705  -29.846  2.805  17.154 0.0000000000
69704  -29.291  2.421  16.906 0.0000000000
70742  -30.247  3.037  16.672 0.0000000000
70754  -30.436  3.052  16.086 0.0000000000
69729  -31.129  2.792  14.976 0.0000000000
70764  -31.664  2.897  14.863 0.0000000000
70757  -33.462  3.040  15.252 0.0000000000
66309  -16.993  -0.132  31.560 0.0000000000
66340  -16.236  -0.652  29.521 0.0000000000
65190  -15.279  -1.997  28.298 0.0000000000
59417  -14.608  -6.994  27.206 0.0000000000
81346  -46.021  12.583  -2.565 0.0000000000
80387  -46.205  11.179  -3.519 0.0000000000
80378  -46.514  12.058  -3.123 0.0000000000
80388  -47.340  11.394  -3.622 0.0000000000
51566  -4.475  -13.005  36.485 0.0000000000
60679  -29.256  -6.755  20.905 0.0000000000
61799  -28.296  -5.601  21.284 0.0000000000
63002  -27.657  -5.007  21.772 0.0000000000
65289  -27.371  -3.639  23.428 0.0000000000
64087  -30.244  -4.009  26.751 0.0000000000
65239  -29.855  -3.658  26.541 0.0000000000
66398  -29.629  -3.121  26.987 0.0000000000
67489  -28.938  -0.364  28.048 0.0000000000
67478  -29.104  0.412  27.840 0.0000000000
67487  -28.063  -0.143  26.803 0.0000000000
68563  -27.741  0.571  26.035 0.0000000000
68575  -28.298  1.478  24.559 0.0000000000
69627  -28.883  1.896  24.986 0.0000000000
69644  -30.211  2.756  24.605 0.0000000000
61798  -22.857  -5.716  21.543 0.0000000000
59432  -24.945  -6.617  25.703 0.0000000000
59431  -24.833  -6.544  25.200 0.0000000000
58311  -25.104  -7.030  24.738 0.0000000000
58346  -25.240  -7.495  23.764 0.0000000000
65226  -20.484  -1.663  26.309 0.0000000000
65237  -20.178  -1.839  25.242 0.0000000000
65249  -18.547  -2.270  24.255 0.0000000000
64096  -18.930  -2.406  23.785 0.0000000000
62963  -18.930  -3.672  22.582 0.0000000000
77325  -43.616  8.732  3.139 0.0000000000
77335  -43.586  8.875  2.273 0.0000000000
77344  -44.023  9.346  2.131 0.0000000000
80359  -45.406  11.185  2.491 0.0000000000
80363  -44.508  11.096  0.892 0.0000000000
80367  -44.521  11.469  0.217 0.0000000000
80374  -44.829  12.183  -1.518 0.0000000000
80371  -44.920  12.202  -0.421 0.0000000000
81339  -45.890  13.446  0.431 0.0000000000
53847  -8.000  -13.187  30.069 0.0000000000
67593  -26.164  0.572  18.593 0.0000000000
67599  -25.537  0.027  17.880 0.0000000000
67652  -33.408  0.188  12.789 0.0000000000
67703  -37.109  0.413  12.349 0.0000000000
67702  -36.390  0.116  12.116 0.0000000000
68769  -35.710  0.617  11.441 0.0000000000
69783  -35.689  1.085  11.218 0.0000000000
70809  -36.903  3.065  11.309 0.0000000000
71850  -37.432  3.031  11.524 0.0000000000
70810  -38.286  3.290  11.597 0.0000000000
57074  -11.012  -8.309  32.359 0.0000000000
57055  -10.635  -8.599  32.750 0.0000000000
54942  -8.600  -10.994  31.416 0.0000000000
52747  -6.229  -13.584  32.345 0.0000000000
51638  -3.107  -15.070  33.378 0.0000000000
60473  -27.509  -4.544  31.668 0.0000000000
59346  -29.975  -4.431  30.272 0.0000000000
72944  -41.610  5.911  9.872 0.0000000000
72943  -40.897  5.895  9.609 0.0000000000
73949  -41.765  6.316  9.130 0.0000000000
75066  -44.462  7.428  7.791 0.0000000000
75079  -44.774  7.937  7.053 0.0000000000
70672  -30.877  3.968  21.240 0.0000000000
70697  -31.443  4.321  19.371 0.0000000000
70716  -32.282  4.304  18.017 0.0000000000
70731  -33.045  3.991  16.928 0.0000000000
65210  -16.903  -1.542  26.690 0.0000000000
64073  -16.290  -3.077  25.760 0.0000000000
52660  -6.298  -12.362  36.428 0.0000000000
63004  -29.112  -5.571  22.646 0.0000000000
64154  -28.902  -5.184  23.065 0.0000000000
69629  -30.221  2.698  25.598 0.0000000000
62943  -20.969  -2.810  23.739 0.0000000000
62980  -20.684  -3.751  22.036 0.0000000000
60628  -23.539  -6.142  21.627 0.0000000000
57222  -26.401  -8.003  23.930 0.0000000000
64030  -21.223  -1.256  29.193 0.0000000000
65180  -21.423  -1.506  28.677 0.0000000000
64045  -21.612  -1.875  27.554 0.0000000000
64062  -21.384  -1.900  26.610 0.0000000000
64074  -21.035  -2.008  25.640 0.0000000000
64098  -21.087  -2.643  24.299 0.0000000000
74011  -37.646  6.196  5.392 0.0000000000
75159  -42.183  6.606  -0.233 0.0000000000
79363  -45.846  10.800  4.764 0.0000000000
80345  -45.980  11.501  4.467 0.0000000000
81327  -46.731  13.495  1.907 0.0000000000
67607  -26.309  0.641  16.348 0.0000000000
67654  -35.565  -0.319  13.693 0.0000000000
67655  -36.125  -0.374  13.723 0.0000000000
66571  -36.706  -0.259  13.177 0.0000000000
67676  -36.956  -0.037  12.892 0.0000000000
67677  -37.549  0.483  12.907 0.0000000000
67704  -37.504  0.854  12.642 0.0000000000
68773  -37.956  1.376  12.844 0.0000000000
69787  -38.178  1.807  12.487 0.0000000000
69788  -38.960  2.425  12.504 0.0000000000
59335  -13.487  -5.977  31.002 0.0000000000
57102  -9.759  -9.383  30.282 0.0000000000
57118  -9.888  -9.431  29.672 0.0000000000
50521  -2.361  -16.108  33.644 0.0000000000
58350  -29.085  -7.504  23.216 0.0000000000
59475  -29.216  -7.176  23.426 0.0000000000
59477  -29.685  -6.440  24.578 0.0000000000
61736  -29.926  -5.385  25.523 0.0000000000
61712  -30.312  -5.190  26.803 0.0000000000
61724  -30.252  -5.111  26.456 0.0000000000
62935  -30.332  -4.565  26.667 0.0000000000
64088  -30.457  -3.856  27.258 0.0000000000
62897  -31.223  -3.169  29.506 0.0000000000
60544  -24.173  -4.627  28.109 0.0000000000
59404  -24.860  -5.887  27.130 0.0000000000
59382  -24.975  -5.564  28.110 0.0000000000
59419  -25.090  -6.579  26.271 0.0000000000
58275  -25.513  -6.979  25.764 0.0000000000
58295  -25.940  -7.357  25.049 0.0000000000
59341  -27.426  -5.122  30.153 0.0000000000
59364  -27.079  -5.342  29.333 0.0000000000
58223  -26.944  -5.732  28.580 0.0000000000
59385  -28.031  -5.741  28.277 0.0000000000
58238  -27.589  -5.925  27.972 0.0000000000
58237  -26.865  -6.153  27.708 0.0000000000
58258  -26.692  -6.546  26.694 0.0000000000
57160  -26.520  -7.465  25.424 0.0000000000
57183  -26.450  -7.612  25.122 0.0000000000
57204  -26.826  -7.929  24.502 0.0000000000
57205  -27.584  -7.787  24.412 0.0000000000
58315  -28.058  -7.469  24.534 0.0000000000
58335  -28.271  -7.630  24.131 0.0000000000
57245  -28.776  -7.745  23.247 0.0000000000
61632  -24.274  -3.719  31.451 0.0000000000
61669  -24.083  -3.866  29.178 0.0000000000
71882  -34.535  3.598  9.319 0.0000000000
71896  -35.006  4.347  8.838 0.0000000000
72958  -40.555  6.054  9.097 0.0000000000
73982  -39.849  6.500  7.759 0.0000000000
73997  -38.853  6.506  6.785 0.0000000000
75072  -38.388  6.421  6.069 0.0000000000
75090  -38.863  6.686  5.625 0.0000000000
75102  -38.955  6.771  4.848 0.0000000000
75117  -39.683  7.172  3.836 0.0000000000
75129  -39.810  7.081  3.041 0.0000000000
78411  -45.209  9.653  4.622 0.0000000000
76216  -45.076  8.539  6.455 0.0000000000
77308  -45.301  9.117  5.996 0.0000000000
78403  -45.590  9.714  5.495 0.0000000000
79358  -45.698  10.166  4.901 0.0000000000
67533  -26.701  -0.004  23.016 0.0000000000
67547  -25.786  -0.461  21.642 0.0000000000
67548  -26.547  0.439  21.865 0.0000000000
67567  -26.745  0.895  20.566 0.0000000000
68636  -27.615  1.297  20.904 0.0000000000
67583  -26.741  0.984  19.751 0.0000000000
68648  -29.268  2.641  19.286 0.0000000000
69678  -29.748  3.082  18.881 0.0000000000
68674  -27.916  1.848  16.309 0.0000000000
69726  -28.617  1.720  14.435 0.0000000000
69742  -29.073  1.718  14.189 0.0000000000
69756  -31.680  1.871  13.504 0.0000000000
69757  -32.261  1.708  13.486 0.0000000000
69758  -33.255  1.408  13.561 0.0000000000
68710  -34.065  0.996  13.856 0.0000000000
68711  -34.819  0.558  14.033 0.0000000000
70746  -33.931  3.404  16.054 0.0000000000
70758  -34.475  2.630  15.309 0.0000000000
70747  -35.250  2.977  16.001 0.0000000000
70759  -35.221  2.140  15.276 0.0000000000
69732  -34.790  1.757  14.862 0.0000000000
68712  -35.288  0.570  14.337 0.0000000000
67638  -35.478  0.188  14.200 0.0000000000
66528  -36.691  -0.041  14.332 0.0000000000
65209  -16.072  -2.014  27.067 0.0000000000
65208  -15.238  -2.742  27.561 0.0000000000
64044  -14.883  -3.435  28.343 0.0000000000
64027  -14.551  -3.678  29.056 0.0000000000
64014  -14.429  -3.491  29.674 0.0000000000
61667  -14.288  -4.723  29.511 0.0000000000
60525  -14.172  -5.718  29.300 0.0000000000
59403  -14.074  -6.198  29.000 0.0000000000
59401  -13.727  -7.345  27.965 0.0000000000
81348  -47.923  12.935  -2.757 0.0000000000
63001  -26.966  -4.597  21.167 0.0000000000
64151  -26.327  -3.754  21.399 0.0000000000
59492  -29.555  -6.798  23.321 0.0000000000
60633  -29.752  -6.524  23.237 0.0000000000
60611  -29.803  -6.189  23.226 0.0000000000
62967  -29.745  -4.921  25.250 0.0000000000
62966  -29.600  -5.242  24.395 0.0000000000
61777  -29.653  -5.634  23.392 0.0000000000
64140  -29.352  -5.032  24.236 0.0000000000
64139  -28.989  -4.876  23.821 0.0000000000
64121  -28.763  -4.184  24.331 0.0000000000
66397  -29.109  -2.677  26.881 0.0000000000
66385  -28.943  -1.290  27.875 0.0000000000
65252  -28.470  -3.247  25.300 0.0000000000
65274  -28.286  -3.740  24.480 0.0000000000
65273  -27.560  -3.286  24.326 0.0000000000
66394  -27.204  -0.781  25.715 0.0000000000
66410  -27.194  -1.513  25.443 0.0000000000
66426  -26.517  -1.443  24.344 0.0000000000
66439  -26.428  -0.763  23.440 0.0000000000
68612  -27.707  1.035  23.078 0.0000000000
70668  -30.593  3.648  22.033 0.0000000000
60565  -24.022  -5.041  26.205 0.0000000000
61754  -24.117  -6.156  23.309 0.0000000000
60629  -24.236  -6.862  21.953 0.0000000000
59511  -24.309  -7.130  21.199 0.0000000000
57240  -25.905  -7.918  23.592 0.0000000000
59472  -25.218  -7.668  22.828 0.0000000000
58365  -25.502  -8.113  22.106 0.0000000000
59490  -25.195  -7.862  22.440 0.0000000000
59489  -24.833  -7.546  21.960 0.0000000000
65165  -18.105  -0.159  30.977 0.0000000000
66342  -17.880  -0.529  28.730 0.0000000000
64016  -20.516  -1.153  29.589 0.0000000000
65212  -19.892  -1.193  26.985 0.0000000000
66370  -18.125  -0.994  27.124 0.0000000000
66381  -17.400  -1.240  26.617 0.0000000000
65223  -17.081  -1.895  25.850 0.0000000000
64095  -17.992  -2.748  23.996 0.0000000000
77352  -42.574  8.121  -0.480 0.0000000000
78430  -44.994  10.052  3.188 0.0000000000
78429  -44.585  9.790  2.552 0.0000000000
78437  -44.242  9.793  1.631 0.0000000000
79387  -44.972  10.829  2.008 0.0000000000
77372  -43.012  8.318  -1.984 0.0000000000
79399  -43.492  10.224  -1.059 0.0000000000
79410  -44.895  10.447  -3.167 0.0000000000
80377  -45.266  11.633  -2.692 0.0000000000
81344  -46.245  13.047  -2.103 0.0000000000
82245  -46.724  13.434  -1.993 0.0000000000
82242  -47.004  14.112  -1.469 0.0000000000
53803  -7.638  -11.890  32.948 0.0000000000
53832  -7.242  -13.182  31.300 0.0000000000
52766  -7.089  -13.761  31.037 0.0000000000
67606  -25.607  -0.039  16.847 0.0000000000
67671  -31.726  0.554  11.773 0.0000000000
66553  -35.096  -0.635  13.136 0.0000000000
66567  -34.127  -0.492  12.170 0.0000000000
66590  -34.684  -0.542  12.068 0.0000000000
66589  -34.181  -0.380  11.851 0.0000000000
69801  -34.013  1.584  10.300 0.0000000000
70824  -33.635  2.061  9.685 0.0000000000
71885  -37.566  4.508  10.326 0.0000000000
72922  -40.238  5.383  10.417 0.0000000000
55985  -8.989  -10.253  34.071 0.0000000000
54908  -8.614  -10.779  33.579 0.0000000000
54941  -8.273  -11.941  31.174 0.0000000000
52732  -7.665  -12.065  33.838 0.0000000000
52708  -6.367  -13.007  33.585 0.0000000000
51604  -6.453  -12.654  34.822 0.0000000000
51583  -5.674  -12.769  35.439 0.0000000000
51582  -5.133  -13.134  35.559 0.0000000000
51564  -3.301  -13.110  36.046 0.0000000000
49432  -1.979  -16.594  33.772 0.0000000000
52767  -7.323  -13.338  30.867 0.0000000000
57161  -26.764  -7.470  25.466 0.0000000000
57182  -26.188  -7.599  24.863 0.0000000000
57202  -25.911  -7.752  24.452 0.0000000000
57206  -27.859  -7.549  24.671 0.0000000000
57226  -28.690  -7.643  23.533 0.0000000000
57264  -28.693  -7.868  23.032 0.0000000000
58236  -26.179  -6.126  27.624 0.0000000000
58240  -28.737  -6.024  27.804 0.0000000000
58263  -29.415  -6.400  27.190 0.0000000000
58277  -26.467  -7.188  25.788 0.0000000000
58279  -27.778  -6.984  26.094 0.0000000000
58281  -28.837  -6.817  26.312 0.0000000000
58293  -24.995  -6.823  25.036 0.0000000000
58296  -26.182  -7.337  25.411 0.0000000000
58313  -25.989  -7.636  24.653 0.0000000000
58334  -27.987  -7.778  24.200 0.0000000000
58347  -25.463  -7.680  23.434 0.0000000000
58349  -28.887  -7.515  23.447 0.0000000000
58382  -25.134  -8.003  21.257 0.0000000000
59324  -28.310  -4.604  30.681 0.0000000000
59345  -29.707  -4.403  30.116 0.0000000000
59365  -27.827  -5.476  29.058 0.0000000000
59381  -13.957  -5.969  29.311 0.0000000000
59386  -28.393  -5.744  28.455 0.0000000000
59421  -30.140  -5.737  26.926 0.0000000000
59444  -29.161  -6.823  24.643 0.0000000000
59462  -29.424  -6.680  24.569 0.0000000000
59471  -25.033  -7.400  23.302 0.0000000000
59473  -25.393  -7.910  22.635 0.0000000000
59474  -29.036  -7.342  23.481 0.0000000000
60509  -14.056  -5.553  29.701 0.0000000000
60543  -14.266  -5.962  28.905 0.0000000000
60568  -30.381  -5.164  27.377 0.0000000000
60579  -29.952  -5.798  25.767 0.0000000000
60593  -29.832  -5.997  24.964 0.0000000000
60631  -29.401  -6.348  22.261 0.0000000000
60656  -29.310  -6.591  21.728 0.0000000000
61668  -14.286  -5.301  29.334 0.0000000000
61670  -24.343  -4.352  29.209 0.0000000000
61711  -23.907  -5.065  25.746 0.0000000000
61725  -30.403  -4.699  26.902 0.0000000000
61755  -29.740  -5.927  23.235 0.0000000000
61756  -29.695  -5.790  23.631 0.0000000000
61801  -29.203  -5.883  22.463 0.0000000000
62878  -14.310  -4.133  29.467 0.0000000000
62893  -14.413  -4.083  28.971 0.0000000000
62964  -20.879  -3.109  23.254 0.0000000000
62985  -29.479  -5.395  23.656 0.0000000000
64043  -14.559  -3.872  28.737 0.0000000000
64061  -15.458  -2.888  27.081 0.0000000000
64071  -15.289  -3.928  26.879 0.0000000000
64084  -17.528  -2.620  24.663 0.0000000000
64099  -29.554  -4.217  25.495 0.0000000000
64117  -18.489  -2.885  23.435 0.0000000000
64120  -28.457  -4.074  24.175 0.0000000000
65194  -21.157  -1.458  28.071 0.0000000000
65195  -21.738  -1.789  28.292 0.0000000000
65228  -30.344  -3.159  27.856 0.0000000000
65236  -19.183  -1.748  25.152 0.0000000000
65253  -29.011  -3.522  25.575 0.0000000000
66352  -15.509  -1.225  29.096 0.0000000000
66383  -27.997  -0.712  26.800 0.0000000000
66393  -27.094  -0.696  25.503 0.0000000000
66425  -26.289  -1.734  23.743 0.0000000000
66517  -36.866  0.253  14.807 0.0000000000
66542  -37.497  -0.089  14.064 0.0000000000
66555  -36.445  -0.389  13.445 0.0000000000
66591  -35.143  -0.616  12.319 0.0000000000
67486  -27.837  0.198  26.322 0.0000000000
67501  -27.736  -0.264  26.409 0.0000000000
67513  -27.171  -0.036  25.398 0.0000000000
67564  -25.060  -1.293  20.361 0.0000000000
67639  -36.127  -0.158  14.107 0.0000000000
67657  -37.683  0.136  13.523 0.0000000000
68550  -27.888  0.488  26.276 0.0000000000
68573  -27.194  0.222  24.812 0.0000000000
68692  -35.111  1.034  14.494 0.0000000000
68693  -35.542  0.691  14.685 0.0000000000
68748  -37.764  1.025  12.949 0.0000000000
68772  -37.605  1.348  12.696 0.0000000000
69784  -36.129  1.399  11.307 0.0000000000
69800  -33.587  1.409  10.096 0.0000000000
71774  -31.657  4.528  20.285 0.0000000000
71806  -32.081  3.969  16.785 0.0000000000
71807  -32.318  3.860  16.629 0.0000000000
71816  -32.213  3.699  16.421 0.0000000000
71869  -38.985  4.450  11.049 0.0000000000
75073  -38.653  6.552  6.153 0.0000000000
75089  -38.308  6.491  5.771 0.0000000000
75105  -44.032  8.211  5.848 0.0000000000
78421  -45.131  9.903  3.817 0.0000000000
79352  -46.349  10.516  6.188 0.0000000000
79359  -45.975  10.504  5.513 0.0000000000
79372  -45.711  10.940  4.091 0.0000000000
79407  -44.728  10.936  -2.700 0.0000000000
79409  -44.343  10.100  -2.954 0.0000000000
81336  -46.576  13.689  1.436 0.0000000000
82236  -45.725  13.343  -0.686 0.0000000000
