#!ascii label  , from subject 201818 vox2ras=TkReg
1741
60583  -39.776  -6.999  26.160 0.0000000000
51652  -31.273  -13.462  32.704 0.0000000000
60798  -40.405  -6.558  10.813 0.0000000000
48606  -39.399  -17.131  16.358 0.0000000000
60702  -39.290  -6.571  19.477 0.0000000000
57146  -38.252  -9.186  28.861 0.0000000000
45269  -38.234  -21.287  26.329 0.0000000000
45391  -37.257  -20.559  18.017 0.0000000000
52716  -23.231  -13.162  34.581 0.0000000000
66577  -51.166  -0.897  12.867 0.0000000000
46335  -29.623  -19.462  27.442 0.0000000000
52902  -36.933  -13.478  22.340 0.0000000000
55159  -34.087  -11.709  19.622 0.0000000000
62988  -38.498  -4.449  23.065 0.0000000000
56101  -41.316  -9.143  27.155 0.0000000000
47437  -43.043  -18.242  24.812 0.0000000000
47454  -40.271  -18.854  22.361 0.0000000000
47567  -38.837  -18.904  15.372 0.0000000000
69842  -53.362  1.294  8.790 0.0000000000
50500  -26.467  -15.366  34.978 0.0000000000
48396  -25.256  -17.325  30.210 0.0000000000
51742  -27.149  -14.815  28.402 0.0000000000
58497  -40.270  -8.078  15.830 0.0000000000
53857  -35.378  -12.245  30.309 0.0000000000
52873  -31.946  -13.532  24.918 0.0000000000
51808  -36.741  -14.546  24.473 0.0000000000
43378  -39.059  -22.089  22.418 0.0000000000
55971  -19.395  -10.051  34.803 0.0000000000
58391  -45.181  -7.837  21.442 0.0000000000
60737  -45.404  -6.596  16.125 0.0000000000
64250  -49.855  -3.847  16.950 0.0000000000
64298  -45.960  -3.688  11.888 0.0000000000
66665  -46.562  -0.585  7.711 0.0000000000
52832  -20.916  -13.405  28.506 0.0000000000
48429  -33.267  -18.521  28.253 0.0000000000
56167  -38.261  -10.588  23.498 0.0000000000
58372  -36.987  -8.615  22.924 0.0000000000
61739  -38.569  -5.724  24.909 0.0000000000
58323  -40.958  -8.790  25.751 0.0000000000
52898  -40.126  -14.049  24.561 0.0000000000
53995  -39.121  -12.503  23.759 0.0000000000
50686  -38.337  -15.384  22.910 0.0000000000
58582  -39.836  -7.936  8.899 0.0000000000
62038  -40.907  -5.605  8.923 0.0000000000
51630  -28.090  -14.253  34.030 0.0000000000
51670  -26.805  -14.736  32.078 0.0000000000
51718  -29.424  -13.656  30.552 0.0000000000
50735  -39.056  -15.683  16.550 0.0000000000
59554  -36.256  -7.123  19.464 0.0000000000
57325  -33.565  -10.027  17.673 0.0000000000
58444  -37.156  -7.931  17.947 0.0000000000
58494  -37.339  -8.153  15.223 0.0000000000
58446  -39.196  -8.171  18.026 0.0000000000
54998  -36.430  -10.787  29.378 0.0000000000
55033  -34.956  -11.533  26.225 0.0000000000
56138  -37.199  -11.038  25.485 0.0000000000
44353  -41.549  -21.529  20.146 0.0000000000
44317  -42.060  -21.338  22.673 0.0000000000
44335  -38.861  -21.847  20.985 0.0000000000
48649  -39.579  -18.157  14.436 0.0000000000
58472  -44.986  -7.947  18.698 0.0000000000
63122  -48.601  -3.945  14.723 0.0000000000
65418  -49.008  -2.220  12.443 0.0000000000
65465  -46.330  -2.121  10.082 0.0000000000
66618  -49.220  -1.114  10.277 0.0000000000
68871  -50.254  1.147  5.277 0.0000000000
54898  -22.001  -10.644  35.104 0.0000000000
53838  -20.918  -11.791  31.175 0.0000000000
52773  -22.506  -13.526  31.631 0.0000000000
47369  -27.374  -19.044  28.149 0.0000000000
48459  -25.311  -17.795  26.693 0.0000000000
45262  -27.269  -19.566  25.502 0.0000000000
47440  -34.726  -18.005  23.721 0.0000000000
48510  -31.509  -17.047  23.930 0.0000000000
46354  -35.631  -19.845  26.984 0.0000000000
48542  -36.365  -17.152  20.274 0.0000000000
49604  -35.228  -16.059  19.320 0.0000000000
54028  -35.733  -12.567  21.437 0.0000000000
58390  -35.932  -8.456  21.382 0.0000000000
61805  -38.883  -4.891  21.248 0.0000000000
57167  -39.681  -8.958  27.601 0.0000000000
53936  -38.974  -11.932  25.660 0.0000000000
51792  -40.498  -14.716  25.224 0.0000000000
47456  -42.857  -18.865  22.824 0.0000000000
45395  -41.761  -20.762  18.267 0.0000000000
46511  -37.939  -19.840  16.636 0.0000000000
46482  -41.238  -19.889  18.007 0.0000000000
47488  -38.340  -19.037  19.734 0.0000000000
67746  -52.254  0.210  10.477 0.0000000000
70816  -54.364  2.133  10.892 0.0000000000
50513  -24.753  -15.729  34.631 0.0000000000
50564  -23.655  -15.452  31.580 0.0000000000
48372  -25.308  -16.997  32.824 0.0000000000
48398  -26.948  -17.848  30.720 0.0000000000
48408  -29.041  -18.188  29.347 0.0000000000
51853  -34.863  -14.314  17.135 0.0000000000
58520  -38.062  -8.363  13.450 0.0000000000
59640  -40.137  -7.230  12.947 0.0000000000
52759  -33.569  -13.157  31.724 0.0000000000
52818  -31.621  -13.501  29.197 0.0000000000
53892  -33.762  -12.482  27.588 0.0000000000
52876  -34.344  -13.260  23.893 0.0000000000
47431  -37.389  -18.634  24.062 0.0000000000
48482  -40.084  -16.865  25.275 0.0000000000
46379  -39.838  -19.281  24.169 0.0000000000
42395  -40.337  -23.330  25.119 0.0000000000
64081  -39.859  -3.117  27.089 0.0000000000
52722  -32.427  -12.837  33.592 0.0000000000
53843  -37.136  -11.381  31.954 0.0000000000
56049  -38.396  -9.916  30.969 0.0000000000
65242  -39.795  -1.908  25.178 0.0000000000
65280  -41.466  -2.645  23.584 0.0000000000
61782  -42.492  -5.099  21.909 0.0000000000
61762  -44.887  -5.372  23.223 0.0000000000
59542  -42.539  -7.397  20.427 0.0000000000
58450  -42.744  -8.265  18.824 0.0000000000
59611  -43.159  -7.412  15.839 0.0000000000
60759  -43.423  -6.347  13.865 0.0000000000
60733  -48.484  -5.776  16.900 0.0000000000
61938  -45.563  -5.549  14.354 0.0000000000
61995  -43.626  -5.199  11.742 0.0000000000
64342  -42.919  -3.659  9.195 0.0000000000
68828  -49.662  0.359  8.245 0.0000000000
53823  -18.051  -12.378  32.295 0.0000000000
51780  -19.680  -14.772  25.436 0.0000000000
50596  -23.526  -15.478  28.571 0.0000000000
49541  -22.970  -16.188  25.315 0.0000000000
51758  -29.916  -13.835  27.224 0.0000000000
48477  -28.717  -17.010  26.114 0.0000000000
47371  -31.713  -18.924  28.872 0.0000000000
45241  -34.636  -20.743  28.673 0.0000000000
58340  -39.025  -8.817  24.680 0.0000000000
58354  -38.226  -8.601  24.041 0.0000000000
60597  -38.736  -6.810  25.012 0.0000000000
59450  -40.241  -7.590  26.252 0.0000000000
56155  -39.980  -10.487  24.525 0.0000000000
57231  -39.656  -9.508  24.622 0.0000000000
55109  -38.959  -11.455  23.581 0.0000000000
60797  -39.689  -7.064  11.029 0.0000000000
60808  -39.817  -6.952  10.147 0.0000000000
59665  -40.175  -6.805  8.836 0.0000000000
60810  -41.107  -5.921  9.803 0.0000000000
50534  -30.088  -13.891  32.986 0.0000000000
51672  -28.908  -14.070  32.268 0.0000000000
51697  -30.733  -13.738  31.470 0.0000000000
49711  -40.550  -16.946  13.936 0.0000000000
49650  -39.164  -16.415  16.457 0.0000000000
60700  -37.371  -6.668  19.490 0.0000000000
59571  -36.602  -7.523  18.689 0.0000000000
59572  -37.587  -7.540  18.509 0.0000000000
58445  -38.213  -8.004  17.938 0.0000000000
59573  -38.599  -7.675  18.540 0.0000000000
56082  -37.181  -9.790  28.639 0.0000000000
56096  -36.247  -10.372  27.198 0.0000000000
56119  -37.588  -9.992  26.441 0.0000000000
44365  -39.304  -21.563  18.949 0.0000000000
44351  -39.488  -21.968  19.948 0.0000000000
45365  -37.408  -20.919  19.661 0.0000000000
45364  -36.742  -20.567  20.045 0.0000000000
48627  -40.204  -17.806  15.387 0.0000000000
48663  -38.795  -17.380  14.039 0.0000000000
49710  -39.570  -17.060  13.646 0.0000000000
65407  -49.892  -1.951  13.971 0.0000000000
66576  -50.439  -1.292  12.501 0.0000000000
66596  -48.724  -1.657  10.926 0.0000000000
66598  -50.318  -1.153  11.603 0.0000000000
53795  -23.141  -12.314  35.050 0.0000000000
53809  -22.283  -11.984  33.541 0.0000000000
52755  -22.718  -13.425  32.696 0.0000000000
46334  -28.599  -19.273  27.518 0.0000000000
47399  -27.193  -18.973  26.709 0.0000000000
46364  -28.462  -19.754  25.880 0.0000000000
44261  -28.241  -20.855  25.241 0.0000000000
45264  -29.510  -20.371  25.831 0.0000000000
46367  -36.571  -20.048  25.441 0.0000000000
47415  -35.003  -19.206  25.216 0.0000000000
46355  -36.499  -20.300  26.609 0.0000000000
50684  -36.342  -15.008  21.833 0.0000000000
51835  -35.368  -14.360  20.961 0.0000000000
52909  -36.182  -13.485  21.827 0.0000000000
60616  -37.382  -6.676  23.106 0.0000000000
58371  -36.418  -8.592  22.228 0.0000000000
60636  -37.334  -5.972  22.076 0.0000000000
60661  -37.110  -6.066  21.126 0.0000000000
63007  -38.877  -4.434  22.181 0.0000000000
56100  -40.891  -9.361  26.988 0.0000000000
56121  -39.834  -10.337  26.164 0.0000000000
56122  -40.639  -10.156  26.156 0.0000000000
49582  -40.456  -16.469  23.769 0.0000000000
49583  -41.535  -16.459  24.310 0.0000000000
47455  -41.607  -18.712  22.864 0.0000000000
45367  -42.496  -20.255  19.876 0.0000000000
46445  -41.727  -20.083  20.033 0.0000000000
46499  -41.531  -20.277  17.729 0.0000000000
47473  -40.257  -19.379  21.761 0.0000000000
51831  -37.459  -14.439  22.635 0.0000000000
48533  -37.769  -17.434  21.784 0.0000000000
49595  -37.065  -16.499  21.707 0.0000000000
47487  -37.604  -18.442  19.962 0.0000000000
49427  -25.325  -15.912  34.842 0.0000000000
49450  -24.909  -16.406  33.334 0.0000000000
49439  -25.615  -15.988  34.075 0.0000000000
51693  -26.717  -14.838  31.020 0.0000000000
50565  -26.187  -16.274  31.390 0.0000000000
50589  -26.519  -16.026  29.516 0.0000000000
48407  -27.663  -17.918  29.697 0.0000000000
48444  -27.422  -16.897  28.338 0.0000000000
52912  -34.261  -13.510  20.055 0.0000000000
50701  -34.661  -15.105  18.132 0.0000000000
52916  -33.549  -13.287  18.675 0.0000000000
57337  -34.182  -9.464  16.168 0.0000000000
55173  -34.048  -11.623  16.201 0.0000000000
54087  -35.453  -11.862  15.512 0.0000000000
58495  -38.578  -8.062  15.592 0.0000000000
58509  -38.248  -8.181  14.473 0.0000000000
58510  -39.251  -8.060  14.779 0.0000000000
59629  -39.669  -7.619  13.347 0.0000000000
59620  -40.585  -7.920  14.670 0.0000000000
52800  -34.741  -12.642  30.781 0.0000000000
52820  -33.665  -12.866  29.402 0.0000000000
53874  -34.541  -12.368  28.993 0.0000000000
53953  -35.497  -12.273  24.709 0.0000000000
53952  -34.737  -12.212  24.937 0.0000000000
52877  -35.314  -13.729  23.874 0.0000000000
49579  -35.660  -16.298  23.403 0.0000000000
49564  -37.093  -16.779  24.003 0.0000000000
49550  -41.513  -16.316  25.545 0.0000000000
51790  -39.271  -14.578  25.696 0.0000000000
47418  -41.881  -17.712  25.294 0.0000000000
43381  -41.314  -22.039  22.756 0.0000000000
44297  -42.064  -20.934  23.445 0.0000000000
43344  -41.393  -21.704  23.866 0.0000000000
44277  -40.479  -21.740  24.679 0.0000000000
46528  -37.987  -19.150  15.896 0.0000000000
54981  -37.995  -10.543  31.358 0.0000000000
58226  -40.909  -8.146  29.578 0.0000000000
65232  -39.721  -2.194  26.325 0.0000000000
66418  -42.432  -1.736  24.347 0.0000000000
65261  -42.849  -2.664  23.860 0.0000000000
64146  -42.132  -3.938  22.726 0.0000000000
64130  -43.191  -3.799  23.420 0.0000000000
60639  -44.838  -6.751  22.278 0.0000000000
60664  -43.677  -6.639  21.665 0.0000000000
59543  -43.639  -7.684  20.814 0.0000000000
58428  -42.129  -8.118  19.304 0.0000000000
58429  -43.089  -8.141  19.816 0.0000000000
59601  -45.285  -7.200  17.008 0.0000000000
59600  -44.046  -7.708  17.234 0.0000000000
59612  -44.251  -7.271  16.261 0.0000000000
60745  -42.648  -7.054  14.775 0.0000000000
60747  -44.436  -6.355  14.891 0.0000000000
61901  -49.405  -4.931  16.925 0.0000000000
63152  -47.059  -3.706  12.908 0.0000000000
63120  -47.140  -4.441  14.098 0.0000000000
63135  -45.958  -4.468  12.988 0.0000000000
61978  -44.576  -5.112  12.577 0.0000000000
63165  -44.580  -4.377  11.474 0.0000000000
63181  -43.686  -4.338  10.589 0.0000000000
63182  -44.586  -3.849  10.846 0.0000000000
66632  -46.449  -1.630  9.436 0.0000000000
66648  -44.323  -1.914  8.520 0.0000000000
66663  -44.430  -1.434  7.732 0.0000000000
68813  -53.293  0.882  9.738 0.0000000000
68811  -51.323  0.474  9.433 0.0000000000
69840  -51.337  1.128  8.406 0.0000000000
52791  -20.880  -12.690  29.762 0.0000000000
53852  -19.532  -12.322  30.076 0.0000000000
52831  -20.020  -13.271  28.518 0.0000000000
51751  -19.405  -13.910  26.988 0.0000000000
51764  -20.915  -14.251  26.427 0.0000000000
49484  -24.717  -16.696  30.648 0.0000000000
50578  -23.496  -15.324  30.570 0.0000000000
49498  -24.681  -16.650  28.676 0.0000000000
49543  -24.074  -16.707  26.121 0.0000000000
45275  -24.130  -20.614  24.828 0.0000000000
52848  -32.263  -13.251  27.287 0.0000000000
52834  -31.110  -13.429  28.291 0.0000000000
51770  -30.880  -13.788  26.317 0.0000000000
48465  -32.648  -18.013  26.722 0.0000000000
48495  -29.894  -17.142  25.010 0.0000000000
48464  -31.484  -17.885  26.757 0.0000000000
48426  -30.730  -18.305  28.761 0.0000000000
47372  -32.761  -18.908  28.828 0.0000000000
45254  -33.333  -20.666  27.698 0.0000000000
55122  -37.492  -11.767  22.605 0.0000000000
56183  -37.243  -10.760  22.594 0.0000000000
57248  -37.842  -9.362  23.502 0.0000000000
59480  -37.822  -7.203  23.949 0.0000000000
62969  -38.313  -4.683  24.000 0.0000000000
57191  -41.401  -9.014  26.316 0.0000000000
53977  -39.989  -11.942  24.914 0.0000000000
55094  -40.252  -10.962  24.975 0.0000000000
52897  -39.727  -13.407  24.216 0.0000000000
50676  -39.374  -15.484  23.454 0.0000000000
48524  -39.453  -17.406  22.832 0.0000000000
51821  -38.937  -14.315  23.445 0.0000000000
52904  -38.472  -13.424  23.166 0.0000000000
63227  -40.779  -4.986  7.640 0.0000000000
50515  -27.309  -14.825  34.095 0.0000000000
50531  -26.282  -15.391  33.455 0.0000000000
51649  -27.902  -14.364  33.230 0.0000000000
51695  -28.564  -13.778  31.367 0.0000000000
51717  -28.234  -13.801  30.165 0.0000000000
57316  -34.742  -9.165  19.616 0.0000000000
55163  -33.849  -10.986  18.865 0.0000000000
58425  -34.785  -8.785  18.802 0.0000000000
58461  -34.601  -8.974  16.897 0.0000000000
58476  -35.299  -8.847  15.883 0.0000000000
58492  -35.541  -9.089  14.779 0.0000000000
58477  -36.471  -8.397  16.079 0.0000000000
58479  -38.666  -8.128  16.416 0.0000000000
58480  -39.485  -8.075  16.422 0.0000000000
53876  -35.926  -11.665  29.892 0.0000000000
53894  -35.211  -11.773  28.518 0.0000000000
55016  -35.798  -10.912  28.346 0.0000000000
55055  -35.755  -11.153  25.827 0.0000000000
53975  -37.147  -13.203  24.778 0.0000000000
44319  -43.506  -20.766  21.556 0.0000000000
45310  -43.111  -20.270  23.312 0.0000000000
44338  -41.851  -21.569  21.553 0.0000000000
43392  -40.341  -22.126  21.589 0.0000000000
44316  -39.224  -22.013  21.796 0.0000000000
44314  -37.398  -21.251  22.320 0.0000000000
45347  -36.560  -20.596  20.969 0.0000000000
47584  -38.866  -18.423  14.812 0.0000000000
48647  -37.757  -17.710  14.496 0.0000000000
58392  -45.782  -7.939  21.369 0.0000000000
58431  -45.316  -8.149  19.967 0.0000000000
58432  -46.315  -8.072  20.012 0.0000000000
59577  -46.257  -7.685  18.815 0.0000000000
59590  -46.524  -7.282  17.943 0.0000000000
65389  -50.228  -2.583  15.951 0.0000000000
63105  -49.446  -3.889  15.634 0.0000000000
64275  -49.226  -3.355  14.754 0.0000000000
64287  -48.273  -3.304  13.544 0.0000000000
64313  -46.880  -3.117  12.062 0.0000000000
64327  -45.953  -3.097  11.074 0.0000000000
65448  -47.250  -2.225  10.724 0.0000000000
66616  -47.608  -1.726  10.244 0.0000000000
66651  -47.772  -0.854  8.696 0.0000000000
69860  -53.692  1.488  7.648 0.0000000000
69858  -51.621  1.470  7.645 0.0000000000
69879  -53.079  1.544  6.676 0.0000000000
55951  -20.856  -9.836  35.388 0.0000000000
54914  -20.013  -10.691  33.437 0.0000000000
54933  -21.600  -11.424  33.015 0.0000000000
53839  -21.649  -12.310  31.596 0.0000000000
52814  -21.864  -13.455  29.984 0.0000000000
47344  -26.322  -18.427  29.237 0.0000000000
48421  -25.164  -17.275  28.206 0.0000000000
47383  -26.084  -18.268  27.603 0.0000000000
47412  -26.032  -18.653  25.891 0.0000000000
46362  -25.572  -19.163  25.040 0.0000000000
44259  -26.135  -21.026  24.843 0.0000000000
44260  -27.258  -20.890  24.960 0.0000000000
50681  -32.618  -15.135  22.774 0.0000000000
50668  -30.888  -15.201  23.303 0.0000000000
48498  -33.147  -17.834  24.321 0.0000000000
47427  -33.513  -18.423  25.205 0.0000000000
47387  -34.310  -18.720  27.994 0.0000000000
48571  -37.681  -17.755  18.097 0.0000000000
49617  -37.155  -17.075  17.981 0.0000000000
49605  -35.876  -16.799  19.362 0.0000000000
51840  -34.777  -14.322  20.357 0.0000000000
55147  -34.684  -11.889  20.404 0.0000000000
56197  -36.479  -10.409  22.028 0.0000000000
57285  -36.049  -9.663  21.667 0.0000000000
58389  -35.587  -8.722  21.010 0.0000000000
59539  -35.971  -7.373  20.493 0.0000000000
60683  -37.510  -6.095  20.181 0.0000000000
60684  -38.576  -6.014  19.875 0.0000000000
57166  -38.626  -9.082  27.685 0.0000000000
57190  -38.460  -9.589  26.774 0.0000000000
56098  -39.325  -9.522  26.724 0.0000000000
53957  -39.504  -12.364  25.474 0.0000000000
49551  -42.184  -16.559  25.260 0.0000000000
51810  -40.551  -14.838  24.798 0.0000000000
49569  -42.230  -16.674  24.703 0.0000000000
47458  -43.990  -19.039  23.183 0.0000000000
46447  -43.540  -20.261  20.953 0.0000000000
44368  -41.935  -21.133  19.159 0.0000000000
45393  -38.808  -20.972  17.965 0.0000000000
45404  -37.412  -20.348  17.391 0.0000000000
45406  -39.093  -20.683  17.491 0.0000000000
45423  -39.817  -20.147  16.744 0.0000000000
46531  -40.372  -19.819  16.046 0.0000000000
47453  -39.010  -18.369  22.061 0.0000000000
46443  -39.362  -19.548  19.416 0.0000000000
46497  -40.573  -19.159  16.984 0.0000000000
47518  -39.863  -18.901  17.386 0.0000000000
47516  -38.370  -18.386  18.199 0.0000000000
67728  -51.753  -0.282  11.123 0.0000000000
67711  -53.116  0.416  11.506 0.0000000000
68796  -53.872  0.967  10.564 0.0000000000
69825  -54.168  1.249  9.652 0.0000000000
69826  -54.690  1.716  8.920 0.0000000000
69862  -55.039  1.677  7.648 0.0000000000
51628  -23.752  -14.432  34.786 0.0000000000
51668  -23.317  -14.533  32.893 0.0000000000
50529  -23.933  -15.287  33.473 0.0000000000
49465  -24.784  -16.636  32.491 0.0000000000
48390  -25.332  -17.288  31.129 0.0000000000
48374  -25.985  -16.735  32.811 0.0000000000
48392  -26.294  -17.703  31.682 0.0000000000
47317  -26.225  -18.210  30.998 0.0000000000
47345  -27.022  -18.731  29.630 0.0000000000
46298  -28.453  -19.119  29.314 0.0000000000
46317  -29.059  -19.280  28.509 0.0000000000
49631  -37.028  -16.398  17.541 0.0000000000
50714  -37.732  -15.554  17.033 0.0000000000
54057  -33.333  -12.483  17.374 0.0000000000
59649  -39.672  -7.311  12.259 0.0000000000
60785  -40.149  -6.914  11.957 0.0000000000
51675  -32.266  -13.349  32.021 0.0000000000
52757  -31.484  -13.530  31.476 0.0000000000
52798  -32.959  -13.199  30.312 0.0000000000
52836  -33.030  -12.940  28.214 0.0000000000
52854  -32.445  -13.241  26.357 0.0000000000
53914  -34.501  -11.928  27.014 0.0000000000
53934  -33.636  -12.571  25.763 0.0000000000
52892  -32.709  -13.669  23.763 0.0000000000
50671  -34.105  -15.463  23.040 0.0000000000
47441  -35.663  -18.006  23.689 0.0000000000
46368  -37.431  -20.242  25.082 0.0000000000
55078  -38.362  -11.158  25.648 0.0000000000
51789  -38.370  -14.815  25.475 0.0000000000
49546  -38.724  -16.202  25.081 0.0000000000
46381  -41.822  -19.273  24.342 0.0000000000
47434  -40.470  -17.999  24.775 0.0000000000
48502  -38.766  -17.386  24.482 0.0000000000
46378  -38.950  -19.203  24.117 0.0000000000
45283  -39.399  -21.216  24.950 0.0000000000
46494  -36.193  -19.351  16.749 0.0000000000
60572  -40.238  -6.655  26.649 0.0000000000
61716  -39.764  -5.487  26.857 0.0000000000
57003  -21.456  -9.452  36.315 0.0000000000
52697  -23.643  -13.552  35.830 0.0000000000
51611  -24.222  -14.592  35.817 0.0000000000
50487  -25.024  -14.658  36.388 0.0000000000
51614  -27.936  -14.107  34.576 0.0000000000
51631  -29.318  -13.711  33.616 0.0000000000
50503  -30.450  -13.446  33.540 0.0000000000
52739  -31.697  -13.166  33.014 0.0000000000
51676  -33.288  -13.230  32.264 0.0000000000
52760  -34.123  -12.999  31.967 0.0000000000
52779  -35.394  -12.364  32.053 0.0000000000
53826  -36.080  -12.085  32.266 0.0000000000
53858  -36.122  -11.861  30.736 0.0000000000
54979  -36.973  -11.271  30.897 0.0000000000
56066  -37.862  -10.097  30.377 0.0000000000
57130  -38.594  -9.240  29.987 0.0000000000
57147  -39.128  -8.772  28.663 0.0000000000
57148  -40.064  -8.668  28.458 0.0000000000
57149  -40.720  -8.662  28.405 0.0000000000
60573  -40.950  -6.828  27.068 0.0000000000
62939  -38.987  -4.409  25.911 0.0000000000
64091  -39.067  -3.411  25.328 0.0000000000
64102  -39.109  -3.145  24.353 0.0000000000
66401  -41.017  -1.004  25.119 0.0000000000
65259  -40.416  -2.227  24.148 0.0000000000
64143  -39.657  -3.373  23.249 0.0000000000
62990  -40.650  -3.967  22.232 0.0000000000
63009  -40.961  -4.602  21.577 0.0000000000
61832  -40.914  -5.750  20.520 0.0000000000
62993  -43.640  -4.905  22.719 0.0000000000
61808  -42.183  -5.721  21.211 0.0000000000
59540  -40.701  -6.992  19.784 0.0000000000
59575  -40.457  -7.928  18.711 0.0000000000
58448  -40.987  -8.118  18.257 0.0000000000
58482  -41.288  -8.083  16.839 0.0000000000
58470  -43.315  -8.065  18.220 0.0000000000
58483  -42.157  -8.046  16.898 0.0000000000
59609  -41.439  -7.937  15.653 0.0000000000
59631  -41.405  -7.198  14.116 0.0000000000
60757  -41.610  -7.000  13.730 0.0000000000
60773  -42.437  -6.242  12.721 0.0000000000
60725  -47.720  -6.606  17.664 0.0000000000
60738  -46.511  -6.036  15.936 0.0000000000
61918  -48.378  -4.918  15.635 0.0000000000
61916  -46.821  -5.521  15.417 0.0000000000
60748  -45.510  -6.041  15.106 0.0000000000
60760  -44.262  -6.060  13.996 0.0000000000
61976  -43.105  -5.899  12.610 0.0000000000
60787  -42.086  -5.922  11.424 0.0000000000
62027  -41.630  -5.456  9.741 0.0000000000
63220  -41.674  -4.714  8.922 0.0000000000
64362  -41.859  -3.877  8.266 0.0000000000
64344  -44.446  -3.065  9.902 0.0000000000
65480  -43.314  -2.753  8.573 0.0000000000
65495  -41.690  -3.071  6.956 0.0000000000
67727  -50.835  -0.457  10.422 0.0000000000
67743  -49.696  -0.238  9.260 0.0000000000
67777  -47.781  -0.203  7.497 0.0000000000
69876  -50.011  1.104  7.108 0.0000000000
68860  -48.339  0.427  6.873 0.0000000000
67782  -46.045  -0.227  6.195 0.0000000000
54948  -19.245  -11.636  31.750 0.0000000000
51713  -23.290  -14.813  31.196 0.0000000000
50577  -23.018  -14.805  29.842 0.0000000000
51741  -22.257  -14.284  28.383 0.0000000000
49512  -24.656  -16.627  27.679 0.0000000000
50619  -23.476  -15.687  26.816 0.0000000000
51765  -21.807  -14.531  26.601 0.0000000000
50635  -21.215  -15.320  25.101 0.0000000000
52796  -31.090  -13.544  29.994 0.0000000000
52816  -29.786  -13.656  28.921 0.0000000000
51744  -28.624  -13.956  28.022 0.0000000000
50657  -29.433  -15.091  24.582 0.0000000000
50639  -28.517  -15.248  25.484 0.0000000000
50620  -27.500  -15.701  27.100 0.0000000000
48446  -28.995  -17.559  27.923 0.0000000000
47349  -30.102  -18.869  29.171 0.0000000000
46318  -30.103  -19.258  28.556 0.0000000000
46304  -36.309  -20.035  28.887 0.0000000000
47351  -35.122  -19.470  28.969 0.0000000000
46321  -33.784  -19.618  28.855 0.0000000000
46320  -32.694  -19.593  28.315 0.0000000000
46337  -31.998  -19.942  27.646 0.0000000000
45251  -31.064  -20.290  26.605 0.0000000000
59467  -39.211  -7.557  25.328 0.0000000000
60582  -39.205  -6.656  25.613 0.0000000000
59449  -39.820  -7.812  25.798 0.0000000000
58321  -40.125  -8.341  25.635 0.0000000000
58341  -39.793  -8.615  25.265 0.0000000000
57230  -38.958  -9.389  24.357 0.0000000000
60809  -40.467  -6.322  9.559 0.0000000000
60799  -41.337  -5.987  10.531 0.0000000000
51651  -30.420  -13.819  32.659 0.0000000000
51673  -30.043  -13.906  32.158 0.0000000000
51674  -31.160  -13.618  32.046 0.0000000000
48626  -40.156  -17.116  15.471 0.0000000000
49692  -40.777  -16.857  14.689 0.0000000000
60701  -38.282  -6.522  19.427 0.0000000000
59556  -37.978  -7.059  18.959 0.0000000000
59557  -39.026  -7.150  19.045 0.0000000000
57165  -37.759  -9.356  28.193 0.0000000000
56097  -37.116  -9.679  27.673 0.0000000000
57189  -37.873  -9.386  27.310 0.0000000000
44364  -38.548  -21.312  18.632 0.0000000000
45381  -37.724  -21.061  18.848 0.0000000000
48607  -39.852  -17.603  15.937 0.0000000000
48665  -40.040  -17.736  14.270 0.0000000000
49725  -40.051  -16.601  13.495 0.0000000000
66563  -51.168  -0.960  13.848 0.0000000000
66562  -50.487  -1.385  13.470 0.0000000000
66599  -51.095  -0.825  11.907 0.0000000000
53810  -22.846  -12.541  34.067 0.0000000000
52737  -22.999  -13.289  33.727 0.0000000000
46351  -28.993  -19.736  26.306 0.0000000000
45263  -29.142  -20.036  25.877 0.0000000000
46352  -29.997  -19.945  26.625 0.0000000000
46356  -37.168  -20.483  25.967 0.0000000000
45268  -37.484  -20.935  26.896 0.0000000000
51830  -36.636  -14.406  22.103 0.0000000000
60637  -37.558  -5.931  22.800 0.0000000000
59496  -36.909  -7.230  22.635 0.0000000000
61781  -38.003  -5.178  22.503 0.0000000000
48517  -40.282  -17.148  23.278 0.0000000000
48526  -41.348  -18.076  23.247 0.0000000000
48525  -40.716  -17.973  23.091 0.0000000000
46403  -41.271  -19.550  21.959 0.0000000000
46402  -40.598  -19.450  21.843 0.0000000000
46425  -40.652  -19.831  21.128 0.0000000000
49589  -37.373  -16.216  22.063 0.0000000000
50685  -37.044  -15.578  22.136 0.0000000000
50691  -36.648  -15.899  21.729 0.0000000000
49428  -25.960  -15.851  34.744 0.0000000000
49440  -26.043  -15.701  34.100 0.0000000000
51716  -27.145  -14.400  30.193 0.0000000000
51715  -26.595  -15.121  30.188 0.0000000000
50590  -26.688  -15.554  29.319 0.0000000000
49499  -26.789  -16.431  29.334 0.0000000000
50598  -26.847  -15.729  28.705 0.0000000000
54048  -33.901  -12.722  19.651 0.0000000000
52917  -33.791  -13.465  19.377 0.0000000000
55158  -33.754  -12.237  19.260 0.0000000000
57345  -34.425  -10.106  15.460 0.0000000000
56252  -34.193  -10.848  15.735 0.0000000000
58496  -39.499  -8.030  15.591 0.0000000000
58522  -39.752  -7.968  14.372 0.0000000000
58511  -40.210  -8.001  14.961 0.0000000000
52821  -34.613  -12.579  29.919 0.0000000000
52878  -36.336  -13.748  24.337 0.0000000000
53973  -35.876  -12.972  24.429 0.0000000000
50659  -36.467  -15.014  24.200 0.0000000000
50674  -36.487  -15.723  24.042 0.0000000000
50660  -36.961  -15.585  24.386 0.0000000000
48485  -42.132  -17.082  25.461 0.0000000000
49549  -40.733  -16.266  25.651 0.0000000000
47419  -42.516  -17.740  25.251 0.0000000000
43380  -40.711  -22.549  22.789 0.0000000000
43365  -41.405  -21.914  23.505 0.0000000000
43364  -40.809  -22.779  23.781 0.0000000000
48625  -37.300  -18.257  15.126 0.0000000000
64104  -42.964  -3.200  23.650 0.0000000000
59520  -45.505  -7.691  21.869 0.0000000000
59498  -45.226  -7.258  22.163 0.0000000000
59497  -44.867  -7.201  22.044 0.0000000000
59519  -44.511  -7.438  21.596 0.0000000000
59544  -44.220  -7.905  20.971 0.0000000000
58411  -43.277  -7.897  20.405 0.0000000000
58412  -43.887  -8.069  20.478 0.0000000000
59613  -44.818  -7.000  16.267 0.0000000000
60736  -44.322  -6.844  15.720 0.0000000000
63073  -49.631  -4.461  17.273 0.0000000000
63151  -46.302  -3.958  12.599 0.0000000000
63136  -46.715  -4.142  13.352 0.0000000000
63150  -45.431  -4.224  12.191 0.0000000000
63149  -44.831  -4.653  12.152 0.0000000000
63166  -45.233  -3.846  11.437 0.0000000000
66650  -46.648  -1.041  8.555 0.0000000000
66664  -45.608  -0.920  7.588 0.0000000000
66670  -45.541  -0.641  6.622 0.0000000000
68832  -52.619  1.007  9.190 0.0000000000
69841  -52.258  1.264  8.456 0.0000000000
54897  -19.289  -10.518  34.042 0.0000000000
52813  -21.443  -13.285  29.412 0.0000000000
52812  -20.405  -12.847  29.195 0.0000000000
51752  -20.319  -13.773  27.112 0.0000000000
52845  -20.936  -13.551  28.023 0.0000000000
49491  -24.686  -16.684  29.673 0.0000000000
45286  -23.282  -19.929  24.781 0.0000000000
52853  -31.703  -13.550  26.414 0.0000000000
52847  -31.348  -13.593  27.325 0.0000000000
51788  -31.201  -13.762  25.377 0.0000000000
48450  -33.008  -18.324  27.769 0.0000000000
48449  -32.185  -18.131  27.703 0.0000000000
48427  -31.901  -18.430  28.473 0.0000000000
48428  -32.811  -18.466  28.367 0.0000000000
55123  -38.163  -11.516  23.176 0.0000000000
56184  -37.768  -10.705  23.077 0.0000000000
60596  -38.174  -6.319  24.334 0.0000000000
61738  -38.190  -5.405  24.300 0.0000000000
56141  -40.745  -10.184  25.485 0.0000000000
57210  -40.817  -9.419  25.498 0.0000000000
55110  -39.587  -11.137  24.093 0.0000000000
53996  -39.647  -12.164  24.139 0.0000000000
51822  -39.661  -14.448  23.920 0.0000000000
52896  -39.113  -13.432  23.629 0.0000000000
55108  -38.473  -11.187  23.403 0.0000000000
54015  -38.618  -12.566  23.330 0.0000000000
54014  -37.964  -12.542  22.912 0.0000000000
58565  -39.456  -8.374  9.305 0.0000000000
60819  -40.415  -6.317  8.475 0.0000000000
63224  -41.038  -5.084  8.338 0.0000000000
50533  -27.458  -14.685  33.712 0.0000000000
51696  -29.708  -13.729  31.466 0.0000000000
49652  -40.323  -16.012  15.813 0.0000000000
59553  -35.663  -7.756  19.856 0.0000000000
58426  -35.067  -8.444  19.271 0.0000000000
58443  -35.954  -8.086  18.173 0.0000000000
58462  -35.643  -8.517  17.049 0.0000000000
58463  -36.781  -8.233  17.136 0.0000000000
58464  -37.884  -8.084  17.177 0.0000000000
58465  -38.874  -8.216  17.249 0.0000000000
58466  -39.808  -8.302  17.345 0.0000000000
53895  -35.728  -11.480  29.142 0.0000000000
56118  -36.728  -10.698  25.963 0.0000000000
56095  -36.050  -10.808  26.376 0.0000000000
55056  -36.331  -10.974  25.706 0.0000000000
55076  -36.672  -11.421  25.253 0.0000000000
44339  -43.036  -21.034  21.175 0.0000000000
44318  -43.017  -20.907  22.058 0.0000000000
44337  -40.828  -21.895  21.044 0.0000000000
44336  -39.872  -22.040  21.097 0.0000000000
44334  -37.936  -21.373  21.198 0.0000000000
45348  -37.354  -20.987  20.517 0.0000000000
47585  -39.590  -18.685  14.884 0.0000000000
47583  -38.336  -18.164  14.720 0.0000000000
48648  -38.826  -17.911  14.421 0.0000000000
58393  -46.660  -7.921  21.307 0.0000000000
58414  -45.998  -8.089  20.708 0.0000000000
59578  -47.500  -7.502  19.275 0.0000000000
58455  -47.269  -7.834  19.731 0.0000000000
59591  -47.674  -7.009  18.339 0.0000000000
66535  -50.665  -1.769  15.378 0.0000000000
66536  -51.037  -0.982  15.548 0.0000000000
64276  -49.699  -3.251  15.173 0.0000000000
65397  -49.924  -2.655  14.852 0.0000000000
65406  -49.041  -2.674  13.758 0.0000000000
65417  -48.118  -2.854  12.687 0.0000000000
64301  -47.842  -3.190  12.984 0.0000000000
65416  -47.544  -2.925  12.344 0.0000000000
65431  -47.162  -2.777  11.771 0.0000000000
65432  -48.229  -2.275  11.528 0.0000000000
65449  -48.021  -1.870  10.725 0.0000000000
66617  -48.274  -1.466  10.173 0.0000000000
66633  -47.460  -1.303  9.534 0.0000000000
66634  -48.520  -0.975  9.390 0.0000000000
69861  -54.482  1.378  7.631 0.0000000000
55973  -21.346  -10.401  34.604 0.0000000000
55992  -21.270  -10.647  34.035 0.0000000000
54916  -21.899  -11.085  34.102 0.0000000000
52754  -22.231  -12.875  31.893 0.0000000000
53824  -22.153  -12.262  32.522 0.0000000000
52772  -21.933  -12.938  31.145 0.0000000000
52792  -21.546  -12.885  30.274 0.0000000000
52793  -22.235  -13.655  30.652 0.0000000000
47368  -26.954  -18.901  28.563 0.0000000000
47367  -26.216  -18.343  28.243 0.0000000000
47384  -26.528  -18.542  27.525 0.0000000000
46349  -26.941  -19.313  25.653 0.0000000000
47398  -26.572  -18.812  26.408 0.0000000000
46363  -26.214  -18.983  25.571 0.0000000000
45277  -26.646  -19.835  25.087 0.0000000000
43313  -29.057  -21.448  25.566 0.0000000000
43312  -28.577  -21.597  25.445 0.0000000000
49577  -33.645  -16.293  22.991 0.0000000000
49576  -32.612  -16.288  22.941 0.0000000000
48499  -33.913  -17.787  23.819 0.0000000000
47402  -34.901  -19.404  26.349 0.0000000000
47414  -34.162  -18.921  25.707 0.0000000000
47401  -34.198  -18.909  26.865 0.0000000000
47388  -35.023  -19.223  27.451 0.0000000000
48556  -36.560  -17.440  19.353 0.0000000000
48570  -36.972  -17.475  18.614 0.0000000000
52908  -35.469  -13.493  21.292 0.0000000000
54041  -35.027  -12.607  20.893 0.0000000000
55148  -35.301  -11.516  20.952 0.0000000000
55135  -36.717  -11.482  22.058 0.0000000000
57267  -36.564  -9.503  22.335 0.0000000000
59495  -36.465  -7.812  22.071 0.0000000000
57284  -35.486  -9.320  21.058 0.0000000000
58409  -35.487  -8.442  20.499 0.0000000000
59516  -36.247  -7.350  21.318 0.0000000000
61804  -37.818  -5.398  20.923 0.0000000000
60660  -36.592  -6.607  20.799 0.0000000000
61829  -38.141  -5.691  20.310 0.0000000000
61830  -38.785  -5.530  20.385 0.0000000000
55079  -39.885  -11.669  25.543 0.0000000000
52863  -39.870  -13.487  25.302 0.0000000000
50644  -40.759  -15.476  25.600 0.0000000000
50645  -41.394  -15.719  25.276 0.0000000000
52881  -39.957  -13.347  24.821 0.0000000000
47444  -42.194  -18.189  23.463 0.0000000000
48519  -42.430  -17.398  24.179 0.0000000000
48520  -43.308  -18.023  24.033 0.0000000000
47457  -43.562  -18.882  22.878 0.0000000000
46428  -43.675  -20.181  21.437 0.0000000000
46427  -43.129  -20.009  21.168 0.0000000000
45383  -42.284  -20.531  19.025 0.0000000000
44379  -41.023  -21.108  18.281 0.0000000000
44378  -40.103  -21.251  18.320 0.0000000000
44389  -40.591  -21.005  17.882 0.0000000000
44388  -40.126  -20.939  17.727 0.0000000000
45424  -40.505  -20.346  16.708 0.0000000000
45439  -40.140  -19.984  16.265 0.0000000000
45440  -40.389  -20.047  16.388 0.0000000000
49591  -38.959  -16.185  23.024 0.0000000000
48523  -38.513  -17.577  22.186 0.0000000000
47471  -38.234  -18.627  21.008 0.0000000000
46423  -38.791  -19.274  20.222 0.0000000000
46481  -40.372  -19.313  17.555 0.0000000000
46464  -39.652  -19.244  18.253 0.0000000000
47536  -40.605  -19.074  16.723 0.0000000000
46480  -39.780  -19.029  17.687 0.0000000000
48543  -36.946  -17.860  20.093 0.0000000000
47502  -37.907  -18.528  18.969 0.0000000000
48557  -37.204  -17.992  19.190 0.0000000000
48572  -38.502  -17.882  17.682 0.0000000000
68780  -53.784  1.234  11.229 0.0000000000
69810  -54.221  1.473  10.674 0.0000000000
68814  -53.717  0.906  10.133 0.0000000000
70831  -54.450  1.900  10.256 0.0000000000
70832  -54.733  2.267  9.610 0.0000000000
70844  -55.116  2.254  8.561 0.0000000000
69844  -54.820  1.605  8.266 0.0000000000
50512  -24.139  -15.213  34.559 0.0000000000
50530  -24.519  -15.831  33.872 0.0000000000
48384  -25.291  -17.213  31.911 0.0000000000
50550  -26.660  -15.043  32.916 0.0000000000
50549  -26.161  -15.635  32.449 0.0000000000
49478  -26.386  -17.205  31.402 0.0000000000
47318  -26.307  -18.149  31.335 0.0000000000
47330  -26.786  -18.305  30.716 0.0000000000
47329  -26.317  -18.351  30.246 0.0000000000
47331  -27.265  -18.292  30.528 0.0000000000
47347  -28.651  -18.632  29.583 0.0000000000
47346  -27.607  -18.513  29.858 0.0000000000
46299  -29.274  -19.045  29.144 0.0000000000
49616  -36.453  -16.916  18.407 0.0000000000
49632  -37.850  -16.587  17.348 0.0000000000
49615  -35.750  -16.326  18.427 0.0000000000
50711  -35.262  -15.142  17.606 0.0000000000
50712  -35.944  -15.608  17.529 0.0000000000
56230  -33.847  -10.121  18.537 0.0000000000
56229  -33.375  -10.806  18.182 0.0000000000
55166  -33.222  -11.531  17.618 0.0000000000
54067  -34.705  -12.226  16.127 0.0000000000
58493  -36.268  -8.573  14.966 0.0000000000
58508  -37.162  -8.498  14.168 0.0000000000
58530  -38.176  -8.346  12.334 0.0000000000
59639  -39.161  -7.727  12.615 0.0000000000
60771  -40.449  -6.933  12.663 0.0000000000
51699  -33.047  -13.323  31.789 0.0000000000
51698  -32.733  -13.379  31.583 0.0000000000
52776  -33.243  -13.212  31.222 0.0000000000
52849  -33.044  -12.889  27.037 0.0000000000
53915  -34.982  -11.656  27.709 0.0000000000
53893  -34.486  -12.144  28.072 0.0000000000
53971  -34.291  -12.749  24.488 0.0000000000
53951  -33.917  -12.539  25.066 0.0000000000
52859  -33.201  -12.900  25.211 0.0000000000
52875  -33.492  -13.066  24.294 0.0000000000
51818  -33.680  -14.598  23.008 0.0000000000
51819  -34.607  -14.728  23.278 0.0000000000
48500  -36.872  -17.812  23.813 0.0000000000
47442  -36.276  -17.943  23.690 0.0000000000
46376  -36.930  -19.485  24.545 0.0000000000
45291  -38.200  -20.488  24.958 0.0000000000
55057  -38.970  -11.521  25.674 0.0000000000
53956  -38.707  -12.275  25.502 0.0000000000
50642  -39.225  -15.507  25.581 0.0000000000
52861  -38.513  -13.665  25.492 0.0000000000
49547  -39.147  -16.159  25.337 0.0000000000
44298  -42.770  -20.767  22.813 0.0000000000
45296  -43.011  -19.809  23.909 0.0000000000
45309  -42.582  -20.252  23.627 0.0000000000
45294  -41.137  -20.432  24.197 0.0000000000
46380  -40.851  -19.305  24.250 0.0000000000
47433  -39.405  -18.221  24.304 0.0000000000
47432  -38.398  -18.449  24.090 0.0000000000
45293  -40.101  -20.619  24.420 0.0000000000
43343  -40.793  -22.541  24.556 0.0000000000
44276  -39.846  -21.656  24.953 0.0000000000
44267  -39.973  -22.204  25.393 0.0000000000
43321  -40.181  -22.767  25.700 0.0000000000
46496  -37.557  -20.179  17.129 0.0000000000
46495  -36.893  -20.012  17.196 0.0000000000
57023  -21.098  -9.525  35.942 0.0000000000
52680  -24.260  -13.829  36.687 0.0000000000
51613  -27.241  -14.711  34.885 0.0000000000
52740  -32.183  -12.974  33.201 0.0000000000
51653  -32.435  -13.116  32.743 0.0000000000
51634  -32.907  -12.980  33.228 0.0000000000
52778  -34.917  -12.587  31.579 0.0000000000
53827  -36.792  -11.571  32.296 0.0000000000
53811  -36.209  -11.682  32.766 0.0000000000
53841  -35.933  -12.143  31.515 0.0000000000
53842  -36.861  -11.658  31.657 0.0000000000
53859  -36.539  -11.833  31.205 0.0000000000
54959  -37.287  -11.161  31.334 0.0000000000
54980  -37.742  -10.672  31.013 0.0000000000
56048  -38.058  -10.282  30.788 0.0000000000
56067  -38.270  -9.721  30.483 0.0000000000
57115  -39.428  -8.896  30.462 0.0000000000
57131  -39.667  -8.649  29.475 0.0000000000
57132  -40.473  -8.514  29.174 0.0000000000
58243  -40.915  -8.446  29.006 0.0000000000
58266  -40.887  -8.597  28.663 0.0000000000
62929  -39.460  -4.599  26.603 0.0000000000
64080  -39.400  -3.506  26.376 0.0000000000
65231  -39.415  -2.677  25.610 0.0000000000
65241  -39.467  -2.585  24.800 0.0000000000
65260  -41.796  -2.227  24.000 0.0000000000
66417  -41.347  -1.572  24.544 0.0000000000
65279  -40.791  -2.663  23.575 0.0000000000
64127  -40.212  -2.924  23.521 0.0000000000
64144  -40.410  -3.381  22.854 0.0000000000
62991  -41.768  -4.349  22.179 0.0000000000
63010  -41.781  -4.956  21.522 0.0000000000
61807  -41.329  -5.279  21.037 0.0000000000
60618  -45.270  -6.058  22.855 0.0000000000
61761  -44.227  -5.133  23.017 0.0000000000
59517  -42.908  -7.094  20.795 0.0000000000
61809  -43.042  -5.872  21.633 0.0000000000
60688  -42.245  -6.772  20.683 0.0000000000
60687  -41.569  -6.598  20.502 0.0000000000
59541  -41.230  -7.096  19.943 0.0000000000
59558  -40.363  -7.260  19.391 0.0000000000
59559  -41.637  -7.671  19.655 0.0000000000
58427  -41.219  -7.965  19.008 0.0000000000
58449  -41.844  -8.181  18.510 0.0000000000
58467  -40.709  -8.195  17.485 0.0000000000
58468  -41.574  -8.125  17.654 0.0000000000
58452  -44.707  -8.130  19.177 0.0000000000
58471  -44.277  -7.920  18.282 0.0000000000
59599  -42.809  -7.873  16.615 0.0000000000
58484  -43.081  -7.999  17.427 0.0000000000
58499  -41.655  -8.014  16.408 0.0000000000
59610  -42.002  -7.823  15.975 0.0000000000
59621  -41.134  -7.830  15.062 0.0000000000
59622  -42.176  -7.316  14.909 0.0000000000
60746  -43.349  -6.886  14.998 0.0000000000
60758  -42.257  -6.932  14.037 0.0000000000
60772  -41.150  -6.862  13.054 0.0000000000
60726  -48.529  -6.189  17.643 0.0000000000
60732  -47.646  -6.099  16.769 0.0000000000
63104  -48.834  -4.291  15.387 0.0000000000
61941  -48.312  -4.465  14.982 0.0000000000
61939  -46.610  -5.107  14.552 0.0000000000
60749  -46.221  -5.684  15.051 0.0000000000
61937  -44.869  -5.900  14.382 0.0000000000
61958  -44.640  -5.614  13.544 0.0000000000
61977  -43.720  -5.628  12.705 0.0000000000
61994  -42.920  -5.705  12.002 0.0000000000
62012  -42.550  -5.416  10.825 0.0000000000
62011  -41.897  -5.700  10.446 0.0000000000
63202  -43.373  -3.836  9.818 0.0000000000
63201  -42.647  -4.402  9.697 0.0000000000
63221  -42.302  -3.975  8.918 0.0000000000
65446  -45.645  -2.774  10.421 0.0000000000
64345  -44.989  -3.012  10.188 0.0000000000
65464  -45.190  -2.449  9.846 0.0000000000
66662  -43.420  -2.011  7.914 0.0000000000
66647  -43.809  -2.231  8.507 0.0000000000
65492  -42.965  -2.474  7.951 0.0000000000
65491  -42.349  -2.845  7.667 0.0000000000
67745  -51.500  0.110  10.150 0.0000000000
68810  -50.774  0.436  9.096 0.0000000000
67744  -50.558  -0.003  9.464 0.0000000000
67762  -49.439  0.101  8.523 0.0000000000
67761  -48.753  -0.218  8.336 0.0000000000
67779  -48.994  0.126  8.067 0.0000000000
69877  -50.897  1.483  6.844 0.0000000000
69893  -50.145  1.281  6.137 0.0000000000
68869  -48.472  0.778  5.802 0.0000000000
67792  -47.172  0.146  6.307 0.0000000000
54949  -20.256  -11.485  31.829 0.0000000000
54931  -19.596  -11.233  32.575 0.0000000000
53837  -19.866  -11.810  30.958 0.0000000000
52811  -19.314  -12.893  29.290 0.0000000000
52790  -18.991  -12.746  29.958 0.0000000000
51739  -18.085  -14.057  28.205 0.0000000000
51762  -18.925  -14.449  26.092 0.0000000000
50633  -18.933  -15.511  25.321 0.0000000000
50547  -23.815  -15.350  32.495 0.0000000000
50588  -23.504  -15.454  29.542 0.0000000000
50587  -22.901  -14.842  28.986 0.0000000000
48442  -25.031  -17.276  27.229 0.0000000000
49542  -23.585  -16.509  25.683 0.0000000000
49527  -23.883  -16.220  26.412 0.0000000000
50618  -22.991  -15.364  26.400 0.0000000000
51766  -22.520  -14.920  26.574 0.0000000000
51783  -22.229  -15.024  25.992 0.0000000000
51782  -21.471  -14.795  25.766 0.0000000000
50636  -22.016  -15.396  25.413 0.0000000000
43310  -26.730  -21.853  25.154 0.0000000000
44258  -25.030  -21.278  25.039 0.0000000000
52797  -32.027  -13.530  30.154 0.0000000000
52774  -31.366  -13.543  30.857 0.0000000000
52846  -30.682  -13.649  27.600 0.0000000000
52833  -30.297  -13.578  28.193 0.0000000000
51745  -29.472  -13.791  28.024 0.0000000000
51735  -29.154  -13.791  28.601 0.0000000000
51757  -28.948  -14.142  27.198 0.0000000000
49575  -31.483  -16.281  23.341 0.0000000000
50658  -30.279  -14.868  23.911 0.0000000000
49574  -30.471  -16.052  23.644 0.0000000000
48494  -29.137  -16.990  25.329 0.0000000000
49561  -29.140  -16.317  24.636 0.0000000000
49545  -28.657  -16.529  25.365 0.0000000000
50621  -27.743  -15.335  26.653 0.0000000000
48476  -28.128  -16.683  26.598 0.0000000000
48460  -27.893  -16.812  27.130 0.0000000000
48461  -28.485  -17.144  27.085 0.0000000000
47370  -30.754  -18.918  28.930 0.0000000000
46319  -31.354  -19.317  28.259 0.0000000000
44217  -36.998  -21.461  29.346 0.0000000000
46303  -35.788  -19.914  29.143 0.0000000000
45227  -35.757  -20.684  29.304 0.0000000000
44214  -35.238  -21.256  28.958 0.0000000000
45226  -35.071  -20.723  28.987 0.0000000000
45225  -34.433  -20.282  28.780 0.0000000000
45240  -33.936  -20.586  28.193 0.0000000000
44239  -33.380  -21.500  27.445 0.0000000000
45253  -32.738  -20.545  27.335 0.0000000000
45252  -31.673  -20.633  26.743 0.0000000000
57249  -38.575  -9.802  23.999 0.0000000000
59466  -38.667  -7.728  24.720 0.0000000000
58322  -40.615  -8.553  25.925 0.0000000000
58342  -40.478  -9.105  25.408 0.0000000000
56169  -39.538  -10.575  24.151 0.0000000000
57250  -39.342  -10.059  24.217 0.0000000000
59655  -39.083  -7.636  10.331 0.0000000000
59664  -39.828  -7.357  9.215 0.0000000000
62026  -41.000  -5.822  9.491 0.0000000000
51650  -29.326  -13.914  33.022 0.0000000000
49651  -39.717  -16.320  15.982 0.0000000000
60699  -36.810  -6.822  19.471 0.0000000000
59570  -35.849  -7.715  19.079 0.0000000000
59555  -37.068  -7.071  19.070 0.0000000000
56064  -36.870  -10.210  28.984 0.0000000000
56081  -36.551  -10.224  28.397 0.0000000000
56139  -37.637  -10.749  25.689 0.0000000000
44366  -40.273  -21.569  19.103 0.0000000000
44352  -40.544  -21.884  20.048 0.0000000000
44350  -38.289  -21.488  19.820 0.0000000000
45379  -36.258  -20.165  19.620 0.0000000000
48650  -40.203  -18.076  14.740 0.0000000000
48664  -39.590  -17.571  14.086 0.0000000000
66547  -50.547  -1.594  14.431 0.0000000000
66561  -49.727  -1.804  13.061 0.0000000000
65433  -49.040  -1.823  11.642 0.0000000000
66575  -49.667  -1.576  12.095 0.0000000000
66597  -49.499  -1.319  11.242 0.0000000000
66619  -50.143  -0.928  10.768 0.0000000000
54899  -22.626  -11.332  35.049 0.0000000000
54917  -22.604  -11.831  34.332 0.0000000000
53825  -22.696  -12.659  33.263 0.0000000000
46333  -27.793  -19.121  27.823 0.0000000000
47385  -27.222  -18.860  27.369 0.0000000000
46350  -27.726  -19.275  26.412 0.0000000000
45278  -27.826  -19.988  25.400 0.0000000000
45279  -28.831  -20.145  25.641 0.0000000000
45280  -29.135  -20.424  25.625 0.0000000000
44247  -29.389  -21.213  25.650 0.0000000000
47429  -35.283  -18.737  24.241 0.0000000000
47428  -34.222  -18.500  24.542 0.0000000000
46366  -35.702  -19.811  25.879 0.0000000000
45267  -36.822  -20.527  27.473 0.0000000000
49594  -36.421  -16.691  20.862 0.0000000000
50690  -35.968  -15.533  21.147 0.0000000000
51836  -35.949  -14.398  21.593 0.0000000000
60635  -36.700  -6.776  21.695 0.0000000000
61780  -37.955  -5.254  21.678 0.0000000000
56099  -40.219  -9.543  26.849 0.0000000000
55059  -40.050  -10.958  25.766 0.0000000000
53958  -39.863  -12.324  25.204 0.0000000000
51823  -40.249  -14.566  24.370 0.0000000000
50662  -40.693  -15.177  24.542 0.0000000000
50677  -40.559  -15.538  24.239 0.0000000000
47443  -41.641  -18.129  23.338 0.0000000000
46404  -42.478  -19.580  22.046 0.0000000000
46426  -42.116  -20.016  20.935 0.0000000000
46446  -42.246  -20.097  20.263 0.0000000000
46467  -42.184  -20.172  18.795 0.0000000000
45409  -41.464  -20.597  17.783 0.0000000000
46483  -41.995  -20.210  18.334 0.0000000000
46466  -41.664  -19.995  18.970 0.0000000000
46444  -40.533  -19.988  19.794 0.0000000000
49590  -38.011  -16.570  22.307 0.0000000000
49596  -37.609  -16.839  21.951 0.0000000000
47470  -37.431  -18.129  20.534 0.0000000000
48532  -37.045  -17.495  20.931 0.0000000000
48531  -36.613  -17.117  20.707 0.0000000000
49438  -25.106  -16.066  34.056 0.0000000000
49451  -25.449  -16.500  33.458 0.0000000000
51669  -26.282  -15.337  31.563 0.0000000000
51692  -26.252  -15.533  30.771 0.0000000000
50579  -26.343  -16.257  30.379 0.0000000000
49485  -26.618  -17.051  30.716 0.0000000000
48399  -27.508  -18.207  30.356 0.0000000000
49492  -26.888  -16.916  29.802 0.0000000000
49493  -27.269  -17.254  29.326 0.0000000000
48423  -27.620  -17.307  28.836 0.0000000000
51839  -34.248  -14.266  19.696 0.0000000000
50699  -34.746  -15.530  18.937 0.0000000000
50698  -34.344  -14.931  18.907 0.0000000000
51844  -33.839  -14.123  18.856 0.0000000000
51846  -33.794  -13.780  18.013 0.0000000000
57330  -33.588  -10.075  16.830 0.0000000000
56239  -33.412  -10.836  16.686 0.0000000000
56251  -33.751  -10.682  16.096 0.0000000000
55185  -34.627  -11.423  15.708 0.0000000000
58531  -38.618  -8.104  13.009 0.0000000000
58521  -39.151  -8.012  13.741 0.0000000000
59630  -40.338  -7.730  14.054 0.0000000000
52777  -34.099  -12.959  31.306 0.0000000000
52799  -33.905  -12.936  30.505 0.0000000000
52837  -33.890  -12.553  28.480 0.0000000000
55054  -35.107  -11.721  25.473 0.0000000000
55074  -35.267  -11.948  25.034 0.0000000000
53972  -35.009  -12.792  24.310 0.0000000000
52895  -34.936  -14.252  23.501 0.0000000000
51820  -35.378  -14.667  23.583 0.0000000000
49580  -36.429  -16.161  23.847 0.0000000000
52862  -39.342  -13.503  25.519 0.0000000000
50643  -39.831  -15.465  25.826 0.0000000000
47417  -41.116  -17.608  25.130 0.0000000000
43394  -41.141  -22.047  22.259 0.0000000000
44278  -41.296  -21.282  24.039 0.0000000000
52723  -33.396  -12.751  33.599 0.0000000000
52703  -33.816  -12.146  34.000 0.0000000000
53828  -37.271  -11.121  32.238 0.0000000000
54960  -37.514  -10.960  31.694 0.0000000000
54936  -37.734  -10.701  32.199 0.0000000000
57116  -40.268  -8.441  30.101 0.0000000000
66376  -40.252  -1.632  27.285 0.0000000000
66389  -40.217  -1.337  26.767 0.0000000000
66400  -40.291  -1.203  25.665 0.0000000000
65281  -42.165  -2.706  23.658 0.0000000000
64145  -41.431  -3.649  22.727 0.0000000000
64129  -42.439  -3.420  23.338 0.0000000000
62971  -43.061  -3.964  23.198 0.0000000000
62992  -42.834  -4.393  22.694 0.0000000000
60619  -45.949  -6.170  22.969 0.0000000000
61785  -44.580  -5.879  22.685 0.0000000000
60638  -44.200  -6.269  22.156 0.0000000000
60665  -44.297  -6.830  21.971 0.0000000000
59518  -43.337  -7.197  21.067 0.0000000000
59560  -42.331  -7.920  19.831 0.0000000000
59589  -45.257  -7.666  18.206 0.0000000000
59588  -44.531  -7.777  17.894 0.0000000000
59623  -42.843  -7.190  15.115 0.0000000000
60735  -43.773  -7.119  15.693 0.0000000000
61885  -49.334  -5.202  17.732 0.0000000000
61884  -49.053  -5.616  17.327 0.0000000000
61900  -48.831  -5.273  16.519 0.0000000000
63137  -47.565  -3.864  13.656 0.0000000000
63121  -47.923  -4.220  14.404 0.0000000000
61960  -46.392  -4.628  13.703 0.0000000000
61959  -45.583  -5.047  13.468 0.0000000000
61979  -45.284  -4.721  12.663 0.0000000000
61996  -44.300  -4.815  11.855 0.0000000000
63164  -43.938  -4.776  11.300 0.0000000000
62013  -43.387  -4.970  10.939 0.0000000000
64324  -44.074  -3.609  10.174 0.0000000000
65482  -44.748  -2.011  9.091 0.0000000000
66649  -45.386  -1.622  8.819 0.0000000000
66668  -43.495  -1.563  6.857 0.0000000000
68794  -52.845  0.440  10.294 0.0000000000
68812  -52.253  0.590  9.795 0.0000000000
68830  -51.018  0.775  8.872 0.0000000000
69839  -50.763  0.931  8.440 0.0000000000
68884  -49.648  0.890  4.640 0.0000000000
68870  -49.389  1.055  5.501 0.0000000000
54930  -18.695  -11.632  32.514 0.0000000000
53853  -20.666  -12.188  30.318 0.0000000000
53869  -20.275  -12.412  29.709 0.0000000000
53868  -19.870  -12.570  29.536 0.0000000000
52830  -19.231  -13.474  28.400 0.0000000000
52842  -19.093  -13.705  27.686 0.0000000000
52843  -19.757  -13.592  27.778 0.0000000000
51763  -19.949  -14.253  26.213 0.0000000000
49476  -24.131  -16.084  31.105 0.0000000000
49483  -24.078  -16.084  30.118 0.0000000000
49490  -24.089  -16.080  29.123 0.0000000000
48475  -24.929  -17.744  26.191 0.0000000000
48458  -24.846  -17.367  26.488 0.0000000000
48492  -23.639  -17.182  25.169 0.0000000000
49558  -22.683  -16.491  24.967 0.0000000000
46371  -22.450  -19.204  24.914 0.0000000000
44257  -23.984  -21.613  25.487 0.0000000000
52835  -31.967  -13.209  28.284 0.0000000000
51759  -30.606  -13.795  26.964 0.0000000000
51769  -30.065  -13.969  26.287 0.0000000000
48480  -31.777  -17.732  25.641 0.0000000000
48496  -30.964  -17.246  24.660 0.0000000000
48479  -30.684  -17.602  25.782 0.0000000000
48463  -30.392  -17.803  26.846 0.0000000000
48447  -30.056  -17.876  27.887 0.0000000000
48448  -31.135  -18.094  27.769 0.0000000000
44227  -34.205  -21.958  27.985 0.0000000000
54013  -37.200  -12.542  22.487 0.0000000000
57268  -37.423  -9.932  23.011 0.0000000000
58353  -37.582  -8.608  23.514 0.0000000000
59479  -37.386  -7.822  23.457 0.0000000000
60617  -37.698  -6.055  23.450 0.0000000000
61760  -38.020  -5.299  23.625 0.0000000000
56123  -41.324  -9.431  26.559 0.0000000000
56142  -41.128  -9.871  26.024 0.0000000000
53976  -39.931  -12.350  24.554 0.0000000000
56156  -40.448  -10.361  24.969 0.0000000000
55093  -39.977  -11.518  24.504 0.0000000000
52880  -39.870  -12.806  24.421 0.0000000000
49581  -39.740  -16.607  23.253 0.0000000000
48516  -39.859  -17.025  23.085 0.0000000000
50687  -38.898  -15.670  23.139 0.0000000000
50675  -38.730  -14.863  23.248 0.0000000000
51832  -38.270  -14.306  23.075 0.0000000000
52903  -37.693  -13.451  22.839 0.0000000000
59680  -40.294  -7.286  8.253 0.0000000000
50501  -26.969  -15.008  34.576 0.0000000000
50514  -26.564  -15.238  34.239 0.0000000000
50532  -27.044  -14.912  33.543 0.0000000000
51648  -27.209  -14.630  32.850 0.0000000000
51671  -27.755  -14.152  32.235 0.0000000000
51694  -27.438  -14.102  31.213 0.0000000000
51733  -27.554  -14.255  29.203 0.0000000000
57300  -34.652  -9.865  19.882 0.0000000000
56222  -34.170  -10.457  19.407 0.0000000000
57315  -34.479  -9.317  18.971 0.0000000000
57326  -34.148  -9.374  17.898 0.0000000000
58442  -34.905  -8.715  18.150 0.0000000000
57331  -33.936  -9.521  17.082 0.0000000000
58475  -34.663  -9.089  16.196 0.0000000000
57346  -34.872  -9.391  15.416 0.0000000000
58478  -37.606  -8.115  16.271 0.0000000000
59596  -38.877  -8.127  16.279 0.0000000000
59608  -39.119  -8.035  15.975 0.0000000000
53875  -35.292  -12.114  29.458 0.0000000000
55015  -35.389  -11.285  27.850 0.0000000000
55034  -35.374  -11.126  26.978 0.0000000000
55035  -35.618  -10.855  27.613 0.0000000000
55075  -35.757  -11.703  25.080 0.0000000000
53954  -36.349  -12.334  24.798 0.0000000000
52879  -37.141  -13.721  24.745 0.0000000000
45311  -43.941  -19.989  23.117 0.0000000000
45297  -43.611  -19.785  23.707 0.0000000000
45330  -43.477  -20.500  22.687 0.0000000000
43393  -40.814  -22.164  21.906 0.0000000000
43379  -39.847  -22.272  22.364 0.0000000000
44315  -38.418  -21.870  22.135 0.0000000000
45329  -37.136  -20.976  21.409 0.0000000000
47566  -37.918  -18.519  15.242 0.0000000000
49691  -37.174  -17.156  14.224 0.0000000000
48662  -38.270  -17.171  13.963 0.0000000000
49708  -37.768  -16.779  13.674 0.0000000000
59521  -46.344  -7.657  21.861 0.0000000000
58413  -44.894  -8.059  20.835 0.0000000000
58453  -45.685  -7.983  19.128 0.0000000000
58433  -47.102  -7.960  20.087 0.0000000000
58454  -46.731  -7.905  19.507 0.0000000000
59576  -45.748  -7.799  18.717 0.0000000000
59602  -46.075  -7.010  17.227 0.0000000000
64251  -50.018  -3.398  16.453 0.0000000000
63088  -49.775  -4.134  16.469 0.0000000000
63106  -49.808  -3.812  16.022 0.0000000000
64264  -49.599  -3.497  15.328 0.0000000000
64274  -48.633  -3.543  14.239 0.0000000000
65396  -49.413  -2.907  14.466 0.0000000000
64288  -48.786  -3.219  14.087 0.0000000000
63138  -48.208  -3.788  14.113 0.0000000000
64286  -47.627  -3.454  13.127 0.0000000000
64299  -46.667  -3.477  12.262 0.0000000000
64311  -45.688  -3.388  11.267 0.0000000000
64312  -46.398  -3.155  11.573 0.0000000000
65447  -46.230  -2.737  10.834 0.0000000000
65466  -47.029  -1.811  10.003 0.0000000000
67759  -47.324  -0.544  7.990 0.0000000000
69859  -52.687  1.600  7.643 0.0000000000
69878  -51.988  1.543  6.673 0.0000000000
69894  -51.198  1.281  5.737 0.0000000000
55990  -19.974  -10.238  34.201 0.0000000000
55991  -20.713  -10.375  34.059 0.0000000000
54932  -20.646  -11.147  32.684 0.0000000000
54950  -21.265  -11.627  32.067 0.0000000000
53854  -21.374  -12.385  30.870 0.0000000000
51729  -21.815  -13.615  29.259 0.0000000000
48405  -25.737  -17.947  29.761 0.0000000000
48404  -25.184  -17.330  29.222 0.0000000000
48422  -25.723  -17.881  28.740 0.0000000000
48443  -25.636  -17.892  27.670 0.0000000000
47397  -25.904  -18.295  26.943 0.0000000000
47411  -25.315  -18.320  25.793 0.0000000000
45276  -25.242  -20.133  24.731 0.0000000000
43311  -27.716  -21.753  25.209 0.0000000000
52891  -32.035  -13.636  24.093 0.0000000000
51806  -31.362  -13.989  24.299 0.0000000000
50669  -32.002  -15.342  22.835 0.0000000000
48511  -32.321  -17.110  23.640 0.0000000000
48497  -32.071  -17.539  24.558 0.0000000000
48481  -32.796  -17.936  25.448 0.0000000000
47400  -33.516  -18.507  27.294 0.0000000000
47386  -33.562  -18.547  28.034 0.0000000000
48587  -38.938  -17.489  16.949 0.0000000000
48586  -38.297  -17.249  17.398 0.0000000000
49599  -35.263  -15.865  19.836 0.0000000000
50696  -35.496  -15.697  20.448 0.0000000000
50695  -34.987  -15.292  19.916 0.0000000000
54040  -34.418  -12.661  20.265 0.0000000000
56209  -34.649  -10.939  20.185 0.0000000000
54029  -36.450  -12.548  21.986 0.0000000000
55134  -36.013  -11.745  21.581 0.0000000000
56196  -35.882  -10.623  21.431 0.0000000000
56210  -35.153  -10.241  20.642 0.0000000000
57301  -35.004  -9.203  20.220 0.0000000000
59538  -35.706  -7.868  20.378 0.0000000000
60682  -36.693  -6.693  19.961 0.0000000000
60685  -39.508  -6.047  19.847 0.0000000000
56120  -38.823  -10.393  25.957 0.0000000000
53937  -39.201  -11.930  25.746 0.0000000000
55058  -39.507  -11.331  25.730 0.0000000000
51791  -40.000  -14.544  25.571 0.0000000000
48486  -42.749  -17.303  25.210 0.0000000000
55080  -40.195  -11.177  25.418 0.0000000000
50678  -41.202  -15.886  24.404 0.0000000000
51811  -40.975  -15.317  24.833 0.0000000000
50646  -41.839  -16.179  25.038 0.0000000000
49570  -42.665  -17.076  24.757 0.0000000000
48507  -43.505  -18.162  24.112 0.0000000000
46389  -44.107  -19.316  23.312 0.0000000000
45312  -44.228  -19.767  22.721 0.0000000000
44340  -43.455  -20.794  21.175 0.0000000000
44354  -42.683  -21.050  20.138 0.0000000000
45368  -43.145  -20.411  20.554 0.0000000000
44367  -41.161  -21.396  19.210 0.0000000000
45392  -38.273  -20.958  18.031 0.0000000000
45405  -38.077  -20.436  17.275 0.0000000000
45421  -38.434  -20.141  16.818 0.0000000000
45407  -40.060  -20.600  17.262 0.0000000000
45422  -38.930  -20.205  16.927 0.0000000000
46512  -38.883  -19.874  16.533 0.0000000000
46529  -38.871  -19.404  16.033 0.0000000000
47472  -39.588  -19.212  21.565 0.0000000000
46424  -39.456  -19.557  20.579 0.0000000000
47452  -38.345  -18.046  21.819 0.0000000000
46465  -40.472  -19.791  18.627 0.0000000000
46498  -40.920  -19.618  17.072 0.0000000000
47568  -39.637  -19.197  15.413 0.0000000000
47569  -40.294  -19.083  15.587 0.0000000000
47586  -40.036  -18.849  15.062 0.0000000000
47552  -40.494  -18.843  16.202 0.0000000000
47503  -38.745  -18.979  18.681 0.0000000000
47517  -39.225  -18.551  17.607 0.0000000000
47551  -40.160  -18.346  16.153 0.0000000000
47534  -39.378  -18.156  16.950 0.0000000000
48588  -39.465  -17.838  16.551 0.0000000000
67709  -51.805  -0.371  12.243 0.0000000000
67685  -52.396  0.191  12.603 0.0000000000
67710  -52.548  -0.015  11.746 0.0000000000
67729  -52.774  0.234  10.954 0.0000000000
68779  -53.519  0.729  11.159 0.0000000000
68795  -53.393  0.582  10.541 0.0000000000
69824  -53.654  1.112  9.398 0.0000000000
70817  -54.509  2.565  10.411 0.0000000000
69843  -54.256  1.423  8.488 0.0000000000
70854  -55.188  2.456  7.584 0.0000000000
69881  -54.701  1.274  6.946 0.0000000000
52717  -23.528  -13.753  35.063 0.0000000000
52738  -23.395  -13.880  34.265 0.0000000000
51647  -23.543  -14.615  33.946 0.0000000000
50548  -24.391  -15.939  32.969 0.0000000000
49464  -24.248  -16.054  32.055 0.0000000000
49477  -24.764  -16.679  31.574 0.0000000000
49452  -25.928  -16.247  33.240 0.0000000000
49466  -26.111  -16.779  32.273 0.0000000000
48385  -25.775  -17.483  32.337 0.0000000000
48391  -25.848  -17.873  31.543 0.0000000000
48397  -25.760  -17.944  30.711 0.0000000000
46296  -27.287  -19.078  29.064 0.0000000000
46297  -27.691  -19.102  29.289 0.0000000000
46315  -27.500  -19.168  28.673 0.0000000000
46316  -28.194  -19.247  28.596 0.0000000000
44251  -38.423  -21.573  27.128 0.0000000000
49633  -38.639  -16.457  16.930 0.0000000000
50702  -35.188  -15.714  18.307 0.0000000000
50713  -36.880  -15.612  17.225 0.0000000000
50715  -38.635  -15.401  16.836 0.0000000000
55162  -33.522  -11.778  18.714 0.0000000000
54051  -33.386  -12.506  18.240 0.0000000000
52925  -33.777  -13.255  17.254 0.0000000000
54066  -33.811  -12.428  16.654 0.0000000000
52926  -34.313  -13.620  16.938 0.0000000000
59638  -38.732  -7.853  11.899 0.0000000000
59648  -39.269  -7.401  11.576 0.0000000000
60784  -39.692  -7.121  11.502 0.0000000000
60786  -41.234  -6.354  11.756 0.0000000000
52758  -31.810  -13.461  31.706 0.0000000000
52775  -32.261  -13.420  31.190 0.0000000000
52819  -32.555  -13.200  29.283 0.0000000000
53935  -34.329  -12.093  25.861 0.0000000000
53913  -33.714  -12.477  26.573 0.0000000000
52855  -33.082  -12.876  26.085 0.0000000000
52858  -32.534  -13.198  25.488 0.0000000000
52874  -32.634  -13.284  24.599 0.0000000000
51817  -32.839  -14.247  23.114 0.0000000000
50683  -33.534  -15.179  22.863 0.0000000000
48513  -34.240  -17.152  23.388 0.0000000000
50672  -35.127  -15.475  23.260 0.0000000000
48514  -35.197  -17.185  23.444 0.0000000000
46375  -35.948  -19.378  24.850 0.0000000000
45281  -37.875  -20.781  25.790 0.0000000000
55077  -37.708  -11.542  25.360 0.0000000000
53955  -37.470  -12.785  25.022 0.0000000000
51809  -37.446  -14.696  25.003 0.0000000000
50661  -37.858  -15.470  25.076 0.0000000000
46382  -42.713  -19.169  24.393 0.0000000000
47436  -42.309  -18.397  24.865 0.0000000000
47435  -41.457  -18.367  24.790 0.0000000000
45295  -42.121  -20.161  23.992 0.0000000000
48504  -40.291  -17.408  25.005 0.0000000000
49566  -39.014  -16.614  24.967 0.0000000000
49565  -38.100  -16.411  24.696 0.0000000000
48501  -37.776  -17.583  24.172 0.0000000000
46377  -38.031  -19.615  24.333 0.0000000000
45292  -39.033  -20.281  24.531 0.0000000000
45282  -38.697  -21.160  25.489 0.0000000000
44265  -38.794  -21.651  26.324 0.0000000000
60571  -39.505  -6.103  26.247 0.0000000000
62930  -40.056  -4.362  27.398 0.0000000000
64067  -40.308  -3.405  27.787 0.0000000000
57022  -20.542  -9.580  35.617 0.0000000000
55952  -21.542  -9.911  35.578 0.0000000000
55931  -21.960  -9.819  36.516 0.0000000000
54880  -22.483  -10.746  35.776 0.0000000000
53777  -23.061  -11.707  36.114 0.0000000000
53796  -23.418  -13.117  35.320 0.0000000000
53778  -23.405  -12.750  36.031 0.0000000000
51610  -23.878  -14.203  35.506 0.0000000000
50497  -24.155  -14.755  35.265 0.0000000000
51592  -24.466  -14.473  36.332 0.0000000000
50498  -24.793  -15.227  35.575 0.0000000000
50499  -25.786  -15.650  35.465 0.0000000000
51612  -26.601  -14.969  35.251 0.0000000000
50517  -29.993  -13.764  33.225 0.0000000000
50535  -30.547  -13.736  32.942 0.0000000000
50536  -30.827  -13.646  32.874 0.0000000000
51633  -31.127  -13.379  33.126 0.0000000000
51654  -33.392  -13.077  32.870 0.0000000000
51677  -34.029  -13.008  32.558 0.0000000000
53840  -35.407  -12.278  31.004 0.0000000000
54978  -36.518  -11.285  30.241 0.0000000000
54999  -37.082  -10.700  30.201 0.0000000000
55000  -37.450  -10.726  30.633 0.0000000000
56065  -37.337  -10.077  29.447 0.0000000000
57145  -37.653  -9.581  29.024 0.0000000000
57114  -38.905  -9.358  30.604 0.0000000000
57168  -40.476  -8.961  27.618 0.0000000000
57169  -41.003  -8.890  27.635 0.0000000000
57151  -41.582  -8.503  28.140 0.0000000000
57170  -41.522  -8.773  27.534 0.0000000000
56102  -41.515  -8.990  27.142 0.0000000000
57192  -41.567  -8.781  26.874 0.0000000000
58306  -41.379  -8.001  26.823 0.0000000000
58304  -40.889  -8.255  26.312 0.0000000000
59437  -40.778  -7.732  26.537 0.0000000000
61715  -39.275  -5.221  26.301 0.0000000000
61728  -38.951  -5.433  25.668 0.0000000000
62948  -38.568  -4.387  24.838 0.0000000000
62970  -38.843  -3.738  23.642 0.0000000000
67505  -41.367  -0.548  25.475 0.0000000000
66402  -41.963  -1.047  24.926 0.0000000000
66416  -40.497  -1.449  24.843 0.0000000000
64103  -39.731  -2.781  23.992 0.0000000000
64126  -39.461  -3.142  23.720 0.0000000000
62989  -39.479  -3.841  22.631 0.0000000000
63008  -39.851  -4.384  21.763 0.0000000000
61806  -40.313  -5.008  21.029 0.0000000000
61831  -39.856  -5.457  20.323 0.0000000000
62949  -43.833  -3.929  23.584 0.0000000000
62972  -43.689  -4.269  23.308 0.0000000000
61810  -43.649  -5.935  22.025 0.0000000000
61833  -41.626  -5.945  20.800 0.0000000000
60686  -40.538  -6.460  19.931 0.0000000000
60703  -39.929  -6.589  19.641 0.0000000000
59574  -39.629  -7.766  18.637 0.0000000000
58447  -40.126  -8.198  18.115 0.0000000000
58481  -40.460  -8.139  16.650 0.0000000000
58430  -44.260  -8.249  19.908 0.0000000000
58451  -43.721  -8.153  19.054 0.0000000000
58485  -43.682  -7.945  17.777 0.0000000000
58469  -42.450  -8.145  17.923 0.0000000000
58498  -41.144  -8.078  15.962 0.0000000000
58512  -40.716  -8.092  15.428 0.0000000000
59641  -40.741  -7.210  13.555 0.0000000000
60724  -47.166  -6.907  17.769 0.0000000000
60731  -46.622  -6.672  17.055 0.0000000000
60730  -45.834  -6.840  16.882 0.0000000000
61919  -49.204  -4.637  16.082 0.0000000000
61899  -48.074  -5.543  16.195 0.0000000000
61940  -47.669  -4.768  14.837 0.0000000000
61917  -47.491  -5.254  15.446 0.0000000000
60739  -47.338  -5.720  15.943 0.0000000000
61957  -43.885  -5.955  13.411 0.0000000000
60774  -43.310  -5.996  13.061 0.0000000000
63180  -42.951  -4.862  10.398 0.0000000000
63200  -42.091  -4.921  9.577 0.0000000000
62039  -41.302  -5.205  9.104 0.0000000000
63225  -41.209  -4.405  7.930 0.0000000000
63183  -45.151  -3.506  10.930 0.0000000000
64325  -44.797  -3.373  10.434 0.0000000000
64343  -43.605  -3.218  9.378 0.0000000000
65481  -44.212  -2.309  9.008 0.0000000000
65462  -43.670  -2.924  9.072 0.0000000000
64364  -43.096  -3.239  8.894 0.0000000000
64363  -42.538  -3.302  8.481 0.0000000000
64372  -41.553  -3.547  7.458 0.0000000000
66620  -50.881  -0.800  11.143 0.0000000000
67726  -49.976  -0.598  9.951 0.0000000000
66635  -49.298  -0.696  9.559 0.0000000000
66652  -48.459  -0.640  8.676 0.0000000000
67760  -48.121  -0.450  8.118 0.0000000000
69857  -50.576  1.115  7.836 0.0000000000
69856  -49.983  0.887  7.635 0.0000000000
68861  -49.259  0.925  6.515 0.0000000000
68847  -48.725  0.328  7.409 0.0000000000
67785  -48.033  0.114  7.226 0.0000000000
67776  -47.042  -0.250  7.284 0.0000000000
67775  -46.236  -0.371  7.029 0.0000000000
54947  -18.608  -11.893  31.858 0.0000000000
51749  -17.725  -14.601  27.268 0.0000000000
51750  -18.551  -14.118  27.237 0.0000000000
51761  -18.182  -14.681  26.466 0.0000000000
52756  -23.168  -13.979  33.515 0.0000000000
51667  -22.927  -14.104  32.108 0.0000000000
51690  -22.843  -14.226  31.354 0.0000000000
51712  -22.873  -14.451  30.533 0.0000000000
51730  -22.248  -13.985  29.545 0.0000000000
49497  -24.130  -16.041  28.145 0.0000000000
49528  -24.433  -16.792  26.689 0.0000000000
49511  -24.076  -16.091  27.209 0.0000000000
50604  -23.548  -15.530  27.633 0.0000000000
50595  -22.928  -14.961  28.002 0.0000000000
51754  -22.364  -14.515  27.351 0.0000000000
51753  -21.344  -13.843  27.643 0.0000000000
51781  -20.571  -14.751  25.550 0.0000000000
50653  -21.090  -15.993  24.824 0.0000000000
50634  -20.271  -15.567  24.918 0.0000000000
51719  -30.450  -13.636  30.720 0.0000000000
52817  -30.710  -13.524  29.089 0.0000000000
52795  -30.155  -13.566  29.832 0.0000000000
52794  -29.258  -13.712  29.594 0.0000000000
51734  -28.544  -13.872  28.974 0.0000000000
51743  -27.836  -14.295  28.237 0.0000000000
51815  -30.853  -14.438  23.736 0.0000000000
51787  -30.313  -14.116  25.483 0.0000000000
51786  -29.467  -14.377  25.444 0.0000000000
49573  -29.775  -15.914  24.070 0.0000000000
50640  -28.991  -14.797  25.232 0.0000000000
51768  -29.258  -14.240  26.353 0.0000000000
51767  -28.441  -14.606  26.373 0.0000000000
51756  -28.025  -14.542  27.303 0.0000000000
50605  -27.239  -15.420  27.548 0.0000000000
49513  -27.319  -16.337  27.833 0.0000000000
48445  -27.882  -17.179  27.864 0.0000000000
48425  -29.588  -17.962  28.731 0.0000000000
47348  -29.478  -18.709  29.285 0.0000000000
46300  -29.756  -19.014  29.124 0.0000000000
44250  -37.815  -21.308  27.727 0.0000000000
45255  -36.716  -20.315  28.062 0.0000000000
45243  -37.223  -20.829  28.827 0.0000000000
46323  -36.295  -19.997  28.342 0.0000000000
46322  -35.845  -19.650  28.660 0.0000000000
47374  -34.579  -19.039  28.722 0.0000000000
47350  -34.484  -19.419  29.039 0.0000000000
47373  -33.700  -18.821  28.641 0.0000000000
45239  -33.125  -20.198  27.851 0.0000000000
46338  -32.653  -20.028  27.824 0.0000000000
46336  -30.788  -19.815  27.179 0.0000000000
46353  -30.451  -20.025  26.708 0.0000000000
45265  -30.539  -20.378  26.330 0.0000000000
44248  -30.018  -21.299  25.896 0.0000000000
43292  -39.263  -22.591  27.321 0.0000000000
44262  -28.998  -20.841  25.495 0.0000000000
44266  -39.467  -21.919  25.805 0.0000000000
44355  -43.240  -20.770  20.798 0.0000000000
44356  -43.432  -20.738  20.951 0.0000000000
44376  -38.699  -21.106  18.188 0.0000000000
44377  -39.272  -21.099  18.113 0.0000000000
44380  -41.539  -21.146  18.666 0.0000000000
44387  -39.635  -20.842  17.646 0.0000000000
45228  -36.580  -20.649  29.235 0.0000000000
45242  -36.784  -20.360  28.636 0.0000000000
45256  -37.236  -20.777  28.047 0.0000000000
45261  -27.004  -19.596  25.342 0.0000000000
45331  -44.023  -20.335  22.100 0.0000000000
45332  -44.178  -19.741  22.362 0.0000000000
45349  -42.468  -20.096  20.357 0.0000000000
45350  -42.752  -20.096  20.510 0.0000000000
45351  -43.669  -20.516  21.379 0.0000000000
45366  -42.084  -20.110  19.468 0.0000000000
45369  -43.511  -20.550  20.955 0.0000000000
45382  -42.221  -20.188  19.163 0.0000000000
45394  -41.357  -20.793  17.887 0.0000000000
45408  -40.954  -20.563  17.377 0.0000000000
46301  -34.600  -19.963  29.001 0.0000000000
46302  -35.142  -19.996  29.123 0.0000000000
46314  -27.240  -19.119  28.816 0.0000000000
46339  -35.696  -19.701  27.935 0.0000000000
46340  -36.283  -20.112  27.594 0.0000000000
46365  -28.789  -19.833  25.897 0.0000000000
46383  -43.523  -19.146  24.182 0.0000000000
46384  -43.978  -18.974  23.916 0.0000000000
46388  -43.943  -19.555  23.813 0.0000000000
46405  -43.641  -19.576  22.130 0.0000000000
46406  -44.082  -19.383  22.758 0.0000000000
46448  -43.658  -20.389  21.155 0.0000000000
46513  -39.358  -19.970  16.591 0.0000000000
46514  -40.712  -19.812  16.391 0.0000000000
46530  -39.742  -19.808  16.030 0.0000000000
47352  -35.507  -19.509  28.866 0.0000000000
47375  -35.181  -19.261  28.419 0.0000000000
47413  -33.442  -18.500  26.209 0.0000000000
47416  -40.734  -17.556  25.051 0.0000000000
47430  -36.331  -18.616  24.063 0.0000000000
47438  -43.555  -18.419  24.249 0.0000000000
47445  -43.110  -18.311  23.541 0.0000000000
47446  -43.779  -18.550  23.696 0.0000000000
47535  -40.005  -18.633  16.757 0.0000000000
48373  -25.769  -16.934  32.914 0.0000000000
48386  -26.016  -17.209  32.475 0.0000000000
48406  -27.035  -17.499  30.291 0.0000000000
48409  -29.910  -18.434  29.117 0.0000000000
48410  -30.388  -18.611  29.073 0.0000000000
48424  -28.495  -17.710  28.792 0.0000000000
48462  -29.355  -17.560  26.953 0.0000000000
48473  -23.864  -17.014  25.509 0.0000000000
48478  -29.669  -17.419  25.967 0.0000000000
48483  -40.525  -17.126  25.255 0.0000000000
48484  -41.379  -17.002  25.487 0.0000000000
48503  -39.793  -17.145  24.965 0.0000000000
48505  -42.626  -17.152  24.520 0.0000000000
48506  -42.979  -17.504  24.600 0.0000000000
48512  -33.294  -17.162  23.395 0.0000000000
48515  -36.194  -17.183  23.599 0.0000000000
48518  -41.351  -17.475  23.611 0.0000000000
48521  -43.604  -18.279  23.915 0.0000000000
48608  -40.188  -18.200  15.870 0.0000000000
48624  -36.734  -18.082  15.128 0.0000000000
49429  -26.242  -15.585  34.577 0.0000000000
49500  -27.082  -16.635  28.905 0.0000000000
49514  -27.641  -16.645  27.406 0.0000000000
49529  -27.413  -15.897  27.330 0.0000000000
49530  -27.650  -16.195  26.944 0.0000000000
49544  -28.095  -16.170  25.918 0.0000000000
49548  -39.888  -16.370  25.467 0.0000000000
49552  -42.633  -16.994  24.981 0.0000000000
49555  -20.397  -16.167  24.789 0.0000000000
49560  -28.548  -15.981  25.168 0.0000000000
49562  -30.087  -16.673  24.162 0.0000000000
49563  -30.851  -16.722  23.840 0.0000000000
49567  -39.476  -16.541  25.208 0.0000000000
49568  -41.736  -16.295  24.610 0.0000000000
49578  -34.676  -16.328  23.174 0.0000000000
49584  -42.136  -16.798  24.384 0.0000000000
49587  -33.096  -15.824  22.814 0.0000000000
49588  -33.492  -15.617  22.855 0.0000000000
49600  -35.613  -16.203  20.207 0.0000000000
49630  -36.377  -16.228  17.788 0.0000000000
49669  -40.082  -16.661  15.619 0.0000000000
50516  -27.657  -14.543  33.808 0.0000000000
50518  -30.597  -13.609  33.189 0.0000000000
50519  -30.973  -13.541  32.970 0.0000000000
50597  -26.761  -16.192  29.101 0.0000000000
50603  -22.987  -15.133  27.113 0.0000000000
50606  -27.604  -15.034  27.290 0.0000000000
50637  -22.819  -15.621  25.732 0.0000000000
50638  -23.360  -15.858  26.186 0.0000000000
50641  -38.574  -15.750  25.262 0.0000000000
50652  -20.631  -16.065  24.786 0.0000000000
50655  -22.502  -15.863  25.185 0.0000000000
50656  -28.808  -15.638  24.858 0.0000000000
50663  -41.345  -15.776  24.722 0.0000000000
50664  -41.804  -16.243  24.804 0.0000000000
50667  -30.103  -15.414  23.808 0.0000000000
50670  -32.671  -15.578  22.775 0.0000000000
50673  -36.066  -15.431  23.862 0.0000000000
50682  -33.098  -15.294  22.771 0.0000000000
50689  -35.266  -14.881  20.602 0.0000000000
50694  -34.302  -14.675  19.370 0.0000000000
51591  -24.033  -14.008  36.174 0.0000000000
51629  -27.391  -14.743  34.444 0.0000000000
51632  -30.779  -13.284  33.491 0.0000000000
51635  -33.534  -12.940  33.239 0.0000000000
51691  -23.327  -14.744  31.942 0.0000000000
51714  -26.322  -15.652  30.087 0.0000000000
51731  -26.544  -15.456  29.683 0.0000000000
51732  -26.879  -15.013  29.370 0.0000000000
51740  -21.702  -13.674  28.785 0.0000000000
51755  -27.488  -14.777  27.708 0.0000000000
51784  -22.657  -15.191  26.141 0.0000000000
51785  -28.805  -14.547  25.680 0.0000000000
51793  -41.109  -15.289  25.062 0.0000000000
51804  -29.855  -14.430  24.961 0.0000000000
51805  -30.409  -14.325  24.553 0.0000000000
51807  -36.069  -14.511  24.038 0.0000000000
51816  -31.797  -14.272  23.302 0.0000000000
51827  -32.411  -14.709  22.829 0.0000000000
51828  -32.984  -14.802  22.830 0.0000000000
51829  -33.317  -14.958  22.842 0.0000000000
51843  -33.657  -13.600  18.408 0.0000000000
51847  -34.143  -14.456  18.056 0.0000000000
51852  -34.098  -13.944  17.440 0.0000000000
52718  -28.329  -13.980  34.305 0.0000000000
52815  -29.219  -13.762  29.033 0.0000000000
52829  -18.658  -13.693  28.072 0.0000000000
52844  -20.545  -13.534  27.929 0.0000000000
52857  -31.974  -13.471  25.724 0.0000000000
52860  -37.827  -13.953  25.161 0.0000000000
52893  -33.571  -13.756  23.517 0.0000000000
52894  -34.421  -13.992  23.414 0.0000000000
52913  -34.822  -13.505  20.702 0.0000000000
52920  -33.513  -13.177  17.998 0.0000000000
52942  -34.226  -13.020  16.622 0.0000000000
53812  -36.883  -11.074  32.723 0.0000000000
53813  -37.391  -10.829  32.466 0.0000000000
53851  -18.869  -12.610  30.305 0.0000000000
53974  -36.731  -13.118  24.681 0.0000000000
54047  -33.570  -12.683  19.020 0.0000000000
54086  -34.995  -11.679  15.662 0.0000000000
54879  -22.066  -10.380  35.546 0.0000000000
54915  -21.071  -10.790  33.479 0.0000000000
55124  -38.742  -12.009  23.436 0.0000000000
55172  -33.441  -11.692  16.741 0.0000000000
55186  -35.164  -11.320  15.181 0.0000000000
55932  -22.256  -10.269  36.231 0.0000000000
55953  -22.132  -10.289  35.772 0.0000000000
56050  -39.049  -9.319  30.935 0.0000000000
56117  -36.224  -10.906  25.967 0.0000000000
56124  -41.588  -9.340  27.065 0.0000000000
56140  -38.132  -10.492  25.817 0.0000000000
56168  -39.076  -10.603  23.892 0.0000000000
56233  -33.282  -10.622  17.397 0.0000000000
56240  -33.743  -11.120  16.296 0.0000000000
57002  -20.837  -9.134  36.180 0.0000000000
57042  -19.894  -9.753  35.054 0.0000000000
57128  -37.617  -9.740  29.355 0.0000000000
57129  -37.863  -9.604  29.542 0.0000000000
57134  -41.315  -8.454  28.666 0.0000000000
57211  -41.233  -9.398  25.891 0.0000000000
57232  -40.413  -9.683  25.025 0.0000000000
57336  -33.781  -10.235  16.120 0.0000000000
57338  -34.729  -9.189  15.905 0.0000000000
57344  -33.963  -10.450  15.810 0.0000000000
58245  -41.782  -8.015  28.554 0.0000000000
58410  -35.765  -8.017  20.689 0.0000000000
59597  -39.089  -8.071  16.219 0.0000000000
59598  -42.327  -7.926  16.481 0.0000000000
59607  -38.878  -8.067  16.048 0.0000000000
59632  -41.959  -7.170  14.342 0.0000000000
59679  -40.007  -7.723  8.693 0.0000000000
60640  -45.608  -6.803  22.630 0.0000000000
60662  -42.086  -6.347  20.823 0.0000000000
60663  -42.793  -6.616  20.969 0.0000000000
60800  -41.984  -5.782  10.788 0.0000000000
61783  -43.306  -5.271  22.204 0.0000000000
61784  -43.923  -5.602  22.516 0.0000000000
62028  -42.384  -5.033  10.031 0.0000000000
62947  -38.252  -5.027  24.555 0.0000000000
62950  -44.218  -4.011  23.668 0.0000000000
63089  -49.928  -3.700  16.213 0.0000000000
63123  -49.037  -3.884  15.135 0.0000000000
63219  -41.199  -5.145  8.809 0.0000000000
64128  -41.127  -3.053  23.209 0.0000000000
64265  -49.889  -3.382  15.721 0.0000000000
64300  -47.359  -3.176  12.533 0.0000000000
64326  -45.472  -3.069  10.612 0.0000000000
64373  -42.009  -3.345  7.986 0.0000000000
65218  -40.141  -2.215  27.317 0.0000000000
65258  -39.634  -2.636  24.305 0.0000000000
65405  -48.474  -2.946  13.336 0.0000000000
65430  -46.604  -2.896  11.396 0.0000000000
65463  -44.053  -2.761  9.319 0.0000000000
65479  -42.706  -2.938  8.250 0.0000000000
65490  -41.803  -3.118  7.350 0.0000000000
66631  -45.819  -1.901  9.588 0.0000000000
66661  -42.859  -2.364  7.651 0.0000000000
67504  -40.838  -0.792  25.571 0.0000000000
67730  -53.247  0.447  11.028 0.0000000000
67742  -49.002  -0.410  8.985 0.0000000000
67763  -49.963  0.101  8.963 0.0000000000
67778  -48.509  0.066  7.654 0.0000000000
67783  -46.799  -0.058  6.577 0.0000000000
67784  -47.568  0.093  6.800 0.0000000000
68829  -50.199  0.520  8.525 0.0000000000
68831  -51.811  0.893  9.050 0.0000000000
68848  -49.366  0.507  7.681 0.0000000000
68849  -50.015  0.771  7.927 0.0000000000
68859  -47.818  0.284  6.572 0.0000000000
