#!ascii label  , from subject 201818 vox2ras=TkReg
855
58408  -33.151  -8.079  20.743 0.0000000000
59487  -17.152  -7.657  22.177 0.0000000000
54022  -25.592  -13.057  21.386 0.0000000000
75139  -40.710  6.937  1.832 0.0000000000
77384  -44.812  8.413  -3.273 0.0000000000
58250  -12.140  -8.255  27.526 0.0000000000
73995  -37.166  5.892  5.941 0.0000000000
63033  -32.025  -3.988  18.710 0.0000000000
55132  -30.541  -11.748  21.144 0.0000000000
58310  -14.759  -8.588  25.429 0.0000000000
53903  -15.119  -12.802  27.170 0.0000000000
57321  -29.842  -9.137  18.455 0.0000000000
60712  -28.950  -6.607  18.250 0.0000000000
57277  -21.099  -9.620  21.031 0.0000000000
57309  -26.780  -10.130  19.332 0.0000000000
64355  -33.180  -3.290  7.584 0.0000000000
68852  -36.855  0.727  6.681 0.0000000000
70893  -39.724  2.559  4.175 0.0000000000
51723  -8.864  -14.970  29.886 0.0000000000
50554  -5.724  -15.695  31.766 0.0000000000
64218  -25.986  -3.880  17.294 0.0000000000
64280  -27.279  -3.162  13.641 0.0000000000
63174  -30.394  -4.836  10.532 0.0000000000
52808  -11.916  -13.902  28.798 0.0000000000
55100  -18.129  -11.098  23.630 0.0000000000
57236  -19.256  -9.709  22.697 0.0000000000
56195  -32.030  -10.238  20.943 0.0000000000
61732  -16.633  -4.846  23.956 0.0000000000
59458  -15.743  -7.689  24.050 0.0000000000
56132  -16.267  -11.224  24.350 0.0000000000
58421  -28.704  -8.325  20.272 0.0000000000
56217  -28.522  -10.447  18.754 0.0000000000
68836  -33.242  0.453  7.607 0.0000000000
66657  -35.161  -1.378  7.133 0.0000000000
70849  -34.868  2.156  6.964 0.0000000000
72994  -37.492  4.515  4.284 0.0000000000
71953  -39.596  3.979  2.609 0.0000000000
71938  -42.494  2.500  3.526 0.0000000000
71983  -41.348  3.914  1.227 0.0000000000
74060  -42.681  5.235  -0.082 0.0000000000
64169  -26.373  -4.291  20.620 0.0000000000
63043  -27.220  -4.840  18.026 0.0000000000
65328  -24.908  -2.622  19.600 0.0000000000
67634  -26.035  -0.504  14.718 0.0000000000
67668  -27.425  -0.738  12.865 0.0000000000
64294  -28.859  -4.352  12.116 0.0000000000
66587  -29.404  -1.612  10.712 0.0000000000
65458  -31.023  -2.524  9.390 0.0000000000
55139  -23.232  -11.780  20.702 0.0000000000
55003  -9.599  -11.610  28.172 0.0000000000
55020  -11.525  -11.181  26.979 0.0000000000
48366  -5.229  -17.508  33.753 0.0000000000
48354  -3.427  -17.830  34.328 0.0000000000
72952  -35.349  4.631  7.833 0.0000000000
65329  -31.197  -2.973  18.490 0.0000000000
54025  -28.528  -12.550  21.275 0.0000000000
58291  -13.790  -8.547  26.257 0.0000000000
55042  -13.064  -11.427  26.304 0.0000000000
55063  -14.561  -10.897  25.527 0.0000000000
76309  -47.126  7.251  -4.320 0.0000000000
57324  -31.829  -9.149  18.767 0.0000000000
59586  -31.511  -7.540  17.695 0.0000000000
59567  -29.976  -7.737  18.063 0.0000000000
61751  -17.863  -4.677  22.331 0.0000000000
59510  -19.549  -8.285  20.818 0.0000000000
61823  -20.707  -5.939  20.192 0.0000000000
58400  -22.568  -8.570  19.836 0.0000000000
57293  -24.100  -9.761  19.711 0.0000000000
58403  -25.577  -9.179  20.175 0.0000000000
56214  -25.986  -11.079  19.389 0.0000000000
55155  -28.358  -11.432  19.209 0.0000000000
56206  -30.499  -11.039  19.584 0.0000000000
62023  -35.145  -5.471  9.910 0.0000000000
71919  -35.925  3.231  5.418 0.0000000000
69886  -38.123  1.218  5.274 0.0000000000
74087  -43.938  5.742  -1.076 0.0000000000
50570  -7.480  -15.252  30.591 0.0000000000
49444  -7.532  -17.255  33.185 0.0000000000
63060  -30.196  -5.419  17.322 0.0000000000
64202  -29.268  -3.980  17.649 0.0000000000
65354  -29.018  -3.439  17.119 0.0000000000
67605  -25.121  -0.746  17.254 0.0000000000
64255  -27.257  -3.803  15.375 0.0000000000
64257  -29.475  -3.559  16.023 0.0000000000
61925  -30.556  -5.276  14.725 0.0000000000
61969  -32.086  -6.268  12.958 0.0000000000
60782  -33.675  -6.487  11.848 0.0000000000
63192  -32.357  -5.001  9.069 0.0000000000
66642  -31.946  -1.193  8.395 0.0000000000
56163  -20.729  -10.248  23.040 0.0000000000
54984  -8.684  -12.580  29.455 0.0000000000
52806  -10.209  -14.142  28.952 0.0000000000
53882  -13.483  -12.856  27.752 0.0000000000
48341  -1.998  -18.018  34.685 0.0000000000
57254  -17.177  -9.221  22.489 0.0000000000
56161  -18.937  -10.212  22.983 0.0000000000
57275  -18.297  -9.405  21.816 0.0000000000
58387  -32.882  -8.996  21.466 0.0000000000
60607  -16.963  -6.476  22.730 0.0000000000
60590  -16.357  -6.850  23.534 0.0000000000
59469  -16.517  -7.765  22.974 0.0000000000
57234  -16.918  -9.674  22.916 0.0000000000
69847  -33.241  1.199  8.085 0.0000000000
68837  -34.143  0.465  7.187 0.0000000000
70848  -34.201  2.485  7.450 0.0000000000
75137  -39.426  6.536  2.579 0.0000000000
74041  -38.631  5.637  2.752 0.0000000000
73029  -39.717  5.516  1.758 0.0000000000
71970  -40.485  4.014  1.850 0.0000000000
74051  -40.753  5.888  1.182 0.0000000000
74058  -41.390  5.810  0.657 0.0000000000
64167  -25.377  -3.215  20.273 0.0000000000
67636  -27.506  0.309  13.664 0.0000000000
67694  -28.331  -0.848  11.513 0.0000000000
67695  -28.949  -0.528  11.029 0.0000000000
67696  -29.983  -0.460  10.849 0.0000000000
54032  -24.059  -12.435  20.852 0.0000000000
54006  -24.238  -13.201  22.529 0.0000000000
54007  -25.326  -13.372  22.400 0.0000000000
57154  -10.425  -9.734  27.757 0.0000000000
58271  -11.594  -9.110  26.884 0.0000000000
76298  -45.258  6.855  -3.011 0.0000000000
48365  -4.316  -17.458  33.570 0.0000000000
63024  -33.742  -4.482  20.135 0.0000000000
64185  -31.506  -3.370  18.698 0.0000000000
54026  -29.398  -12.435  21.306 0.0000000000
55106  -30.321  -11.873  23.042 0.0000000000
60575  -15.465  -7.102  25.420 0.0000000000
59430  -14.721  -7.605  26.014 0.0000000000
59417  -14.608  -6.994  27.206 0.0000000000
58292  -14.397  -8.315  25.992 0.0000000000
57197  -14.288  -9.364  25.493 0.0000000000
57198  -15.032  -9.566  24.931 0.0000000000
53961  -17.597  -12.026  24.951 0.0000000000
55065  -16.147  -11.725  25.149 0.0000000000
57322  -30.886  -9.094  18.174 0.0000000000
58439  -30.623  -8.221  18.088 0.0000000000
58438  -29.727  -8.270  18.549 0.0000000000
62963  -18.930  -3.672  22.582 0.0000000000
61771  -19.378  -4.760  21.321 0.0000000000
62999  -19.949  -4.495  21.387 0.0000000000
60653  -22.183  -6.037  20.317 0.0000000000
59533  -23.471  -7.455  20.212 0.0000000000
57292  -22.988  -9.688  19.861 0.0000000000
59534  -24.103  -8.115  20.220 0.0000000000
57278  -26.225  -9.001  20.524 0.0000000000
57295  -26.105  -9.705  19.808 0.0000000000
57307  -25.648  -10.579  19.405 0.0000000000
56215  -26.710  -10.969  19.250 0.0000000000
55154  -27.475  -11.737  19.451 0.0000000000
56216  -27.542  -10.746  19.071 0.0000000000
57320  -29.301  -9.591  18.559 0.0000000000
56218  -29.488  -10.567  18.810 0.0000000000
56226  -29.753  -9.978  18.517 0.0000000000
56220  -31.211  -10.052  19.087 0.0000000000
63194  -34.519  -5.111  9.030 0.0000000000
62024  -36.079  -5.237  10.009 0.0000000000
63215  -35.007  -4.507  8.336 0.0000000000
67770  -36.731  -0.592  7.307 0.0000000000
65488  -36.871  -2.481  7.756 0.0000000000
73978  -36.613  5.605  6.288 0.0000000000
72964  -35.331  4.326  6.588 0.0000000000
74009  -36.615  5.046  5.396 0.0000000000
71935  -38.676  3.607  3.593 0.0000000000
70891  -37.860  2.551  4.588 0.0000000000
70873  -39.456  1.940  4.849 0.0000000000
69869  -39.865  0.872  6.165 0.0000000000
73050  -43.844  5.031  -0.322 0.0000000000
76280  -42.933  6.841  -1.096 0.0000000000
75186  -43.733  6.751  -1.796 0.0000000000
53847  -8.000  -13.187  30.069 0.0000000000
52783  -7.295  -14.137  30.607 0.0000000000
50583  -8.147  -15.098  30.234 0.0000000000
49473  -8.227  -16.736  31.926 0.0000000000
48358  -7.217  -17.669  34.771 0.0000000000
60721  -30.170  -6.553  17.424 0.0000000000
60722  -30.995  -6.613  17.384 0.0000000000
61856  -29.042  -5.722  17.671 0.0000000000
64200  -26.488  -4.268  17.774 0.0000000000
63044  -28.505  -4.701  17.616 0.0000000000
63058  -27.648  -4.330  17.483 0.0000000000
64220  -28.458  -3.882  17.337 0.0000000000
64219  -27.082  -4.097  17.201 0.0000000000
67606  -25.607  -0.039  16.847 0.0000000000
65399  -26.460  -2.283  13.969 0.0000000000
65391  -26.150  -2.472  14.550 0.0000000000
64267  -26.487  -3.072  14.468 0.0000000000
64256  -28.334  -3.989  15.757 0.0000000000
64269  -28.071  -4.141  14.635 0.0000000000
63112  -29.548  -4.687  14.781 0.0000000000
63128  -28.609  -4.387  13.808 0.0000000000
63173  -29.564  -4.609  11.028 0.0000000000
61985  -30.355  -5.731  12.100 0.0000000000
61986  -31.344  -6.142  11.723 0.0000000000
60769  -33.274  -6.531  12.608 0.0000000000
62004  -31.313  -5.894  10.651 0.0000000000
62021  -32.997  -5.661  9.876 0.0000000000
63175  -31.165  -5.041  10.034 0.0000000000
66611  -31.663  -0.902  9.911 0.0000000000
65473  -31.490  -2.245  8.553 0.0000000000
66627  -31.859  -0.873  9.324 0.0000000000
58380  -20.166  -8.709  21.178 0.0000000000
57258  -20.487  -9.611  22.274 0.0000000000
57259  -21.049  -10.051  21.827 0.0000000000
53879  -10.612  -12.354  27.864 0.0000000000
53878  -9.629  -12.658  28.442 0.0000000000
52807  -11.081  -14.089  28.739 0.0000000000
55023  -14.118  -12.079  26.423 0.0000000000
53901  -13.072  -12.281  26.897 0.0000000000
53883  -14.426  -12.937  28.000 0.0000000000
53962  -18.186  -11.860  24.817 0.0000000000
55086  -19.288  -10.700  24.464 0.0000000000
56150  -19.408  -10.062  24.145 0.0000000000
57219  -20.385  -9.657  24.452 0.0000000000
56181  -31.613  -10.852  21.428 0.0000000000
55107  -31.145  -11.514  22.796 0.0000000000
61720  -16.228  -4.902  24.760 0.0000000000
60576  -15.973  -6.267  24.810 0.0000000000
59457  -15.492  -8.265  24.466 0.0000000000
57216  -15.606  -9.631  24.298 0.0000000000
57217  -16.043  -9.682  23.564 0.0000000000
56147  -16.749  -10.695  23.657 0.0000000000
57312  -29.314  -8.716  18.803 0.0000000000
57297  -27.653  -9.080  20.178 0.0000000000
57310  -27.619  -9.783  19.256 0.0000000000
57311  -28.718  -9.197  19.219 0.0000000000
65485  -33.755  -2.073  7.096 0.0000000000
65486  -34.622  -2.174  7.092 0.0000000000
66656  -34.166  -1.307  7.035 0.0000000000
68838  -35.124  0.383  7.008 0.0000000000
69850  -35.485  1.059  6.894 0.0000000000
74017  -37.321  5.142  4.615 0.0000000000
72995  -38.129  4.886  3.422 0.0000000000
71952  -38.792  4.438  2.969 0.0000000000
71936  -40.153  3.033  3.419 0.0000000000
70894  -40.939  2.517  4.274 0.0000000000
71954  -40.789  3.152  2.574 0.0000000000
71971  -41.533  3.186  1.760 0.0000000000
71984  -42.430  3.376  0.945 0.0000000000
73040  -42.245  4.604  0.457 0.0000000000
74059  -41.983  5.677  0.110 0.0000000000
51706  -9.718  -15.438  30.238 0.0000000000
50572  -9.405  -15.985  30.683 0.0000000000
50542  -10.181  -16.395  32.523 0.0000000000
61825  -27.294  -5.649  19.630 0.0000000000
61855  -27.945  -5.878  18.090 0.0000000000
63021  -26.230  -4.433  19.755 0.0000000000
64183  -25.682  -3.919  19.344 0.0000000000
64217  -25.184  -3.210  17.808 0.0000000000
67607  -26.309  0.641  16.348 0.0000000000
67621  -26.429  0.435  15.167 0.0000000000
66539  -26.732  -0.800  13.653 0.0000000000
65410  -27.318  -2.194  13.097 0.0000000000
63144  -28.417  -4.158  13.148 0.0000000000
65424  -28.330  -2.539  11.827 0.0000000000
65425  -28.859  -2.584  11.242 0.0000000000
64320  -29.648  -3.820  10.500 0.0000000000
64321  -30.325  -3.760  9.987 0.0000000000
66609  -30.132  -1.725  10.180 0.0000000000
56193  -22.073  -11.179  21.182 0.0000000000
56192  -21.585  -10.638  21.477 0.0000000000
54019  -22.733  -12.378  22.047 0.0000000000
55004  -10.323  -11.345  27.615 0.0000000000
53899  -11.291  -11.853  27.460 0.0000000000
49457  -5.967  -16.961  32.327 0.0000000000
51660  -4.882  -15.090  32.357 0.0000000000
49455  -4.152  -16.522  32.582 0.0000000000
50538  -3.226  -16.256  32.839 0.0000000000
49442  -2.477  -16.640  33.462 0.0000000000
66497  -31.195  -2.516  18.195 0.0000000000
54023  -26.622  -12.985  21.323 0.0000000000
54008  -26.365  -13.159  22.337 0.0000000000
59401  -13.727  -7.345  27.965 0.0000000000
58273  -12.846  -8.326  26.908 0.0000000000
58289  -12.436  -9.335  26.181 0.0000000000
57178  -13.474  -9.577  25.726 0.0000000000
56110  -14.100  -10.395  25.578 0.0000000000
53923  -14.811  -12.282  26.421 0.0000000000
56131  -15.607  -10.657  24.513 0.0000000000
55045  -15.903  -12.099  25.839 0.0000000000
53904  -16.120  -12.707  27.348 0.0000000000
77385  -45.828  8.243  -3.872 0.0000000000
58423  -32.594  -8.318  19.657 0.0000000000
59551  -32.676  -7.653  19.093 0.0000000000
58440  -31.538  -8.376  17.982 0.0000000000
59585  -30.557  -7.405  17.638 0.0000000000
59566  -29.354  -7.482  18.749 0.0000000000
60696  -28.986  -6.783  19.468 0.0000000000
60695  -28.441  -6.373  19.517 0.0000000000
63001  -26.966  -4.597  21.167 0.0000000000
60626  -17.785  -6.580  21.575 0.0000000000
59508  -18.371  -7.946  21.128 0.0000000000
60651  -18.620  -6.875  20.881 0.0000000000
60673  -19.525  -6.775  20.486 0.0000000000
59531  -21.014  -7.572  20.077 0.0000000000
61796  -21.047  -5.225  20.704 0.0000000000
60675  -21.522  -6.568  19.999 0.0000000000
58399  -21.374  -8.597  20.165 0.0000000000
56203  -22.419  -10.676  20.598 0.0000000000
56204  -23.526  -10.810  19.944 0.0000000000
55140  -24.279  -11.812  20.127 0.0000000000
59512  -24.506  -7.736  20.754 0.0000000000
58402  -24.772  -8.683  20.190 0.0000000000
56213  -25.344  -10.963  19.580 0.0000000000
54034  -25.871  -12.607  20.424 0.0000000000
54035  -26.914  -12.687  20.445 0.0000000000
54037  -28.832  -12.384  20.456 0.0000000000
54038  -29.670  -12.188  20.581 0.0000000000
55156  -29.283  -11.249  19.193 0.0000000000
55145  -30.160  -11.591  20.095 0.0000000000
56194  -31.433  -10.815  20.472 0.0000000000
56221  -31.805  -9.725  19.465 0.0000000000
61750  -17.170  -5.004  23.053 0.0000000000
64370  -36.015  -3.067  7.773 0.0000000000
71902  -34.781  3.386  6.926 0.0000000000
70857  -35.323  2.394  6.422 0.0000000000
69884  -36.571  1.612  5.913 0.0000000000
71933  -36.957  3.756  4.610 0.0000000000
70871  -37.455  2.188  5.014 0.0000000000
69867  -37.826  0.610  5.786 0.0000000000
69868  -38.807  0.677  5.895 0.0000000000
75176  -45.127  5.929  -1.538 0.0000000000
75187  -44.414  6.615  -2.175 0.0000000000
77378  -43.894  8.318  -3.055 0.0000000000
51684  -6.415  -14.298  31.419 0.0000000000
50555  -6.523  -15.593  31.260 0.0000000000
50557  -8.905  -16.413  31.415 0.0000000000
49472  -7.515  -16.876  31.968 0.0000000000
49471  -6.764  -16.595  31.805 0.0000000000
48381  -6.526  -17.439  33.338 0.0000000000
60713  -32.587  -6.632  18.310 0.0000000000
61874  -31.833  -5.741  17.735 0.0000000000
63047  -31.737  -4.664  18.086 0.0000000000
63045  -29.838  -4.819  17.506 0.0000000000
64204  -31.331  -3.985  18.281 0.0000000000
65344  -29.716  -3.431  17.892 0.0000000000
65355  -29.551  -3.305  17.456 0.0000000000
65369  -29.872  -3.104  17.036 0.0000000000
66496  -24.716  -1.606  18.454 0.0000000000
65366  -25.056  -2.483  17.032 0.0000000000
67619  -25.238  -0.825  16.455 0.0000000000
65381  -25.189  -2.264  16.266 0.0000000000
64236  -26.322  -3.569  16.225 0.0000000000
64237  -27.666  -3.924  16.408 0.0000000000
64239  -29.476  -3.316  16.653 0.0000000000
61966  -29.718  -5.340  13.561 0.0000000000
61948  -31.259  -6.020  13.976 0.0000000000
62006  -33.725  -6.232  10.847 0.0000000000
63193  -33.413  -5.102  9.013 0.0000000000
63213  -32.755  -4.298  8.358 0.0000000000
64337  -31.439  -3.399  8.911 0.0000000000
64354  -32.030  -3.349  8.131 0.0000000000
65474  -32.325  -2.260  7.869 0.0000000000
66654  -32.614  -1.288  7.686 0.0000000000
68822  -32.795  0.703  8.368 0.0000000000
58362  -19.097  -9.126  21.824 0.0000000000
57238  -20.508  -9.934  23.575 0.0000000000
55118  -21.523  -11.261  23.129 0.0000000000
53862  -8.580  -13.172  29.579 0.0000000000
56070  -9.250  -10.932  28.810 0.0000000000
53863  -9.104  -12.965  29.082 0.0000000000
51724  -9.945  -14.861  29.575 0.0000000000
51707  -10.698  -15.311  30.344 0.0000000000
55041  -12.180  -11.133  26.582 0.0000000000
53900  -12.134  -11.947  27.141 0.0000000000
52827  -12.242  -13.364  28.170 0.0000000000
48343  -3.685  -18.261  35.479 0.0000000000
48353  -2.440  -17.532  33.978 0.0000000000
49432  -1.979  -16.594  33.772 0.0000000000
58424  -33.041  -7.762  20.116 0.0000000000
58360  -17.262  -8.705  22.269 0.0000000000
57255  -17.781  -9.626  22.235 0.0000000000
58377  -17.854  -8.593  21.724 0.0000000000
58407  -32.789  -8.838  20.932 0.0000000000
59470  -16.692  -7.230  22.633 0.0000000000
59486  -16.949  -8.211  22.552 0.0000000000
58359  -16.854  -8.725  22.763 0.0000000000
70847  -33.553  1.940  8.278 0.0000000000
69848  -33.793  1.341  7.585 0.0000000000
70839  -33.944  2.804  8.690 0.0000000000
75138  -39.963  6.691  2.294 0.0000000000
74049  -39.474  6.001  2.065 0.0000000000
74050  -40.060  6.039  1.646 0.0000000000
68743  -28.568  0.032  11.973 0.0000000000
54033  -24.870  -12.621  20.632 0.0000000000
54021  -24.558  -13.043  21.491 0.0000000000
58249  -11.510  -8.758  27.323 0.0000000000
76303  -44.832  7.735  -3.210 0.0000000000
76304  -45.426  7.245  -3.448 0.0000000000
63034  -32.686  -4.258  19.125 0.0000000000
64186  -32.526  -3.267  19.566 0.0000000000
54027  -30.027  -12.058  21.329 0.0000000000
54012  -29.858  -12.152  22.120 0.0000000000
55120  -30.515  -11.797  22.047 0.0000000000
60563  -15.295  -6.278  26.181 0.0000000000
62979  -19.390  -4.015  21.867 0.0000000000
60655  -23.694  -6.649  20.968 0.0000000000
60677  -23.205  -6.674  20.447 0.0000000000
57296  -26.858  -9.394  19.932 0.0000000000
56227  -30.540  -9.783  18.493 0.0000000000
63214  -33.863  -4.424  8.241 0.0000000000
64356  -34.432  -3.701  7.722 0.0000000000
68839  -36.170  0.377  6.958 0.0000000000
68853  -37.625  0.547  6.592 0.0000000000
73994  -36.709  5.396  5.723 0.0000000000
70892  -38.603  2.620  4.351 0.0000000000
52804  -8.332  -13.964  29.780 0.0000000000
51722  -8.040  -14.557  30.120 0.0000000000
60720  -29.528  -6.371  17.666 0.0000000000
65392  -26.513  -2.858  14.107 0.0000000000
64268  -27.013  -3.442  14.244 0.0000000000
63111  -28.908  -4.563  14.522 0.0000000000
63159  -29.990  -5.244  11.303 0.0000000000
62003  -30.610  -5.689  11.207 0.0000000000
61987  -31.963  -6.348  11.327 0.0000000000
58381  -20.765  -8.860  20.846 0.0000000000
57276  -20.579  -9.210  21.304 0.0000000000
52826  -11.331  -13.386  28.158 0.0000000000
51726  -11.617  -14.400  29.322 0.0000000000
53902  -14.139  -12.492  26.900 0.0000000000
51683  -5.743  -14.998  31.768 0.0000000000
51682  -5.355  -15.383  31.888 0.0000000000
61828  -33.591  -5.647  19.899 0.0000000000
55085  -18.717  -11.295  24.302 0.0000000000
55101  -18.595  -10.762  23.511 0.0000000000
56162  -19.308  -10.091  23.563 0.0000000000
57237  -19.755  -9.648  23.425 0.0000000000
62941  -16.749  -3.862  24.350 0.0000000000
59442  -15.623  -7.249  24.828 0.0000000000
58331  -15.735  -8.795  24.090 0.0000000000
56159  -17.253  -10.250  23.020 0.0000000000
56148  -17.604  -11.023  23.536 0.0000000000
55084  -17.614  -11.554  24.164 0.0000000000
58422  -29.153  -8.183  19.453 0.0000000000
66655  -33.322  -1.278  7.224 0.0000000000
67767  -33.687  -0.418  7.180 0.0000000000
69849  -34.691  1.382  7.136 0.0000000000
69864  -35.298  1.697  6.815 0.0000000000
75115  -38.379  6.430  4.245 0.0000000000
74028  -38.436  5.905  3.343 0.0000000000
73006  -39.049  4.623  2.574 0.0000000000
73005  -38.652  5.138  2.749 0.0000000000
71982  -40.833  4.410  1.385 0.0000000000
73032  -41.814  4.140  0.880 0.0000000000
63022  -26.782  -4.986  20.176 0.0000000000
63032  -26.707  -5.162  19.116 0.0000000000
65309  -25.198  -2.817  20.389 0.0000000000
64182  -25.253  -3.293  19.866 0.0000000000
64198  -25.151  -3.348  18.916 0.0000000000
67649  -27.177  -0.423  13.418 0.0000000000
66551  -26.913  -1.458  13.295 0.0000000000
66565  -27.474  -1.509  12.585 0.0000000000
65411  -27.794  -2.575  12.639 0.0000000000
66586  -28.631  -1.607  11.363 0.0000000000
65441  -29.412  -2.807  10.710 0.0000000000
65442  -30.021  -2.809  10.175 0.0000000000
66608  -29.705  -2.229  10.398 0.0000000000
67717  -30.648  -0.791  10.472 0.0000000000
55138  -22.499  -11.494  21.110 0.0000000000
55131  -22.784  -12.033  21.418 0.0000000000
53989  -25.049  -13.473  23.486 0.0000000000
56085  -10.663  -10.540  27.230 0.0000000000
53898  -10.784  -11.704  27.593 0.0000000000
48379  -5.140  -17.219  32.896 0.0000000000
49456  -5.066  -16.553  32.234 0.0000000000
48364  -3.431  -17.208  33.304 0.0000000000
48377  -3.852  -16.880  32.847 0.0000000000
49443  -3.003  -16.628  33.100 0.0000000000
48363  -2.790  -17.059  33.430 0.0000000000
65345  -30.426  -3.061  17.963 0.0000000000
54024  -27.617  -12.835  21.279 0.0000000000
54009  -27.358  -12.947  22.286 0.0000000000
54010  -28.293  -12.656  22.242 0.0000000000
59416  -14.183  -7.826  26.889 0.0000000000
58274  -13.451  -7.849  27.251 0.0000000000
58290  -12.883  -9.049  26.211 0.0000000000
55043  -14.229  -11.548  25.959 0.0000000000
53940  -16.301  -12.329  25.851 0.0000000000
53924  -15.744  -12.463  26.392 0.0000000000
57314  -32.014  -9.153  19.272 0.0000000000
58441  -31.993  -8.678  18.689 0.0000000000
58459  -30.953  -7.840  17.702 0.0000000000
59584  -29.784  -7.028  17.946 0.0000000000
59550  -29.356  -7.419  20.062 0.0000000000
60678  -28.717  -6.466  20.184 0.0000000000
61826  -28.092  -6.023  20.180 0.0000000000
63023  -27.516  -5.326  20.696 0.0000000000
60627  -18.393  -6.144  21.174 0.0000000000
61795  -19.712  -5.448  20.684 0.0000000000
60652  -19.157  -6.259  20.726 0.0000000000
61822  -20.059  -6.199  20.231 0.0000000000
59530  -20.095  -7.725  20.522 0.0000000000
60674  -20.452  -6.784  20.087 0.0000000000
60676  -22.627  -6.639  20.081 0.0000000000
59532  -22.101  -7.527  19.826 0.0000000000
57291  -21.953  -9.580  20.220 0.0000000000
58401  -23.668  -8.673  19.862 0.0000000000
56205  -24.543  -10.827  19.681 0.0000000000
58383  -25.605  -8.563  20.956 0.0000000000
58382  -25.134  -8.003  21.257 0.0000000000
55152  -25.718  -11.824  19.705 0.0000000000
54044  -26.419  -12.296  19.902 0.0000000000
55143  -28.241  -12.050  19.799 0.0000000000
55142  -27.782  -12.156  19.795 0.0000000000
55144  -29.115  -11.900  19.817 0.0000000000
55157  -29.956  -11.011  19.297 0.0000000000
55146  -30.847  -11.127  20.114 0.0000000000
56207  -31.078  -10.732  19.630 0.0000000000
57313  -31.644  -9.506  18.875 0.0000000000
57299  -32.218  -9.436  20.264 0.0000000000
62962  -18.017  -3.706  23.088 0.0000000000
61769  -17.650  -5.592  22.247 0.0000000000
61990  -35.541  -5.976  11.626 0.0000000000
63196  -36.773  -4.844  9.494 0.0000000000
62025  -36.618  -5.168  10.082 0.0000000000
64369  -35.038  -2.994  7.489 0.0000000000
65487  -35.663  -2.292  7.333 0.0000000000
71895  -34.522  3.718  8.018 0.0000000000
72951  -34.928  4.035  7.223 0.0000000000
72973  -35.760  4.048  5.563 0.0000000000
71911  -35.170  3.373  6.105 0.0000000000
70869  -35.737  2.688  5.855 0.0000000000
70858  -36.011  2.074  6.004 0.0000000000
70870  -36.491  2.330  5.484 0.0000000000
72985  -37.098  4.876  4.715 0.0000000000
72993  -37.107  4.019  4.490 0.0000000000
70872  -38.435  1.928  4.863 0.0000000000
69885  -37.230  1.407  5.537 0.0000000000
71937  -41.383  2.715  3.478 0.0000000000
73041  -43.367  4.602  0.067 0.0000000000
74073  -44.221  5.230  -0.715 0.0000000000
74088  -44.636  5.630  -1.112 0.0000000000
76296  -43.684  7.383  -2.361 0.0000000000
51704  -7.524  -14.531  30.398 0.0000000000
52766  -7.089  -13.761  31.037 0.0000000000
51703  -7.082  -14.494  30.777 0.0000000000
50569  -6.857  -14.922  30.955 0.0000000000
50541  -9.497  -16.438  31.986 0.0000000000
49459  -7.908  -17.034  32.651 0.0000000000
49458  -6.922  -17.228  32.694 0.0000000000
48357  -6.357  -17.667  34.729 0.0000000000
59569  -32.311  -7.782  18.333 0.0000000000
60697  -32.776  -7.170  18.868 0.0000000000
59587  -32.145  -7.122  17.897 0.0000000000
61872  -30.514  -5.889  17.272 0.0000000000
60723  -31.900  -6.418  17.648 0.0000000000
61873  -31.295  -5.731  17.436 0.0000000000
61857  -31.705  -5.329  17.805 0.0000000000
63061  -30.665  -5.199  17.385 0.0000000000
61854  -27.434  -5.520  18.181 0.0000000000
63046  -30.904  -4.493  17.772 0.0000000000
64203  -30.574  -3.661  18.063 0.0000000000
65368  -29.339  -3.327  16.985 0.0000000000
67598  -25.124  -0.795  18.190 0.0000000000
66506  -24.805  -1.565  17.550 0.0000000000
65353  -24.776  -2.306  17.871 0.0000000000
67620  -25.601  -0.373  15.702 0.0000000000
64254  -26.409  -3.263  15.033 0.0000000000
65382  -25.582  -2.631  15.513 0.0000000000
65367  -25.521  -2.879  16.374 0.0000000000
65383  -29.924  -3.220  16.608 0.0000000000
63113  -30.325  -4.922  14.922 0.0000000000
64293  -28.427  -3.655  12.382 0.0000000000
63145  -28.965  -4.757  12.951 0.0000000000
61968  -31.498  -6.138  12.791 0.0000000000
61967  -30.442  -5.729  13.244 0.0000000000
60781  -32.726  -6.539  11.755 0.0000000000
61970  -33.927  -6.478  12.985 0.0000000000
60770  -33.917  -6.496  12.465 0.0000000000
60783  -34.146  -6.416  12.192 0.0000000000
61989  -34.455  -6.244  11.752 0.0000000000
61988  -33.880  -6.368  11.444 0.0000000000
65457  -30.550  -3.006  9.778 0.0000000000
64336  -30.835  -3.615  9.435 0.0000000000
68821  -32.531  0.154  8.425 0.0000000000
59509  -18.946  -8.327  20.830 0.0000000000
58378  -18.591  -8.990  21.477 0.0000000000
58379  -19.336  -8.740  21.313 0.0000000000
58363  -19.741  -9.049  21.822 0.0000000000
57239  -20.883  -10.401  23.773 0.0000000000
54004  -22.329  -12.356  22.869 0.0000000000
55129  -21.588  -11.174  22.332 0.0000000000
55104  -22.265  -12.414  23.910 0.0000000000
53991  -27.107  -13.046  23.302 0.0000000000
54964  -8.259  -12.373  30.041 0.0000000000
52825  -10.404  -13.418  28.375 0.0000000000
52824  -9.693  -13.474  28.748 0.0000000000
52805  -9.233  -13.977  29.294 0.0000000000
51725  -10.905  -14.678  29.457 0.0000000000
57177  -12.712  -9.746  25.848 0.0000000000
57176  -12.054  -9.686  26.182 0.0000000000
56108  -12.505  -10.492  26.105 0.0000000000
53921  -12.526  -11.709  26.713 0.0000000000
53881  -12.608  -12.758  27.632 0.0000000000
52828  -12.963  -13.210  28.270 0.0000000000
76305  -46.343  7.183  -4.034 0.0000000000
48342  -2.500  -18.252  35.322 0.0000000000
56160  -17.882  -10.427  22.982 0.0000000000
56177  -17.983  -10.047  22.548 0.0000000000
56178  -18.270  -10.020  22.522 0.0000000000
57256  -18.720  -9.557  22.138 0.0000000000
57282  -32.710  -9.498  21.527 0.0000000000
60591  -16.556  -5.817  23.741 0.0000000000
60606  -16.554  -7.071  22.929 0.0000000000
58345  -16.289  -8.728  23.391 0.0000000000
74029  -38.814  6.383  3.199 0.0000000000
74042  -38.929  5.995  2.634 0.0000000000
73019  -38.809  5.460  2.497 0.0000000000
73020  -39.359  5.044  2.168 0.0000000000
71969  -39.823  4.369  2.104 0.0000000000
73021  -39.970  4.586  1.901 0.0000000000
73030  -40.280  5.016  1.565 0.0000000000
73031  -41.311  4.856  1.011 0.0000000000
75146  -41.232  6.683  1.025 0.0000000000
64168  -25.707  -3.527  20.548 0.0000000000
65310  -25.491  -2.856  20.882 0.0000000000
66463  -25.359  -2.164  20.994 0.0000000000
66462  -25.056  -1.815  20.230 0.0000000000
67669  -27.990  -0.486  12.172 0.0000000000
66566  -27.987  -1.590  11.922 0.0000000000
67670  -28.557  -0.242  11.609 0.0000000000
68765  -29.537  -0.026  11.153 0.0000000000
54020  -23.490  -12.639  21.608 0.0000000000
57155  -11.102  -9.502  27.037 0.0000000000
56086  -11.358  -10.349  26.729 0.0000000000
75188  -45.380  6.464  -2.415 0.0000000000
48356  -5.435  -17.797  34.675 0.0000000000
48355  -4.452  -17.864  34.534 0.0000000000
64184  -31.086  -3.315  18.418 0.0000000000
54011  -29.152  -12.473  22.164 0.0000000000
53994  -29.663  -12.270  22.815 0.0000000000
60564  -15.783  -5.784  25.625 0.0000000000
60553  -14.903  -6.021  27.507 0.0000000000
59429  -14.303  -8.103  26.310 0.0000000000
58309  -14.315  -8.694  25.800 0.0000000000
56130  -14.827  -10.344  25.297 0.0000000000
55083  -16.734  -11.513  24.353 0.0000000000
55066  -17.034  -11.901  24.799 0.0000000000
53941  -17.054  -12.396  25.513 0.0000000000
56228  -31.165  -9.524  18.568 0.0000000000
57323  -31.582  -9.139  18.381 0.0000000000
62978  -18.514  -4.222  22.248 0.0000000000
61770  -18.558  -5.228  21.538 0.0000000000
63000  -20.591  -4.680  21.232 0.0000000000
61797  -22.100  -5.483  21.011 0.0000000000
60654  -22.942  -6.111  20.766 0.0000000000
57294  -25.246  -9.963  19.552 0.0000000000
57308  -26.058  -10.389  19.385 0.0000000000
55153  -26.549  -11.756  19.458 0.0000000000
56225  -29.104  -9.978  18.615 0.0000000000
56219  -30.385  -10.540  18.940 0.0000000000
63195  -35.604  -4.990  9.176 0.0000000000
63216  -36.057  -4.330  8.612 0.0000000000
67769  -35.683  -0.540  7.019 0.0000000000
66658  -36.284  -1.509  7.189 0.0000000000
72965  -36.199  5.311  7.060 0.0000000000
72974  -36.182  4.940  5.895 0.0000000000
71934  -37.585  3.395  4.422 0.0000000000
69887  -39.145  1.326  5.425 0.0000000000
69888  -40.235  1.400  5.548 0.0000000000
74072  -43.340  5.539  -0.571 0.0000000000
75175  -44.167  6.096  -1.577 0.0000000000
75174  -43.416  6.373  -1.214 0.0000000000
76290  -43.091  7.303  -1.528 0.0000000000
52784  -7.576  -13.767  30.384 0.0000000000
50582  -7.810  -14.875  30.297 0.0000000000
48369  -7.637  -17.591  34.201 0.0000000000
61871  -29.843  -5.804  17.382 0.0000000000
63042  -26.445  -4.425  18.183 0.0000000000
63059  -27.921  -4.452  17.554 0.0000000000
64201  -28.705  -4.130  17.611 0.0000000000
66538  -26.316  -1.373  14.041 0.0000000000
66527  -25.712  -1.485  15.001 0.0000000000
63092  -28.988  -4.306  15.245 0.0000000000
63093  -29.884  -4.170  15.340 0.0000000000
63129  -29.471  -4.931  14.054 0.0000000000
63158  -29.357  -4.967  11.883 0.0000000000
60767  -31.822  -6.249  12.258 0.0000000000
60768  -32.354  -6.386  12.644 0.0000000000
60780  -32.041  -6.369  11.929 0.0000000000
62005  -32.552  -6.123  10.788 0.0000000000
60795  -33.269  -6.450  11.294 0.0000000000
62020  -31.884  -5.568  9.809 0.0000000000
63191  -31.441  -4.495  9.337 0.0000000000
66610  -30.981  -1.454  9.898 0.0000000000
66626  -31.441  -1.605  9.331 0.0000000000
66641  -31.666  -1.495  8.894 0.0000000000
56180  -21.105  -10.443  22.540 0.0000000000
55022  -13.726  -12.008  26.469 0.0000000000
63035  -33.285  -4.781  19.390 0.0000000000
63048  -32.343  -4.660  18.567 0.0000000000
55067  -18.711  -11.753  25.375 0.0000000000
55068  -19.198  -11.025  25.248 0.0000000000
56133  -19.379  -10.131  25.075 0.0000000000
56149  -19.064  -10.546  23.812 0.0000000000
55121  -31.107  -11.370  21.796 0.0000000000
61708  -15.982  -4.680  25.438 0.0000000000
60577  -16.338  -5.456  24.327 0.0000000000
61719  -16.008  -5.374  25.371 0.0000000000
59441  -15.201  -7.857  24.943 0.0000000000
58330  -15.278  -8.774  24.693 0.0000000000
56146  -15.936  -10.218  23.943 0.0000000000
64367  -33.508  -2.583  7.344 0.0000000000
64368  -34.070  -2.818  7.344 0.0000000000
67768  -34.638  -0.462  7.057 0.0000000000
74010  -37.068  5.368  5.111 0.0000000000
74018  -37.666  5.734  4.331 0.0000000000
71955  -41.911  2.632  2.592 0.0000000000
71993  -42.836  4.001  0.425 0.0000000000
73039  -41.728  5.224  0.567 0.0000000000
74071  -42.586  5.881  -0.319 0.0000000000
51705  -9.141  -15.566  30.284 0.0000000000
50558  -9.848  -16.208  31.432 0.0000000000
61841  -27.830  -6.133  19.087 0.0000000000
61840  -27.296  -5.657  18.603 0.0000000000
63031  -26.285  -4.544  18.749 0.0000000000
64199  -25.797  -4.056  18.250 0.0000000000
68705  -27.491  0.614  14.047 0.0000000000
67635  -26.790  -0.029  14.100 0.0000000000
66550  -26.593  -1.956  13.681 0.0000000000
65400  -26.838  -2.610  13.558 0.0000000000
65401  -27.478  -2.810  13.344 0.0000000000
64281  -27.835  -3.611  13.465 0.0000000000
64306  -28.687  -3.131  11.733 0.0000000000
64307  -29.058  -3.765  11.419 0.0000000000
65443  -30.558  -2.309  9.898 0.0000000000
66588  -30.012  -1.108  10.484 0.0000000000
56202  -21.790  -10.087  20.840 0.0000000000
55130  -22.091  -11.703  21.837 0.0000000000
54005  -23.204  -12.821  22.725 0.0000000000
56071  -9.909  -10.512  28.147 0.0000000000
53880  -11.710  -12.643  27.704 0.0000000000
53884  -15.447  -12.874  28.273 0.0000000000
49469  -5.478  -16.107  31.899 0.0000000000
50553  -5.145  -15.797  31.993 0.0000000000
50540  -4.495  -15.908  32.356 0.0000000000
50539  -3.668  -15.999  32.634 0.0000000000
48378  -4.312  -17.052  32.824 0.0000000000
50522  -2.941  -15.751  33.173 0.0000000000
72953  -36.374  5.206  8.234 0.0000000000
72966  -36.996  5.627  7.711 0.0000000000
73979  -37.280  5.870  6.904 0.0000000000
73996  -38.101  6.238  6.285 0.0000000000
66507  -31.124  -2.515  17.831 0.0000000000
58252  -13.346  -7.635  27.814 0.0000000000
58272  -12.130  -8.946  26.686 0.0000000000
56109  -13.326  -10.543  25.851 0.0000000000
53922  -14.350  -12.145  26.412 0.0000000000
55064  -15.135  -11.181  25.403 0.0000000000
55044  -15.335  -11.888  25.874 0.0000000000
59568  -31.817  -7.937  17.929 0.0000000000
58460  -31.157  -8.024  17.800 0.0000000000
60711  -28.394  -6.438  18.819 0.0000000000
64152  -27.151  -4.133  22.320 0.0000000000
59507  -17.823  -7.626  21.524 0.0000000000
60650  -18.081  -7.264  21.191 0.0000000000
59528  -18.819  -7.666  20.714 0.0000000000
61794  -18.876  -5.990  20.998 0.0000000000
60672  -19.062  -7.275  20.675 0.0000000000
59529  -19.309  -7.710  20.610 0.0000000000
58398  -20.670  -8.279  20.549 0.0000000000
62980  -20.684  -3.751  22.036 0.0000000000
61824  -21.533  -5.771  20.319 0.0000000000
59511  -24.309  -7.130  21.199 0.0000000000
55151  -24.978  -11.530  19.821 0.0000000000
55141  -25.108  -12.135  20.074 0.0000000000
54045  -27.120  -12.284  19.800 0.0000000000
54036  -27.838  -12.483  20.279 0.0000000000
54039  -30.144  -11.975  20.770 0.0000000000
55133  -30.994  -11.308  20.837 0.0000000000
56208  -31.678  -10.221  19.960 0.0000000000
62942  -17.353  -3.456  23.833 0.0000000000
62961  -17.125  -4.146  23.625 0.0000000000
62009  -36.646  -5.363  10.662 0.0000000000
64357  -35.490  -3.740  7.987 0.0000000000
64358  -36.424  -3.634  8.167 0.0000000000
70856  -34.797  2.703  6.847 0.0000000000
71903  -35.020  3.762  6.588 0.0000000000
71910  -34.931  2.979  6.518 0.0000000000
69865  -36.130  1.399  6.529 0.0000000000
69866  -37.060  1.020  6.128 0.0000000000
72984  -36.636  4.382  4.925 0.0000000000
72983  -36.204  3.731  5.136 0.0000000000
71921  -37.389  2.832  4.692 0.0000000000
71920  -36.760  3.221  4.879 0.0000000000
68854  -38.505  0.333  6.541 0.0000000000
76297  -44.631  7.307  -2.919 0.0000000000
77379  -44.522  7.954  -3.145 0.0000000000
78465  -43.917  9.053  -3.173 0.0000000000
50571  -8.525  -15.698  30.553 0.0000000000
50556  -7.702  -16.250  31.258 0.0000000000
49470  -5.937  -16.281  31.837 0.0000000000
48380  -5.983  -17.358  33.099 0.0000000000
48368  -7.071  -17.532  33.776 0.0000000000
48367  -6.101  -17.557  33.876 0.0000000000
59552  -32.989  -7.316  19.620 0.0000000000
64221  -29.235  -3.608  17.592 0.0000000000
65356  -30.483  -2.709  17.581 0.0000000000
67580  -25.017  -1.137  19.987 0.0000000000
67581  -25.403  -0.340  19.889 0.0000000000
67591  -25.001  -0.887  19.137 0.0000000000
66483  -24.818  -1.747  19.362 0.0000000000
65343  -24.762  -2.514  18.664 0.0000000000
66526  -25.249  -1.529  15.882 0.0000000000
66516  -25.045  -1.574  16.717 0.0000000000
64235  -25.568  -3.262  16.914 0.0000000000
64238  -28.807  -3.545  16.617 0.0000000000
65370  -30.551  -2.857  16.903 0.0000000000
61946  -29.789  -5.281  13.990 0.0000000000
61984  -29.690  -5.419  12.736 0.0000000000
62007  -34.808  -5.976  10.754 0.0000000000
62022  -34.098  -5.647  9.877 0.0000000000
63190  -30.801  -4.370  9.832 0.0000000000
63212  -32.000  -4.117  8.760 0.0000000000
65484  -33.083  -2.139  7.406 0.0000000000
67766  -32.937  -0.459  7.550 0.0000000000
67754  -32.450  -0.446  8.123 0.0000000000
68835  -32.705  0.112  7.946 0.0000000000
58361  -18.773  -9.230  21.791 0.0000000000
57257  -19.519  -9.378  22.385 0.0000000000
56164  -21.095  -10.814  23.469 0.0000000000
55089  -22.251  -12.297  24.245 0.0000000000
55102  -21.448  -11.400  23.964 0.0000000000
55087  -21.522  -11.311  24.354 0.0000000000
56152  -21.487  -11.041  24.892 0.0000000000
53990  -26.112  -13.263  23.378 0.0000000000
54985  -8.895  -11.886  29.190 0.0000000000
57156  -11.677  -9.384  26.620 0.0000000000
57175  -11.549  -9.824  26.493 0.0000000000
55040  -11.726  -10.757  26.648 0.0000000000
53920  -12.239  -11.578  26.831 0.0000000000
52809  -12.740  -13.654  28.973 0.0000000000
48352  -1.596  -17.565  34.126 0.0000000000
49454  -3.543  -16.603  32.845 0.0000000000
53986  -22.297  -12.422  23.446 0.0000000000
54046  -27.541  -12.219  19.784 0.0000000000
55019  -10.898  -11.329  27.343 0.0000000000
55021  -12.029  -11.464  26.892 0.0000000000
55103  -21.934  -12.130  23.657 0.0000000000
55119  -21.879  -11.731  22.758 0.0000000000
56107  -11.870  -10.369  26.395 0.0000000000
56151  -21.289  -10.915  24.335 0.0000000000
56179  -20.770  -10.069  22.638 0.0000000000
57235  -17.428  -10.083  22.680 0.0000000000
57274  -18.113  -9.250  21.693 0.0000000000
60755  -32.526  -6.321  13.036 0.0000000000
60796  -33.654  -6.457  11.342 0.0000000000
61947  -30.236  -5.441  14.272 0.0000000000
63062  -31.251  -5.070  17.693 0.0000000000
63130  -29.832  -5.106  14.568 0.0000000000
63176  -36.997  -5.108  10.233 0.0000000000
70918  -42.710  2.849  1.313 0.0000000000
72963  -34.989  3.892  6.823 0.0000000000
75129  -39.810  7.081  3.041 0.0000000000
75196  -45.735  6.464  -3.041 0.0000000000
