#!ascii label  , from subject 201818 vox2ras=TkReg
1824
65117  -32.051  -1.089  33.555 0.0000000000
76180  -47.948  7.600  10.898 0.0000000000
71753  -36.709  5.024  20.100 0.0000000000
53846  -5.318  -12.553  30.240 0.0000000000
66223  -18.952  0.181  35.092 0.0000000000
64057  -5.027  -3.104  28.355 0.0000000000
61596  -2.005  -5.583  34.000 0.0000000000
69734  -42.096  2.589  16.027 0.0000000000
66445  -3.131  -1.326  21.400 0.0000000000
53749  -2.829  -12.839  35.409 0.0000000000
66373  -30.361  -1.925  29.071 0.0000000000
60472  -26.792  -4.560  31.715 0.0000000000
63913  -26.607  -1.708  34.902 0.0000000000
80320  -50.177  11.906  9.696 0.0000000000
70736  -38.804  2.413  17.519 0.0000000000
62853  -14.071  -3.688  30.789 0.0000000000
71703  -3.394  3.773  24.815 0.0000000000
58247  -7.299  -8.235  28.724 0.0000000000
59440  -7.775  -7.468  24.802 0.0000000000
55038  -5.126  -11.773  26.534 0.0000000000
55875  -8.144  -8.419  38.616 0.0000000000
56955  -4.776  -8.898  38.603 0.0000000000
72790  -33.388  5.980  23.572 0.0000000000
71554  -23.450  4.071  36.154 0.0000000000
63989  -20.776  -1.406  31.634 0.0000000000
60535  -3.256  -5.146  30.399 0.0000000000
58185  -5.119  -8.383  32.891 0.0000000000
72887  -45.347  5.625  13.658 0.0000000000
56985  -10.483  -7.353  36.717 0.0000000000
60449  -13.172  -5.485  33.648 0.0000000000
67498  -6.660  -0.563  24.847 0.0000000000
61745  -3.479  -5.355  23.408 0.0000000000
62763  -3.396  -5.384  37.024 0.0000000000
56993  -4.168  -8.270  35.779 0.0000000000
53816  -3.177  -12.460  32.636 0.0000000000
67416  -33.200  0.726  32.924 0.0000000000
61646  -31.182  -3.472  31.334 0.0000000000
65168  -31.797  -1.321  31.100 0.0000000000
61606  -29.881  -3.094  33.479 0.0000000000
59343  -28.654  -4.560  30.068 0.0000000000
62776  -29.452  -2.022  34.952 0.0000000000
77283  -48.962  8.956  10.003 0.0000000000
73936  -44.304  6.658  10.349 0.0000000000
73988  -45.244  7.481  8.776 0.0000000000
77300  -47.058  9.257  7.761 0.0000000000
71796  -38.163  3.880  18.592 0.0000000000
71750  -33.161  5.334  20.613 0.0000000000
70699  -34.214  4.695  18.837 0.0000000000
70733  -35.957  3.705  17.192 0.0000000000
56052  -6.715  -10.381  29.962 0.0000000000
56084  -7.398  -10.029  27.620 0.0000000000
53877  -5.501  -12.973  27.882 0.0000000000
52852  -3.771  -13.097  26.615 0.0000000000
52822  -4.679  -14.421  28.149 0.0000000000
54852  -8.337  -10.464  36.140 0.0000000000
53726  -6.869  -11.234  37.102 0.0000000000
72770  -33.348  5.596  26.143 0.0000000000
69597  -31.616  2.561  29.471 0.0000000000
68541  -29.727  1.117  28.201 0.0000000000
70629  -31.523  3.557  27.423 0.0000000000
70660  -31.663  3.895  25.241 0.0000000000
72611  -25.009  4.478  37.919 0.0000000000
61617  -24.396  -3.570  32.195 0.0000000000
62801  -23.190  -2.264  32.995 0.0000000000
81279  -48.000  13.185  6.636 0.0000000000
82189  -48.434  14.234  4.667 0.0000000000
61640  -2.416  -5.061  31.948 0.0000000000
59332  -3.811  -6.607  31.339 0.0000000000
58164  -3.067  -7.027  33.198 0.0000000000
71828  -43.639  3.846  15.602 0.0000000000
67640  -38.120  0.163  14.013 0.0000000000
68733  -39.914  1.839  13.960 0.0000000000
71839  -40.961  4.219  13.231 0.0000000000
61553  -10.861  -5.210  39.326 0.0000000000
60407  -12.146  -5.013  38.566 0.0000000000
67475  -4.248  -0.068  28.300 0.0000000000
69614  -4.796  1.752  26.378 0.0000000000
66379  -6.652  -1.425  26.486 0.0000000000
58327  -4.879  -8.518  24.432 0.0000000000
61747  -5.763  -5.530  23.595 0.0000000000
59452  -3.452  -7.534  23.948 0.0000000000
63882  -4.897  -5.911  37.517 0.0000000000
54814  -4.935  -10.797  36.998 0.0000000000
56959  -3.936  -8.304  37.219 0.0000000000
54836  -4.431  -11.122  35.787 0.0000000000
54889  -4.562  -11.389  34.502 0.0000000000
53787  -2.428  -12.694  34.186 0.0000000000
67460  -31.799  0.295  30.947 0.0000000000
70496  -27.167  1.622  37.258 0.0000000000
66211  -28.386  -0.545  36.446 0.0000000000
61590  -26.587  -3.509  33.616 0.0000000000
82150  -50.277  13.830  8.849 0.0000000000
80327  -47.355  11.408  7.197 0.0000000000
68668  -40.632  1.612  17.041 0.0000000000
68664  -36.939  1.142  15.642 0.0000000000
66309  -16.993  -0.132  31.560 0.0000000000
67413  -15.281  -0.207  32.931 0.0000000000
69660  -3.985  1.533  22.147 0.0000000000
61694  -6.374  -5.288  28.116 0.0000000000
62921  -7.260  -4.153  26.717 0.0000000000
59415  -7.948  -7.759  27.003 0.0000000000
57195  -6.512  -9.930  25.474 0.0000000000
56127  -4.287  -10.731  25.273 0.0000000000
61542  -7.063  -6.336  39.244 0.0000000000
60398  -5.371  -6.354  39.280 0.0000000000
56949  -6.674  -8.580  39.032 0.0000000000
53712  -5.823  -10.881  37.663 0.0000000000
72826  -35.400  5.933  21.415 0.0000000000
71712  -31.810  4.751  22.684 0.0000000000
69543  -21.429  2.168  34.183 0.0000000000
68449  -25.691  0.733  35.870 0.0000000000
66247  -23.024  -0.413  34.337 0.0000000000
65115  -20.113  -1.182  33.344 0.0000000000
66350  -3.469  -1.131  29.115 0.0000000000
66319  -2.644  -1.642  30.489 0.0000000000
62906  -4.282  -4.202  29.367 0.0000000000
60524  -5.209  -6.308  29.774 0.0000000000
58213  -5.963  -8.089  30.678 0.0000000000
56037  -5.861  -10.531  31.462 0.0000000000
73911  -46.600  6.672  12.625 0.0000000000
72906  -42.290  5.705  11.783 0.0000000000
60393  -8.576  -6.115  39.545 0.0000000000
56961  -9.290  -8.187  37.689 0.0000000000
55946  -9.534  -9.389  35.053 0.0000000000
66263  -14.367  -0.492  34.999 0.0000000000
63928  -13.850  -2.753  36.239 0.0000000000
61569  -13.151  -4.205  37.430 0.0000000000
58135  -11.895  -6.669  35.231 0.0000000000
58150  -10.555  -8.605  33.472 0.0000000000
71696  -3.457  3.655  25.841 0.0000000000
69640  -5.107  2.267  24.373 0.0000000000
67531  -5.252  -0.322  22.699 0.0000000000
65233  -7.604  -3.108  24.800 0.0000000000
65269  -5.690  -2.504  23.132 0.0000000000
64134  -3.049  -2.875  22.417 0.0000000000
62778  -2.499  -5.015  35.478 0.0000000000
60403  -3.646  -6.890  37.873 0.0000000000
59250  -3.399  -7.119  36.155 0.0000000000
59270  -2.802  -6.838  35.079 0.0000000000
58148  -4.550  -8.311  34.526 0.0000000000
56003  -5.301  -10.598  33.379 0.0000000000
54962  -4.439  -12.445  31.278 0.0000000000
51617  -1.094  -14.016  34.124 0.0000000000
52745  -1.448  -13.701  32.640 0.0000000000
52801  -3.876  -14.561  29.870 0.0000000000
66292  -32.893  -0.214  33.098 0.0000000000
67394  -32.906  0.762  33.965 0.0000000000
63978  -31.626  -2.236  32.480 0.0000000000
65141  -32.338  -1.227  32.502 0.0000000000
63965  -31.243  -2.194  33.561 0.0000000000
62831  -30.943  -3.044  32.458 0.0000000000
66252  -31.702  -0.507  34.769 0.0000000000
63937  -30.839  -1.375  34.497 0.0000000000
76185  -48.276  8.165  10.191 0.0000000000
73938  -45.956  7.084  10.813 0.0000000000
73952  -45.178  7.053  9.931 0.0000000000
75058  -46.543  7.441  9.650 0.0000000000
76188  -47.357  7.896  9.333 0.0000000000
71779  -36.886  4.541  19.353 0.0000000000
70702  -38.425  4.383  19.847 0.0000000000
71729  -37.529  5.184  20.698 0.0000000000
71776  -33.699  5.080  19.680 0.0000000000
71777  -34.929  4.906  19.503 0.0000000000
71794  -36.104  4.329  18.635 0.0000000000
54982  -6.079  -11.708  29.680 0.0000000000
55002  -6.790  -11.301  28.562 0.0000000000
55001  -6.107  -12.230  28.370 0.0000000000
52803  -5.038  -13.773  28.994 0.0000000000
53773  -8.047  -11.288  35.006 0.0000000000
53772  -7.695  -11.560  35.457 0.0000000000
70617  -32.284  3.477  29.023 0.0000000000
70616  -31.688  3.224  28.443 0.0000000000
71682  -32.420  3.977  27.343 0.0000000000
71692  -32.474  4.289  26.586 0.0000000000
82168  -49.252  14.110  6.955 0.0000000000
82180  -48.431  14.044  5.720 0.0000000000
83916  -50.219  15.781  5.225 0.0000000000
61627  -2.327  -5.637  33.074 0.0000000000
59330  -2.999  -6.563  31.942 0.0000000000
59311  -2.398  -6.397  33.503 0.0000000000
70767  -42.661  3.312  15.823 0.0000000000
71822  -44.576  3.700  16.435 0.0000000000
68696  -40.498  1.587  15.506 0.0000000000
68713  -39.472  1.194  14.186 0.0000000000
68715  -40.860  2.025  15.053 0.0000000000
70771  -41.665  3.515  14.628 0.0000000000
63865  -11.542  -3.304  39.517 0.0000000000
63872  -12.322  -2.854  39.165 0.0000000000
69513  -19.643  1.668  35.233 0.0000000000
67353  -17.899  0.609  35.629 0.0000000000
68625  -2.987  0.333  21.078 0.0000000000
66365  -4.552  -1.067  28.309 0.0000000000
67477  -5.489  -0.218  27.160 0.0000000000
66367  -6.052  -1.623  27.249 0.0000000000
58326  -3.889  -8.452  24.112 0.0000000000
59453  -4.299  -7.568  24.079 0.0000000000
58325  -3.076  -8.195  23.797 0.0000000000
63891  -5.433  -5.580  36.838 0.0000000000
63883  -5.416  -5.796  37.534 0.0000000000
53734  -3.748  -12.213  36.078 0.0000000000
54825  -4.636  -11.114  36.548 0.0000000000
53750  -3.491  -12.222  35.423 0.0000000000
53771  -3.280  -12.190  34.850 0.0000000000
53770  -2.699  -12.683  34.904 0.0000000000
66328  -32.556  0.319  31.655 0.0000000000
66344  -31.554  -0.617  30.752 0.0000000000
68501  -32.350  1.002  31.263 0.0000000000
69582  -32.470  2.365  30.550 0.0000000000
60430  -28.060  -3.836  33.405 0.0000000000
61578  -27.606  -3.207  34.265 0.0000000000
60438  -27.007  -4.158  32.987 0.0000000000
60470  -25.263  -4.284  31.687 0.0000000000
81240  -50.229  12.899  9.316 0.0000000000
78388  -48.016  10.026  8.379 0.0000000000
78395  -46.880  9.822  7.390 0.0000000000
80323  -48.429  11.108  8.306 0.0000000000
80329  -48.458  12.400  7.940 0.0000000000
69709  -40.013  1.706  17.424 0.0000000000
69696  -41.746  2.328  18.031 0.0000000000
69680  -40.806  2.695  18.379 0.0000000000
70734  -37.014  3.077  17.061 0.0000000000
70748  -36.341  2.553  16.334 0.0000000000
69707  -38.245  1.800  16.761 0.0000000000
68666  -38.638  1.145  16.300 0.0000000000
71707  -3.197  4.036  23.435 0.0000000000
70665  -3.415  3.006  22.249 0.0000000000
70661  -4.126  3.059  23.529 0.0000000000
60540  -6.507  -6.289  28.477 0.0000000000
60552  -7.378  -6.475  27.555 0.0000000000
59399  -7.416  -7.499  28.101 0.0000000000
55039  -5.909  -11.438  26.823 0.0000000000
57174  -7.510  -9.865  26.546 0.0000000000
56129  -6.066  -10.632  25.935 0.0000000000
57194  -5.028  -10.120  25.118 0.0000000000
56103  -4.928  -11.234  25.867 0.0000000000
55036  -3.442  -11.995  25.909 0.0000000000
58071  -7.686  -7.428  39.357 0.0000000000
58069  -6.615  -7.535  39.496 0.0000000000
56950  -7.181  -8.391  39.055 0.0000000000
52648  -6.272  -11.861  36.950 0.0000000000
53713  -6.423  -10.723  37.875 0.0000000000
52647  -5.695  -12.264  37.114 0.0000000000
52645  -4.645  -12.236  37.126 0.0000000000
72804  -33.847  6.004  22.467 0.0000000000
72780  -32.390  4.743  24.449 0.0000000000
71709  -31.799  4.357  23.768 0.0000000000
72803  -32.729  5.448  22.910 0.0000000000
72824  -33.181  5.584  21.964 0.0000000000
72621  -23.046  5.114  36.686 0.0000000000
72648  -22.011  4.637  35.091 0.0000000000
70550  -23.270  3.340  35.145 0.0000000000
67332  -27.022  -0.270  36.415 0.0000000000
69486  -26.282  0.942  36.656 0.0000000000
66228  -26.164  -0.761  35.287 0.0000000000
62816  -22.245  -2.093  32.509 0.0000000000
63929  -22.902  -1.451  33.743 0.0000000000
63947  -21.967  -1.649  33.386 0.0000000000
65100  -21.212  -1.326  33.891 0.0000000000
65128  -20.330  -1.215  32.794 0.0000000000
65140  -19.186  -0.827  32.059 0.0000000000
62863  -2.589  -3.585  31.097 0.0000000000
62876  -2.790  -3.733  30.540 0.0000000000
64040  -3.293  -3.115  29.818 0.0000000000
61677  -3.827  -4.947  29.773 0.0000000000
61679  -4.872  -4.871  29.586 0.0000000000
60522  -3.973  -5.827  30.299 0.0000000000
58200  -4.912  -7.621  31.649 0.0000000000
58212  -5.258  -7.432  30.907 0.0000000000
58201  -5.687  -8.717  32.020 0.0000000000
57100  -6.198  -9.377  31.301 0.0000000000
57087  -5.975  -9.673  32.021 0.0000000000
73897  -45.422  6.158  13.010 0.0000000000
73899  -46.874  6.169  13.587 0.0000000000
72888  -46.061  5.716  14.178 0.0000000000
72885  -43.119  4.986  13.915 0.0000000000
72894  -41.551  4.978  12.632 0.0000000000
72896  -43.787  5.755  12.997 0.0000000000
72908  -44.466  6.357  12.185 0.0000000000
63861  -8.894  -4.619  39.254 0.0000000000
58089  -10.841  -6.565  37.976 0.0000000000
58084  -9.951  -6.762  38.559 0.0000000000
56971  -9.831  -7.941  37.204 0.0000000000
55914  -9.509  -8.580  36.764 0.0000000000
56996  -10.174  -8.181  35.655 0.0000000000
66299  -14.764  -0.865  32.338 0.0000000000
67402  -15.167  0.088  34.054 0.0000000000
65125  -13.877  -1.840  33.511 0.0000000000
61614  -13.662  -5.278  33.094 0.0000000000
62800  -13.827  -3.556  34.586 0.0000000000
61586  -13.602  -4.203  35.031 0.0000000000
62765  -13.485  -3.451  37.218 0.0000000000
60422  -13.158  -4.796  36.118 0.0000000000
61573  -12.773  -5.702  35.979 0.0000000000
60448  -12.750  -6.036  34.211 0.0000000000
58170  -11.189  -7.872  33.013 0.0000000000
70636  -3.774  2.697  26.404 0.0000000000
68561  -5.920  0.965  25.747 0.0000000000
69626  -5.568  1.630  25.513 0.0000000000
68571  -6.016  1.070  24.815 0.0000000000
68589  -5.197  1.285  23.172 0.0000000000
68591  -6.163  -0.081  23.636 0.0000000000
61718  -8.176  -5.579  25.789 0.0000000000
64070  -7.786  -3.768  25.519 0.0000000000
61731  -8.053  -5.591  24.810 0.0000000000
61746  -4.504  -5.708  23.602 0.0000000000
62958  -5.394  -4.572  23.366 0.0000000000
62957  -4.238  -4.549  23.204 0.0000000000
64113  -3.932  -3.592  22.829 0.0000000000
62956  -3.327  -4.455  22.992 0.0000000000
62977  -2.561  -4.237  22.285 0.0000000000
62766  -2.750  -5.046  36.064 0.0000000000
59231  -5.131  -7.552  39.076 0.0000000000
61549  -4.230  -6.272  39.044 0.0000000000
58081  -4.109  -7.947  38.547 0.0000000000
56967  -3.887  -8.086  36.496 0.0000000000
58091  -3.586  -7.630  36.846 0.0000000000
58102  -3.608  -7.793  35.938 0.0000000000
58130  -2.945  -6.905  35.517 0.0000000000
58115  -3.632  -7.912  35.615 0.0000000000
58132  -3.634  -7.848  34.922 0.0000000000
58133  -4.462  -8.404  35.195 0.0000000000
54906  -4.214  -11.740  33.642 0.0000000000
54890  -4.837  -11.108  34.233 0.0000000000
54921  -3.925  -12.075  32.737 0.0000000000
54939  -4.297  -12.137  31.923 0.0000000000
54938  -3.539  -12.318  32.206 0.0000000000
51637  -0.872  -14.335  33.570 0.0000000000
52727  -1.122  -13.762  33.516 0.0000000000
68493  -33.341  1.817  32.284 0.0000000000
60513  -30.626  -4.286  30.211 0.0000000000
62882  -31.330  -3.229  30.011 0.0000000000
62858  -31.514  -2.529  31.238 0.0000000000
65155  -32.662  -0.422  32.112 0.0000000000
60457  -28.574  -4.166  32.290 0.0000000000
60476  -29.339  -4.208  31.566 0.0000000000
60496  -30.027  -4.222  30.841 0.0000000000
61594  -29.420  -2.871  33.868 0.0000000000
78380  -49.622  9.814  9.756 0.0000000000
73968  -44.191  7.162  8.620 0.0000000000
75066  -44.462  7.428  7.791 0.0000000000
76203  -45.467  8.302  7.036 0.0000000000
76195  -46.584  8.128  8.551 0.0000000000
77286  -47.906  8.866  8.873 0.0000000000
70721  -38.533  3.259  17.914 0.0000000000
71798  -39.743  3.266  18.641 0.0000000000
71782  -39.745  3.882  19.263 0.0000000000
71756  -39.172  4.468  20.152 0.0000000000
71723  -31.196  4.237  21.261 0.0000000000
71774  -31.657  4.528  20.285 0.0000000000
70698  -32.929  4.776  18.908 0.0000000000
70717  -33.680  4.364  17.960 0.0000000000
70746  -33.931  3.404  16.054 0.0000000000
70732  -34.509  3.851  17.011 0.0000000000
71809  -36.840  3.713  17.669 0.0000000000
57135  -7.228  -8.964  29.102 0.0000000000
57136  -7.509  -9.131  28.374 0.0000000000
56068  -7.109  -10.047  28.712 0.0000000000
55018  -6.312  -11.383  27.576 0.0000000000
55017  -5.813  -12.187  27.256 0.0000000000
53919  -4.462  -12.207  26.604 0.0000000000
52841  -4.942  -13.280  27.347 0.0000000000
52840  -4.317  -13.859  27.181 0.0000000000
55892  -8.228  -9.283  37.699 0.0000000000
54819  -7.508  -10.120  37.984 0.0000000000
53728  -7.848  -10.776  36.801 0.0000000000
72781  -32.936  5.456  24.937 0.0000000000
67469  -30.179  -0.037  29.557 0.0000000000
67480  -29.763  -0.291  29.015 0.0000000000
68530  -30.285  1.126  29.199 0.0000000000
69606  -30.323  2.604  27.876 0.0000000000
69617  -30.401  2.680  26.591 0.0000000000
70640  -31.918  3.890  26.505 0.0000000000
71706  -32.525  4.785  25.509 0.0000000000
71527  -24.410  3.997  37.500 0.0000000000
61587  -24.702  -3.101  33.233 0.0000000000
62785  -25.210  -2.208  33.975 0.0000000000
62818  -23.743  -2.727  32.689 0.0000000000
62829  -22.696  -2.389  32.175 0.0000000000
81293  -47.033  12.715  4.926 0.0000000000
81303  -47.042  12.929  3.752 0.0000000000
82199  -47.569  13.703  3.305 0.0000000000
82212  -47.389  14.052  2.332 0.0000000000
61652  -2.841  -5.192  31.159 0.0000000000
60504  -3.674  -6.043  30.864 0.0000000000
60486  -3.203  -6.158  31.311 0.0000000000
58198  -3.554  -6.797  31.878 0.0000000000
58184  -4.199  -7.589  32.630 0.0000000000
71832  -43.609  4.535  14.673 0.0000000000
72873  -45.162  4.333  15.856 0.0000000000
68730  -37.958  0.753  13.210 0.0000000000
69769  -38.344  1.521  12.704 0.0000000000
69789  -39.396  2.820  12.602 0.0000000000
69772  -40.272  2.888  13.725 0.0000000000
71831  -42.725  4.048  14.742 0.0000000000
65026  -9.995  -3.703  39.440 0.0000000000
63864  -10.893  -3.603  39.553 0.0000000000
60402  -11.451  -5.171  39.020 0.0000000000
58093  -11.444  -6.353  37.391 0.0000000000
60488  -13.192  -6.300  31.506 0.0000000000
59314  -12.349  -6.762  32.769 0.0000000000
68537  -3.897  0.845  28.372 0.0000000000
69603  -3.907  1.774  27.364 0.0000000000
68539  -5.149  0.489  27.332 0.0000000000
67484  -6.147  -0.274  26.583 0.0000000000
67485  -6.579  -0.447  25.788 0.0000000000
58329  -7.108  -7.897  24.493 0.0000000000
60605  -7.329  -6.216  23.953 0.0000000000
59454  -5.406  -7.517  24.139 0.0000000000
60586  -4.692  -6.598  23.792 0.0000000000
60601  -3.564  -6.191  23.750 0.0000000000
63921  -4.774  -4.469  35.511 0.0000000000
63905  -4.639  -4.878  36.009 0.0000000000
62764  -3.954  -5.619  37.305 0.0000000000
55890  -4.699  -9.890  37.782 0.0000000000
56954  -4.383  -8.625  38.273 0.0000000000
55889  -4.763  -9.950  37.184 0.0000000000
56969  -4.644  -9.703  36.329 0.0000000000
56983  -4.643  -9.540  36.078 0.0000000000
55944  -4.976  -10.353  35.047 0.0000000000
54872  -4.617  -11.273  34.964 0.0000000000
54888  -4.029  -11.743  34.590 0.0000000000
53801  -3.051  -12.384  33.514 0.0000000000
65215  -30.596  -2.800  28.593 0.0000000000
64032  -31.343  -2.340  30.136 0.0000000000
66358  -31.132  -1.523  30.158 0.0000000000
66357  -30.647  -0.868  29.963 0.0000000000
68515  -31.577  1.103  30.434 0.0000000000
70605  -32.325  2.948  29.843 0.0000000000
65053  -27.585  -1.313  35.863 0.0000000000
63900  -28.955  -1.452  35.724 0.0000000000
62773  -27.652  -2.380  34.915 0.0000000000
62805  -26.055  -2.842  34.068 0.0000000000
60435  -25.231  -3.739  32.677 0.0000000000
78393  -45.772  9.508  6.208 0.0000000000
81266  -47.740  12.183  7.198 0.0000000000
82158  -48.842  13.527  7.376 0.0000000000
68683  -41.723  2.074  16.761 0.0000000000
69712  -43.182  2.536  17.569 0.0000000000
69697  -42.461  2.459  17.900 0.0000000000
70747  -35.250  2.977  16.001 0.0000000000
66518  -36.960  0.317  15.113 0.0000000000
68680  -38.957  0.724  15.616 0.0000000000
66280  -18.344  -0.340  33.676 0.0000000000
67388  -17.398  0.348  34.440 0.0000000000
67436  -16.473  -0.083  32.141 0.0000000000
66323  -15.253  -0.952  30.859 0.0000000000
69665  -3.477  1.656  21.589 0.0000000000
68626  -3.383  0.610  21.692 0.0000000000
62908  -5.758  -4.306  28.327 0.0000000000
64058  -6.096  -3.313  27.656 0.0000000000
61695  -7.093  -5.411  27.428 0.0000000000
61705  -7.794  -5.553  26.752 0.0000000000
59428  -8.031  -7.666  25.762 0.0000000000
58270  -7.843  -8.856  27.033 0.0000000000
58288  -7.877  -8.744  26.178 0.0000000000
58308  -7.301  -8.643  25.174 0.0000000000
57215  -6.241  -9.292  24.865 0.0000000000
62742  -5.791  -5.986  38.874 0.0000000000
61541  -6.417  -6.344  39.235 0.0000000000
58068  -6.176  -7.497  39.414 0.0000000000
56947  -5.718  -8.342  39.210 0.0000000000
54809  -7.078  -9.939  38.692 0.0000000000
54807  -5.978  -9.690  38.648 0.0000000000
54806  -5.308  -10.219  38.050 0.0000000000
54816  -5.151  -10.549  37.499 0.0000000000
52644  -4.428  -12.130  36.899 0.0000000000
51564  -3.301  -13.110  36.046 0.0000000000
71727  -35.536  5.543  20.921 0.0000000000
71714  -37.249  5.674  21.319 0.0000000000
72806  -36.436  6.373  21.874 0.0000000000
66385  -28.943  -1.290  27.875 0.0000000000
70669  -31.082  3.986  22.389 0.0000000000
72847  -33.830  5.605  20.899 0.0000000000
71586  -20.871  3.616  34.104 0.0000000000
68445  -20.302  1.282  34.916 0.0000000000
70505  -26.019  2.242  37.491 0.0000000000
70517  -24.931  2.486  36.931 0.0000000000
69516  -24.691  1.977  35.928 0.0000000000
65087  -25.075  -1.156  34.583 0.0000000000
66267  -24.344  -0.088  34.679 0.0000000000
69532  -23.942  2.258  34.766 0.0000000000
68447  -22.228  0.726  34.216 0.0000000000
66245  -20.671  -0.481  34.627 0.0000000000
66265  -18.887  -0.608  34.279 0.0000000000
65139  -18.607  -0.507  32.664 0.0000000000
83086  -47.413  14.527  1.789 0.0000000000
83099  -47.968  15.447  0.800 0.0000000000
83110  -48.140  15.604  -0.087 0.0000000000
66364  -3.998  -0.743  28.703 0.0000000000
65189  -4.453  -1.910  28.679 0.0000000000
66349  -2.976  -1.142  29.635 0.0000000000
65204  -3.779  -2.815  29.228 0.0000000000
64056  -4.288  -3.460  29.003 0.0000000000
62892  -5.253  -4.790  28.776 0.0000000000
60539  -5.682  -6.137  29.225 0.0000000000
59397  -6.134  -6.697  29.121 0.0000000000
59352  -4.780  -6.771  30.781 0.0000000000
59353  -5.408  -7.324  30.536 0.0000000000
58229  -6.651  -8.200  29.627 0.0000000000
57101  -6.541  -9.299  30.483 0.0000000000
56038  -6.432  -10.143  30.841 0.0000000000
56051  -6.108  -10.960  30.618 0.0000000000
73925  -47.243  7.125  11.861 0.0000000000
71853  -39.721  4.144  11.928 0.0000000000
72904  -40.352  5.027  11.359 0.0000000000
72923  -41.024  5.694  10.581 0.0000000000
72925  -42.943  6.048  11.045 0.0000000000
73923  -45.327  6.627  11.604 0.0000000000
60392  -7.933  -6.419  39.597 0.0000000000
58077  -8.467  -7.349  39.158 0.0000000000
60399  -9.698  -5.998  39.330 0.0000000000
58078  -9.157  -7.074  39.020 0.0000000000
56956  -8.807  -8.126  38.468 0.0000000000
54853  -8.838  -9.927  35.914 0.0000000000
67387  -16.200  0.448  34.764 0.0000000000
67367  -15.750  0.462  35.622 0.0000000000
67351  -14.950  0.333  36.460 0.0000000000
63961  -13.936  -2.883  33.855 0.0000000000
65080  -14.161  -1.398  36.179 0.0000000000
66207  -14.347  -0.469  37.042 0.0000000000
65047  -13.920  -1.163  37.872 0.0000000000
65043  -13.585  -1.727  38.526 0.0000000000
63879  -13.118  -2.776  38.843 0.0000000000
61564  -12.813  -4.296  37.944 0.0000000000
59260  -12.168  -6.046  36.460 0.0000000000
58134  -11.239  -7.115  35.327 0.0000000000
58171  -11.730  -7.143  33.448 0.0000000000
58152  -11.101  -7.708  34.289 0.0000000000
57017  -10.711  -7.822  35.169 0.0000000000
57015  -9.986  -8.962  34.669 0.0000000000
70647  -4.008  3.186  25.366 0.0000000000
70637  -4.200  2.237  26.236 0.0000000000
70658  -4.726  2.895  24.892 0.0000000000
70657  -4.087  3.233  24.424 0.0000000000
69655  -4.997  1.829  23.463 0.0000000000
68609  -4.780  0.922  22.611 0.0000000000
67529  -3.973  -0.228  21.972 0.0000000000
65220  -7.146  -2.591  26.456 0.0000000000
66380  -7.252  -2.057  25.846 0.0000000000
66407  -7.028  -1.601  24.373 0.0000000000
62960  -7.181  -4.650  23.819 0.0000000000
64092  -7.042  -3.233  23.648 0.0000000000
66424  -6.346  -1.556  23.391 0.0000000000
66423  -5.251  -1.577  22.776 0.0000000000
65286  -3.954  -2.229  22.634 0.0000000000
65284  -3.015  -2.321  21.865 0.0000000000
64149  -2.615  -3.073  21.603 0.0000000000
62752  -4.970  -5.968  38.298 0.0000000000
61558  -4.063  -6.177  38.414 0.0000000000
61563  -3.422  -5.921  37.271 0.0000000000
58086  -3.592  -7.825  37.720 0.0000000000
59242  -3.314  -7.077  37.211 0.0000000000
61562  -3.063  -6.209  36.881 0.0000000000
60416  -2.623  -6.246  36.149 0.0000000000
59269  -2.543  -6.519  35.399 0.0000000000
59299  -2.329  -6.506  34.222 0.0000000000
59300  -2.723  -6.882  33.833 0.0000000000
58147  -3.722  -7.643  34.125 0.0000000000
58167  -4.929  -8.623  33.898 0.0000000000
55945  -5.044  -10.087  34.777 0.0000000000
55983  -5.306  -10.083  33.813 0.0000000000
57053  -5.461  -9.750  33.104 0.0000000000
56020  -5.679  -10.375  32.317 0.0000000000
54963  -5.280  -11.909  31.053 0.0000000000
51578  -2.223  -13.632  35.206 0.0000000000
50490  -1.637  -14.349  34.631 0.0000000000
52689  -1.893  -13.388  34.913 0.0000000000
52706  -1.636  -13.425  34.167 0.0000000000
53800  -2.093  -12.936  33.401 0.0000000000
53815  -2.307  -13.033  32.628 0.0000000000
52746  -1.951  -13.408  32.200 0.0000000000
53829  -2.304  -13.266  32.017 0.0000000000
53844  -3.322  -13.364  31.044 0.0000000000
53845  -4.322  -13.116  30.743 0.0000000000
53860  -4.616  -13.595  29.931 0.0000000000
52802  -4.462  -14.122  29.333 0.0000000000
51737  -4.294  -14.953  28.549 0.0000000000
66282  -32.577  -0.540  33.494 0.0000000000
67406  -33.016  0.492  33.621 0.0000000000
67405  -32.656  -0.051  33.794 0.0000000000
63967  -31.974  -1.501  33.156 0.0000000000
65129  -32.348  -1.094  33.065 0.0000000000
65116  -31.727  -1.303  33.834 0.0000000000
63966  -31.639  -1.859  33.366 0.0000000000
66270  -32.284  -0.507  34.130 0.0000000000
65103  -31.511  -1.150  34.287 0.0000000000
66253  -32.248  -0.130  34.468 0.0000000000
76184  -47.792  7.682  10.479 0.0000000000
77279  -48.886  8.360  10.697 0.0000000000
76181  -48.418  7.716  11.145 0.0000000000
73939  -46.761  7.257  10.998 0.0000000000
73954  -46.384  7.343  10.284 0.0000000000
75051  -47.093  7.443  10.283 0.0000000000
71754  -37.562  4.785  19.953 0.0000000000
71752  -35.717  5.256  20.204 0.0000000000
71778  -35.966  4.767  19.464 0.0000000000
53861  -5.276  -13.175  29.305 0.0000000000
52692  -7.885  -11.669  34.614 0.0000000000
71667  -32.436  3.843  28.142 0.0000000000
61612  -2.217  -5.638  33.484 0.0000000000
60464  -2.330  -5.895  33.213 0.0000000000
60447  -2.194  -6.045  33.844 0.0000000000
69749  -42.290  2.876  15.902 0.0000000000
70760  -43.499  3.183  16.459 0.0000000000
70749  -43.628  2.938  16.840 0.0000000000
68697  -41.468  2.136  15.949 0.0000000000
68714  -40.115  1.538  14.694 0.0000000000
69748  -41.723  2.827  15.415 0.0000000000
68397  -12.333  -0.609  39.510 0.0000000000
66183  -12.449  -1.620  39.352 0.0000000000
65030  -12.453  -2.209  39.217 0.0000000000
67354  -18.906  0.368  35.653 0.0000000000
67342  -18.888  0.693  36.006 0.0000000000
67369  -18.231  0.366  35.099 0.0000000000
67545  -3.207  -0.284  21.357 0.0000000000
67563  -2.910  -0.422  20.837 0.0000000000
65205  -4.821  -2.025  28.080 0.0000000000
66366  -5.333  -1.188  27.618 0.0000000000
65206  -5.619  -2.285  27.660 0.0000000000
57212  -3.586  -9.206  24.035 0.0000000000
63884  -6.169  -5.492  37.703 0.0000000000
67437  -32.738  0.806  31.860 0.0000000000
67447  -32.550  0.737  31.602 0.0000000000
68502  -32.688  1.404  31.394 0.0000000000
69583  -32.879  2.773  31.008 0.0000000000
60439  -27.684  -4.093  32.947 0.0000000000
60429  -27.480  -3.938  33.471 0.0000000000
60455  -27.225  -4.325  32.364 0.0000000000
81239  -49.877  12.304  9.269 0.0000000000
79344  -48.929  10.733  8.800 0.0000000000
79343  -48.386  10.432  8.438 0.0000000000
80319  -49.503  11.590  9.222 0.0000000000
69693  -39.627  2.228  17.788 0.0000000000
69694  -40.384  2.221  17.926 0.0000000000
70723  -40.045  2.653  18.391 0.0000000000
70735  -37.938  2.717  17.206 0.0000000000
69708  -39.171  1.752  17.066 0.0000000000
72773  -3.078  4.269  24.524 0.0000000000
71708  -3.666  3.661  23.894 0.0000000000
71711  -3.596  3.383  23.043 0.0000000000
59398  -6.716  -7.256  29.037 0.0000000000
60541  -7.083  -6.849  28.340 0.0000000000
56104  -5.668  -11.090  26.208 0.0000000000
55037  -4.194  -11.644  26.035 0.0000000000
56951  -7.868  -8.017  39.023 0.0000000000
56944  -7.389  -7.899  39.298 0.0000000000
55874  -7.550  -8.766  38.833 0.0000000000
52659  -5.845  -12.424  36.717 0.0000000000
73812  -34.495  6.594  23.011 0.0000000000
65214  -30.140  -2.472  28.234 0.0000000000
72789  -32.553  5.267  23.923 0.0000000000
72622  -23.551  4.708  37.009 0.0000000000
71553  -22.925  4.312  35.682 0.0000000000
65051  -26.796  -1.220  35.416 0.0000000000
67343  -26.665  -0.562  35.922 0.0000000000
65067  -26.513  -1.292  35.136 0.0000000000
63977  -21.600  -1.919  32.502 0.0000000000
63963  -21.879  -1.890  32.957 0.0000000000
63962  -20.948  -1.595  32.936 0.0000000000
63976  -20.913  -1.504  32.369 0.0000000000
63975  -20.105  -1.117  32.241 0.0000000000
61665  -3.000  -4.664  30.664 0.0000000000
61664  -2.909  -4.437  30.712 0.0000000000
62887  -3.120  -4.255  30.267 0.0000000000
61676  -3.257  -4.760  30.083 0.0000000000
60536  -3.644  -5.367  30.052 0.0000000000
73898  -45.976  6.216  13.282 0.0000000000
72886  -44.324  5.189  14.002 0.0000000000
72895  -42.661  5.360  12.840 0.0000000000
72897  -44.855  6.069  12.943 0.0000000000
58092  -10.930  -6.649  37.574 0.0000000000
56963  -10.506  -6.805  37.680 0.0000000000
56984  -10.061  -8.051  36.413 0.0000000000
56997  -10.597  -7.526  35.926 0.0000000000
63987  -13.982  -2.649  31.662 0.0000000000
65138  -14.229  -1.779  32.521 0.0000000000
60450  -13.546  -4.934  33.703 0.0000000000
60434  -13.382  -4.886  34.438 0.0000000000
60426  -13.198  -4.798  35.318 0.0000000000
60433  -12.983  -5.413  34.734 0.0000000000
60432  -12.654  -5.879  35.119 0.0000000000
70623  -3.280  2.711  27.516 0.0000000000
68562  -6.421  0.347  25.261 0.0000000000
68572  -6.421  0.267  24.293 0.0000000000
60574  -8.107  -6.577  25.283 0.0000000000
62932  -7.951  -4.681  25.264 0.0000000000
62955  -2.736  -4.429  22.682 0.0000000000
61744  -2.969  -5.139  22.941 0.0000000000
63888  -3.551  -5.187  36.826 0.0000000000
62762  -2.889  -5.403  36.646 0.0000000000
56946  -5.062  -8.396  39.064 0.0000000000
58073  -4.486  -7.671  38.979 0.0000000000
58082  -4.596  -8.354  38.763 0.0000000000
56982  -4.145  -8.361  36.078 0.0000000000
56981  -3.765  -7.892  36.135 0.0000000000
58114  -3.265  -7.404  35.706 0.0000000000
58116  -4.132  -8.189  35.510 0.0000000000
53802  -3.556  -12.208  33.136 0.0000000000
49441  -0.980  -16.004  33.271 0.0000000000
50520  -0.998  -15.085  33.425 0.0000000000
68484  -33.260  1.354  32.515 0.0000000000
61658  -30.968  -3.906  30.943 0.0000000000
61659  -31.209  -3.762  30.616 0.0000000000
62844  -31.474  -2.540  31.679 0.0000000000
65142  -32.681  -0.588  32.484 0.0000000000
66301  -32.957  0.008  32.491 0.0000000000
67426  -32.986  0.742  32.317 0.0000000000
61605  -29.185  -3.328  32.975 0.0000000000
60458  -29.096  -3.901  32.290 0.0000000000
60459  -29.510  -3.865  32.165 0.0000000000
62842  -30.966  -3.197  32.004 0.0000000000
60478  -30.298  -3.997  31.548 0.0000000000
61645  -30.940  -3.719  31.411 0.0000000000
60512  -30.244  -4.353  30.423 0.0000000000
62807  -30.235  -2.561  33.939 0.0000000000
62793  -30.257  -2.104  34.259 0.0000000000
61595  -29.850  -2.832  33.875 0.0000000000
61604  -28.686  -3.420  33.017 0.0000000000
78381  -50.124  10.210  10.201 0.0000000000
78375  -49.996  9.603  10.449 0.0000000000
73935  -43.180  6.338  10.127 0.0000000000
73934  -42.331  6.062  9.693 0.0000000000
73951  -43.970  6.862  9.342 0.0000000000
73970  -45.738  7.425  9.325 0.0000000000
73969  -44.853  7.329  9.100 0.0000000000
73986  -44.278  7.260  8.204 0.0000000000
75067  -45.543  7.700  8.201 0.0000000000
76189  -48.179  8.612  9.564 0.0000000000
77287  -48.516  9.133  9.322 0.0000000000
78379  -49.065  9.435  9.306 0.0000000000
71797  -39.067  3.635  18.631 0.0000000000
70675  -38.648  4.636  20.600 0.0000000000
70676  -38.949  4.638  20.592 0.0000000000
71749  -32.070  4.781  20.811 0.0000000000
71775  -32.466  4.863  19.922 0.0000000000
70716  -32.282  4.304  18.017 0.0000000000
70718  -35.118  4.475  18.093 0.0000000000
71795  -37.109  3.981  18.516 0.0000000000
71808  -36.394  4.014  17.980 0.0000000000
70720  -37.654  3.584  17.721 0.0000000000
57117  -6.903  -9.250  29.725 0.0000000000
53897  -5.054  -12.584  27.012 0.0000000000
52823  -5.044  -13.765  28.285 0.0000000000
51748  -4.165  -14.699  27.665 0.0000000000
54828  -8.488  -9.790  37.063 0.0000000000
54827  -8.107  -10.171  37.306 0.0000000000
53737  -7.928  -10.963  36.334 0.0000000000
73778  -33.739  6.306  25.339 0.0000000000
68531  -31.000  1.177  29.893 0.0000000000
69596  -30.756  2.321  28.945 0.0000000000
69607  -31.043  2.994  28.214 0.0000000000
70628  -30.868  3.064  26.962 0.0000000000
70639  -31.215  3.409  26.367 0.0000000000
71701  -32.718  4.945  26.018 0.0000000000
72610  -24.231  4.479  37.625 0.0000000000
71528  -24.775  3.881  37.604 0.0000000000
61600  -24.415  -3.236  32.764 0.0000000000
62819  -24.223  -2.793  33.144 0.0000000000
61616  -23.847  -3.135  32.285 0.0000000000
80341  -46.645  12.079  5.600 0.0000000000
81292  -46.353  12.038  4.927 0.0000000000
82190  -49.052  14.529  5.233 0.0000000000
82179  -47.838  13.436  5.356 0.0000000000
82188  -47.703  13.533  4.293 0.0000000000
82200  -48.225  14.212  3.728 0.0000000000
83066  -48.679  14.611  3.976 0.0000000000
61641  -2.651  -5.316  31.366 0.0000000000
60503  -3.002  -5.584  31.034 0.0000000000
60485  -2.674  -5.899  31.642 0.0000000000
59313  -3.060  -6.712  32.413 0.0000000000
58183  -3.427  -6.981  32.491 0.0000000000
58165  -3.589  -7.442  33.307 0.0000000000
72879  -44.289  4.517  14.943 0.0000000000
71829  -44.601  4.210  15.532 0.0000000000
66557  -37.305  -0.125  13.805 0.0000000000
68732  -39.312  1.368  13.611 0.0000000000
67678  -38.565  1.006  13.305 0.0000000000
67679  -38.897  1.173  13.276 0.0000000000
68750  -39.076  1.537  13.145 0.0000000000
69771  -39.608  2.400  13.143 0.0000000000
69759  -40.131  2.387  13.793 0.0000000000
70766  -42.323  3.458  15.203 0.0000000000
65035  -10.877  -2.552  39.240 0.0000000000
61555  -11.855  -4.510  38.921 0.0000000000
62739  -11.654  -3.836  39.351 0.0000000000
60406  -11.755  -5.372  38.776 0.0000000000
59244  -11.510  -6.054  38.347 0.0000000000
59247  -11.875  -5.955  37.839 0.0000000000
60506  -12.954  -6.710  31.309 0.0000000000
68538  -4.556  0.801  27.687 0.0000000000
66378  -5.950  -0.928  27.047 0.0000000000
68549  -6.139  0.295  26.009 0.0000000000
58328  -6.246  -8.555  24.453 0.0000000000
59455  -6.545  -7.429  24.083 0.0000000000
60585  -3.824  -6.846  23.861 0.0000000000
60602  -4.083  -6.363  23.671 0.0000000000
60584  -3.262  -6.839  23.723 0.0000000000
59451  -2.876  -7.380  23.644 0.0000000000
63890  -4.707  -5.552  36.812 0.0000000000
63889  -4.052  -5.445  37.011 0.0000000000
63881  -4.484  -5.742  37.272 0.0000000000
54815  -4.994  -10.372  37.514 0.0000000000
55911  -4.617  -10.834  36.022 0.0000000000
55898  -4.842  -10.335  36.373 0.0000000000
55899  -4.731  -9.986  36.182 0.0000000000
55912  -4.802  -10.512  35.942 0.0000000000
55925  -4.823  -10.345  35.545 0.0000000000
54851  -4.484  -11.178  35.441 0.0000000000
54871  -3.942  -11.739  34.929 0.0000000000
53788  -3.361  -12.120  34.368 0.0000000000
64077  -30.524  -3.588  27.804 0.0000000000
64064  -30.796  -3.379  28.454 0.0000000000
62870  -31.454  -2.615  30.667 0.0000000000
62883  -31.362  -2.709  30.128 0.0000000000
64019  -31.501  -2.114  30.648 0.0000000000
66343  -31.155  -0.452  30.482 0.0000000000
67459  -31.293  0.227  30.526 0.0000000000
59366  -28.531  -5.371  29.312 0.0000000000
66210  -27.783  -0.924  36.317 0.0000000000
65054  -28.120  -1.183  36.020 0.0000000000
65069  -29.786  -1.087  35.642 0.0000000000
63917  -29.213  -1.785  35.383 0.0000000000
61591  -27.232  -3.584  33.852 0.0000000000
62789  -27.961  -2.819  34.678 0.0000000000
62788  -27.324  -2.820  34.531 0.0000000000
63934  -27.103  -2.396  34.717 0.0000000000
61576  -26.417  -3.107  34.044 0.0000000000
61589  -25.943  -3.258  33.752 0.0000000000
61603  -26.133  -3.621  33.494 0.0000000000
60490  -24.786  -4.200  31.095 0.0000000000
83031  -50.583  14.703  8.430 0.0000000000
76204  -46.041  8.381  7.615 0.0000000000
77299  -46.476  9.132  7.375 0.0000000000
79346  -47.230  10.472  7.546 0.0000000000
78394  -46.262  9.791  6.717 0.0000000000
79353  -46.787  10.561  6.889 0.0000000000
79352  -46.349  10.516  6.188 0.0000000000
80334  -46.635  11.395  6.254 0.0000000000
82149  -49.892  13.612  8.524 0.0000000000
81268  -48.894  12.906  7.963 0.0000000000
82160  -50.100  14.192  8.219 0.0000000000
82159  -49.559  13.816  7.805 0.0000000000
68669  -41.311  1.859  17.036 0.0000000000
68670  -41.867  2.073  17.393 0.0000000000
68656  -41.344  1.968  17.565 0.0000000000
69682  -42.256  2.744  18.450 0.0000000000
71783  -40.781  3.774  19.331 0.0000000000
70703  -40.421  3.249  18.785 0.0000000000
69720  -36.582  1.715  15.874 0.0000000000
67608  -36.145  0.670  14.991 0.0000000000
67602  -37.118  0.826  15.437 0.0000000000
68667  -39.595  1.303  16.603 0.0000000000
68681  -40.043  1.295  16.016 0.0000000000
67415  -17.401  0.091  33.295 0.0000000000
66339  -15.466  -1.152  29.968 0.0000000000
71722  -3.148  3.442  21.846 0.0000000000
70666  -4.019  2.569  22.655 0.0000000000
70671  -3.643  2.277  21.964 0.0000000000
60562  -7.955  -6.602  26.346 0.0000000000
56069  -7.479  -9.658  28.086 0.0000000000
57153  -7.674  -9.359  27.594 0.0000000000
57173  -6.952  -10.220  26.157 0.0000000000
57196  -7.384  -9.338  25.805 0.0000000000
58307  -6.590  -9.112  24.989 0.0000000000
53918  -3.839  -12.388  26.406 0.0000000000
60390  -6.706  -6.719  39.468 0.0000000000
56943  -6.783  -8.046  39.267 0.0000000000
59224  -6.408  -7.108  39.626 0.0000000000
56942  -6.263  -7.924  39.250 0.0000000000
56941  -5.934  -7.812  39.189 0.0000000000
56948  -6.242  -8.436  39.054 0.0000000000
54810  -7.380  -9.821  38.462 0.0000000000
54818  -7.036  -10.287  38.263 0.0000000000
53702  -6.111  -10.286  38.183 0.0000000000
53700  -5.467  -10.502  37.884 0.0000000000
53711  -5.396  -10.842  37.553 0.0000000000
52658  -4.150  -12.818  36.694 0.0000000000
52657  -3.879  -12.555  36.607 0.0000000000
71726  -34.956  5.766  21.002 0.0000000000
72827  -35.996  5.839  21.264 0.0000000000
67479  -29.434  -0.290  28.439 0.0000000000
66371  -29.392  -0.954  28.422 0.0000000000
70664  -31.169  3.727  23.408 0.0000000000
72825  -34.263  5.891  21.383 0.0000000000
72846  -33.371  5.545  21.263 0.0000000000
71588  -22.304  3.798  34.675 0.0000000000
72662  -21.636  4.349  34.643 0.0000000000
70561  -21.646  2.974  34.169 0.0000000000
69542  -20.546  2.149  34.276 0.0000000000
69530  -20.890  1.690  34.390 0.0000000000
70504  -25.883  1.654  37.015 0.0000000000
69500  -25.519  1.585  36.374 0.0000000000
69517  -25.312  1.417  35.923 0.0000000000
63950  -24.464  -1.973  33.781 0.0000000000
63931  -24.750  -1.623  34.112 0.0000000000
63949  -23.775  -1.971  33.578 0.0000000000
65085  -22.872  -0.941  34.068 0.0000000000
66248  -24.207  -0.351  34.401 0.0000000000
67390  -23.758  0.333  34.613 0.0000000000
68460  -24.186  1.053  34.787 0.0000000000
67372  -23.197  0.031  34.446 0.0000000000
68459  -22.809  1.316  34.361 0.0000000000
67389  -22.818  0.510  34.416 0.0000000000
65083  -20.553  -0.952  34.372 0.0000000000
65082  -20.051  -0.897  34.418 0.0000000000
66244  -19.772  -0.496  34.615 0.0000000000
65098  -19.272  -0.847  34.056 0.0000000000
65113  -18.687  -0.666  33.622 0.0000000000
65127  -19.397  -1.049  32.906 0.0000000000
65153  -19.470  -0.661  30.540 0.0000000000
65152  -19.057  -0.507  31.156 0.0000000000
83075  -48.714  15.013  3.233 0.0000000000
83087  -48.017  15.015  2.003 0.0000000000
83109  -47.502  15.028  0.055 0.0000000000
83968  -48.512  16.023  0.270 0.0000000000
67466  -2.887  -0.269  29.477 0.0000000000
66351  -4.135  -1.355  28.871 0.0000000000
65188  -3.887  -2.008  29.053 0.0000000000
66318  -2.645  -1.617  30.738 0.0000000000
66338  -2.631  -1.365  30.048 0.0000000000
64055  -3.725  -3.582  29.514 0.0000000000
65203  -3.508  -2.928  29.568 0.0000000000
62907  -4.873  -4.286  28.987 0.0000000000
61692  -4.647  -4.501  29.408 0.0000000000
60538  -5.007  -5.692  29.602 0.0000000000
59351  -4.135  -6.358  30.928 0.0000000000
60505  -4.251  -6.187  30.617 0.0000000000
58228  -6.186  -7.691  29.958 0.0000000000
58214  -6.558  -8.680  30.156 0.0000000000
73924  -46.249  6.946  11.726 0.0000000000
71715  -37.968  5.347  21.345 0.0000000000
70796  -39.741  3.422  12.617 0.0000000000
70795  -39.288  3.198  12.168 0.0000000000
71854  -40.550  4.360  12.357 0.0000000000
72905  -41.280  5.331  11.562 0.0000000000
72924  -42.072  5.919  10.653 0.0000000000
72909  -45.072  6.489  12.353 0.0000000000
62734  -8.049  -5.487  39.477 0.0000000000
61544  -8.362  -5.731  39.551 0.0000000000
59227  -8.112  -6.803  39.488 0.0000000000
59228  -8.690  -6.469  39.457 0.0000000000
62737  -10.407  -4.422  39.451 0.0000000000
61546  -10.015  -5.197  39.343 0.0000000000
60395  -10.041  -5.496  39.343 0.0000000000
56958  -9.865  -7.085  38.195 0.0000000000
58079  -9.642  -6.710  38.888 0.0000000000
56957  -9.340  -7.758  38.369 0.0000000000
56953  -9.200  -7.525  38.833 0.0000000000
55885  -8.964  -8.280  37.969 0.0000000000
55893  -8.706  -8.593  37.711 0.0000000000
56970  -9.295  -8.364  37.359 0.0000000000
55926  -9.362  -9.366  35.673 0.0000000000
55913  -9.261  -9.317  36.444 0.0000000000
54874  -9.039  -9.981  35.105 0.0000000000
54892  -9.023  -10.145  34.640 0.0000000000
67403  -16.689  0.365  33.957 0.0000000000
67368  -17.189  0.455  35.181 0.0000000000
67386  -15.056  0.129  35.225 0.0000000000
67365  -14.614  0.034  35.831 0.0000000000
66241  -14.321  -0.646  35.790 0.0000000000
62827  -14.002  -3.749  32.932 0.0000000000
62783  -13.793  -3.286  35.691 0.0000000000
63945  -13.930  -2.565  34.974 0.0000000000
65081  -13.942  -2.085  36.366 0.0000000000
65065  -14.114  -1.344  36.771 0.0000000000
65050  -13.981  -1.221  37.456 0.0000000000
63896  -13.834  -2.086  37.267 0.0000000000
61571  -13.383  -4.156  36.695 0.0000000000
63895  -13.625  -2.684  37.588 0.0000000000
62761  -13.259  -3.357  37.842 0.0000000000
63880  -13.434  -2.641  38.564 0.0000000000
62760  -13.023  -3.762  37.976 0.0000000000
62755  -12.960  -3.423  38.292 0.0000000000
61568  -12.857  -4.603  37.560 0.0000000000
59272  -12.351  -6.237  35.630 0.0000000000
59261  -12.523  -5.589  36.554 0.0000000000
58118  -11.704  -6.545  35.939 0.0000000000
58188  -11.889  -7.317  32.360 0.0000000000
59302  -12.239  -6.525  33.791 0.0000000000
58169  -10.757  -8.380  33.173 0.0000000000
58151  -10.722  -8.306  33.690 0.0000000000
57038  -10.452  -8.344  34.349 0.0000000000
57016  -10.331  -8.370  35.001 0.0000000000
57037  -10.121  -8.955  33.755 0.0000000000
71685  -3.451  3.604  26.860 0.0000000000
69613  -4.122  2.111  26.580 0.0000000000
69625  -5.040  2.187  25.236 0.0000000000
70662  -4.635  2.693  23.995 0.0000000000
68610  -5.324  0.200  22.779 0.0000000000
67530  -4.835  -0.277  22.415 0.0000000000
64059  -6.952  -3.381  27.007 0.0000000000
65221  -7.516  -2.869  25.670 0.0000000000
66392  -7.412  -2.216  25.077 0.0000000000
66408  -7.394  -2.490  24.426 0.0000000000
60604  -6.857  -6.055  23.703 0.0000000000
61749  -7.461  -5.580  24.048 0.0000000000
61748  -6.701  -5.380  23.676 0.0000000000
64115  -6.417  -3.467  23.482 0.0000000000
65247  -7.013  -2.662  23.821 0.0000000000
65270  -6.407  -2.531  23.443 0.0000000000
65267  -3.586  -2.810  22.717 0.0000000000
65268  -4.520  -2.427  22.834 0.0000000000
65285  -3.559  -2.227  22.314 0.0000000000
64133  -2.632  -3.457  22.178 0.0000000000
61572  -2.366  -5.549  35.340 0.0000000000
61551  -5.567  -6.091  39.164 0.0000000000
62741  -5.357  -5.985  38.807 0.0000000000
61550  -4.946  -6.106  39.024 0.0000000000
60404  -3.874  -6.632  38.529 0.0000000000
61557  -3.810  -6.378  37.910 0.0000000000
56960  -4.400  -8.888  37.558 0.0000000000
58087  -4.010  -8.342  37.904 0.0000000000
59246  -3.422  -7.097  36.487 0.0000000000
59245  -3.221  -6.774  36.702 0.0000000000
60408  -3.200  -6.616  36.908 0.0000000000
60412  -2.898  -6.440  36.557 0.0000000000
59249  -3.089  -6.786  36.211 0.0000000000
59284  -2.381  -6.509  34.868 0.0000000000
59285  -2.687  -6.861  34.582 0.0000000000
58166  -4.337  -7.987  33.590 0.0000000000
55964  -4.981  -10.720  34.644 0.0000000000
54907  -5.031  -10.949  33.769 0.0000000000
55965  -5.114  -10.315  34.367 0.0000000000
57052  -5.409  -9.261  33.428 0.0000000000
55984  -5.404  -10.002  33.343 0.0000000000
56004  -5.451  -10.356  32.922 0.0000000000
54923  -5.365  -10.855  32.558 0.0000000000
54940  -5.243  -11.214  32.039 0.0000000000
51598  -2.109  -14.107  34.933 0.0000000000
50504  -1.242  -14.678  34.215 0.0000000000
51597  -1.563  -13.979  34.706 0.0000000000
53786  -2.096  -13.014  34.646 0.0000000000
52744  -0.919  -14.019  33.102 0.0000000000
52728  -1.593  -13.357  33.409 0.0000000000
53814  -1.790  -13.243  33.005 0.0000000000
52764  -2.036  -13.694  31.571 0.0000000000
53830  -3.137  -12.901  31.697 0.0000000000
52765  -2.834  -13.435  31.163 0.0000000000
52781  -3.211  -14.084  30.575 0.0000000000
52782  -4.193  -13.789  30.201 0.0000000000
68464  -33.203  1.169  33.903 0.0000000000
62843  -31.188  -2.810  31.951 0.0000000000
63992  -31.849  -1.968  31.961 0.0000000000
63979  -32.008  -1.690  32.750 0.0000000000
65130  -32.610  -0.774  32.873 0.0000000000
62820  -30.348  -2.947  33.570 0.0000000000
61620  -29.847  -3.519  32.608 0.0000000000
62822  -31.290  -2.336  33.296 0.0000000000
62832  -31.301  -2.530  32.833 0.0000000000
66251  -30.984  -0.670  34.844 0.0000000000
65090  -31.175  -0.951  34.634 0.0000000000
63952  -31.028  -1.786  34.023 0.0000000000
67376  -32.174  0.245  34.661 0.0000000000
77284  -49.553  9.305  10.272 0.0000000000
75039  -45.610  7.025  10.553 0.0000000000
73953  -45.858  7.250  10.094 0.0000000000
73971  -46.136  7.350  9.841 0.0000000000
75057  -46.448  7.684  8.973 0.0000000000
71780  -37.828  4.339  19.368 0.0000000000
70682  -38.134  4.526  19.903 0.0000000000
70674  -38.153  4.765  20.380 0.0000000000
71730  -38.331  4.942  20.909 0.0000000000
70700  -34.927  4.711  18.823 0.0000000000
71793  -35.414  4.644  18.906 0.0000000000
54983  -6.823  -10.935  29.272 0.0000000000
54873  -8.513  -10.605  35.433 0.0000000000
53752  -8.025  -11.098  35.741 0.0000000000
52691  -7.543  -11.970  34.962 0.0000000000
71666  -32.046  3.692  27.776 0.0000000000
71681  -32.031  3.749  27.515 0.0000000000
70630  -32.130  3.904  26.957 0.0000000000
71693  -33.045  4.891  26.834 0.0000000000
72612  -25.953  4.292  37.897 0.0000000000
61643  -23.754  -3.352  31.079 0.0000000000
82167  -48.499  13.718  6.645 0.0000000000
82166  -47.992  13.450  6.164 0.0000000000
82181  -49.164  14.353  6.087 0.0000000000
83917  -50.618  16.138  5.679 0.0000000000
61628  -2.343  -5.235  32.741 0.0000000000
60484  -2.402  -5.771  32.399 0.0000000000
60483  -2.386  -5.822  32.859 0.0000000000
59329  -2.444  -6.202  32.828 0.0000000000
59312  -2.765  -6.710  32.937 0.0000000000
71827  -42.811  3.704  15.388 0.0000000000
71821  -43.969  3.467  16.263 0.0000000000
70761  -44.066  3.307  16.566 0.0000000000
67627  -38.834  0.527  14.633 0.0000000000
67641  -38.355  0.440  14.137 0.0000000000
67642  -38.928  0.766  14.196 0.0000000000
68734  -40.382  1.961  14.534 0.0000000000
69760  -40.696  2.604  14.406 0.0000000000
66181  -11.375  -2.273  39.428 0.0000000000
66182  -11.922  -1.751  39.487 0.0000000000
62740  -12.062  -3.325  39.274 0.0000000000
61556  -12.192  -3.964  38.845 0.0000000000
70559  -19.698  3.029  34.327 0.0000000000
68635  -2.804  0.473  20.571 0.0000000000
67476  -4.885  -0.197  27.753 0.0000000000
63874  -5.079  -5.947  37.937 0.0000000000
53723  -4.516  -11.661  36.819 0.0000000000
54835  -4.301  -11.422  36.025 0.0000000000
54850  -4.008  -11.657  35.403 0.0000000000
66327  -32.313  -0.402  31.486 0.0000000000
67446  -32.244  0.471  31.308 0.0000000000
68516  -32.093  1.180  30.914 0.0000000000
68517  -32.596  1.901  30.969 0.0000000000
59367  -29.058  -5.167  29.279 0.0000000000
61580  -28.921  -2.925  34.282 0.0000000000
62790  -28.563  -2.629  34.643 0.0000000000
61592  -27.903  -3.576  33.873 0.0000000000
60428  -26.895  -3.880  33.413 0.0000000000
60453  -25.752  -4.201  32.342 0.0000000000
60454  -26.493  -4.347  32.382 0.0000000000
81255  -49.983  13.308  8.889 0.0000000000
78383  -47.868  9.484  8.475 0.0000000000
78387  -47.449  9.825  8.014 0.0000000000
79347  -47.809  10.736  8.036 0.0000000000
80328  -48.066  11.825  7.842 0.0000000000
80324  -48.814  11.918  8.447 0.0000000000
81254  -49.582  12.809  8.716 0.0000000000
68655  -40.921  1.882  17.570 0.0000000000
69695  -41.057  2.231  17.934 0.0000000000
69681  -41.532  2.731  18.379 0.0000000000
70705  -42.019  3.260  18.757 0.0000000000
69706  -37.247  1.979  16.408 0.0000000000
68665  -37.667  1.056  15.880 0.0000000000
66325  -17.357  -0.367  30.178 0.0000000000
60551  -6.994  -5.810  28.021 0.0000000000
56106  -7.180  -10.343  27.100 0.0000000000
56105  -6.612  -10.673  26.586 0.0000000000
56128  -5.398  -10.647  25.622 0.0000000000
55062  -3.601  -11.327  25.617 0.0000000000
60391  -7.255  -6.622  39.467 0.0000000000
59225  -6.930  -7.083  39.603 0.0000000000
58070  -7.144  -7.524  39.503 0.0000000000
53725  -6.511  -11.214  37.363 0.0000000000
52636  -6.106  -11.519  37.267 0.0000000000
52635  -5.806  -11.618  37.313 0.0000000000
52634  -5.334  -11.598  37.390 0.0000000000
52646  -5.230  -12.288  37.255 0.0000000000
51555  -4.827  -12.723  37.156 0.0000000000
72805  -35.028  6.370  22.056 0.0000000000
71705  -32.159  4.384  25.104 0.0000000000
72779  -32.226  4.560  24.292 0.0000000000
72802  -32.132  4.955  23.487 0.0000000000
71713  -32.472  5.337  22.272 0.0000000000
72649  -22.544  4.607  35.508 0.0000000000
71570  -22.649  3.952  35.100 0.0000000000
70562  -22.626  3.310  34.607 0.0000000000
121049  -27.162  0.444  36.671 0.0000000000
70495  -26.459  1.497  37.141 0.0000000000
121048  -26.815  0.281  36.531 0.0000000000
121054  -26.315  0.320  36.220 0.0000000000
67374  -25.630  -0.171  35.358 0.0000000000
62817  -22.825  -2.295  32.663 0.0000000000
63948  -22.911  -1.940  33.419 0.0000000000
63964  -22.569  -2.018  33.089 0.0000000000
65101  -22.158  -1.419  33.643 0.0000000000
65084  -21.714  -0.969  34.062 0.0000000000
63946  -20.988  -1.503  33.467 0.0000000000
63988  -19.860  -0.982  31.469 0.0000000000
80360  -45.830  11.945  2.373 0.0000000000
64013  -2.750  -2.625  30.505 0.0000000000
64026  -2.983  -2.762  30.127 0.0000000000
64025  -3.015  -3.414  30.156 0.0000000000
62904  -3.601  -4.250  29.777 0.0000000000
62889  -4.015  -4.686  29.669 0.0000000000
61691  -4.475  -4.602  29.557 0.0000000000
61678  -4.296  -4.865  29.666 0.0000000000
60537  -4.315  -5.417  29.832 0.0000000000
60523  -4.649  -6.110  30.134 0.0000000000
59333  -4.341  -7.024  31.399 0.0000000000
73910  -45.629  6.556  12.498 0.0000000000
71840  -41.882  4.443  13.764 0.0000000000
72907  -43.433  6.118  11.877 0.0000000000
62735  -8.848  -5.045  39.324 0.0000000000
59239  -10.739  -6.177  38.879 0.0000000000
59235  -10.426  -6.066  39.178 0.0000000000
58085  -10.569  -6.493  38.434 0.0000000000
56962  -10.003  -7.229  37.822 0.0000000000
55902  -9.350  -8.459  37.139 0.0000000000
55927  -9.719  -8.733  36.077 0.0000000000
56995  -9.852  -8.832  35.366 0.0000000000
66289  -14.383  -0.974  33.403 0.0000000000
66288  -13.994  -1.417  33.731 0.0000000000
65111  -14.033  -1.539  34.184 0.0000000000
61629  -13.790  -5.169  32.488 0.0000000000
61615  -13.816  -4.589  33.176 0.0000000000
61598  -13.737  -4.376  34.133 0.0000000000
62771  -13.689  -3.343  36.525 0.0000000000
61575  -13.501  -4.131  35.916 0.0000000000
60418  -13.099  -4.804  36.812 0.0000000000
60425  -13.004  -5.482  35.667 0.0000000000
59287  -12.310  -6.412  34.748 0.0000000000
57074  -11.012  -8.309  32.359 0.0000000000
57055  -10.635  -8.599  32.750 0.0000000000
58168  -10.427  -8.717  33.199 0.0000000000
69615  -5.486  1.326  26.087 0.0000000000
69641  -5.581  1.768  24.577 0.0000000000
69656  -5.385  1.768  23.990 0.0000000000
68590  -5.722  0.966  23.538 0.0000000000
67518  -5.741  -0.453  23.038 0.0000000000
62922  -7.824  -4.567  26.204 0.0000000000
64082  -7.671  -3.968  24.818 0.0000000000
61730  -5.095  -6.087  23.713 0.0000000000
64114  -5.037  -3.526  23.078 0.0000000000
64112  -3.014  -3.638  22.690 0.0000000000
64111  -2.631  -3.942  22.494 0.0000000000
60387  -5.140  -6.887  39.249 0.0000000000
60397  -4.868  -6.620  39.226 0.0000000000
59230  -4.799  -7.257  39.153 0.0000000000
59229  -4.221  -7.456  38.965 0.0000000000
59237  -3.840  -7.280  38.481 0.0000000000
56968  -4.446  -9.092  36.675 0.0000000000
58101  -3.497  -7.465  36.091 0.0000000000
58113  -3.153  -6.977  35.883 0.0000000000
58131  -3.189  -7.345  35.103 0.0000000000
59271  -3.062  -7.183  34.820 0.0000000000
54922  -4.954  -11.362  32.908 0.0000000000
51657  -0.948  -14.515  32.733 0.0000000000
52780  -2.189  -14.158  31.050 0.0000000000
60528  -30.590  -4.519  29.397 0.0000000000
60529  -31.051  -4.115  29.131 0.0000000000
60514  -30.944  -4.129  29.877 0.0000000000
62869  -31.404  -3.182  30.631 0.0000000000
64006  -31.725  -1.918  31.242 0.0000000000
65154  -32.297  -1.068  31.837 0.0000000000
66310  -32.536  -0.475  31.862 0.0000000000
66311  -32.734  0.065  31.967 0.0000000000
60456  -27.944  -4.334  32.350 0.0000000000
60474  -28.249  -4.494  31.501 0.0000000000
60493  -28.592  -4.301  30.865 0.0000000000
60494  -28.994  -4.155  30.754 0.0000000000
60477  -29.841  -4.042  31.692 0.0000000000
60495  -29.513  -4.182  30.794 0.0000000000
59344  -29.227  -4.435  29.992 0.0000000000
59369  -29.797  -4.688  29.764 0.0000000000
62777  -29.805  -1.894  34.906 0.0000000000
63936  -30.492  -1.631  34.581 0.0000000000
62792  -29.816  -2.268  34.452 0.0000000000
61581  -29.337  -2.654  34.327 0.0000000000
61593  -28.613  -3.371  33.593 0.0000000000
60440  -28.330  -3.801  32.910 0.0000000000
79340  -49.443  10.577  9.354 0.0000000000
80308  -50.399  11.301  10.165 0.0000000000
75056  -43.581  6.903  8.667 0.0000000000
75055  -43.016  6.822  8.464 0.0000000000
75065  -43.530  7.083  7.934 0.0000000000
75080  -45.498  8.006  7.448 0.0000000000
77290  -46.813  8.713  8.014 0.0000000000
76196  -47.253  8.461  8.561 0.0000000000
77291  -47.439  9.045  8.236 0.0000000000
78384  -48.561  9.705  8.760 0.0000000000
78385  -49.213  10.001  9.114 0.0000000000
70722  -39.341  2.942  18.110 0.0000000000
71781  -38.677  4.201  19.526 0.0000000000
70697  -31.443  4.321  19.371 0.0000000000
70731  -33.045  3.991  16.928 0.0000000000
70719  -35.899  4.148  17.970 0.0000000000
71702  -3.040  4.204  24.888 0.0000000000
56083  -7.039  -10.721  27.680 0.0000000000
53896  -4.363  -12.873  26.862 0.0000000000
52839  -3.527  -14.502  27.058 0.0000000000
55883  -7.812  -9.235  38.329 0.0000000000
55891  -7.864  -9.638  37.965 0.0000000000
54826  -7.687  -10.394  37.547 0.0000000000
53727  -7.470  -10.887  37.057 0.0000000000
53751  -7.611  -11.480  35.945 0.0000000000
53736  -7.456  -11.392  36.468 0.0000000000
53735  -7.075  -11.495  36.717 0.0000000000
52649  -6.696  -11.843  36.710 0.0000000000
73792  -34.088  6.622  24.196 0.0000000000
66356  -30.201  -0.726  29.500 0.0000000000
66372  -29.823  -1.172  28.841 0.0000000000
67468  -29.857  0.446  28.928 0.0000000000
68529  -29.995  1.093  28.788 0.0000000000
69595  -30.148  1.694  28.669 0.0000000000
69605  -29.577  1.892  27.301 0.0000000000
69618  -30.803  3.068  26.317 0.0000000000
70650  -31.756  3.901  25.774 0.0000000000
71700  -32.259  4.372  25.927 0.0000000000
71539  -24.290  3.610  37.096 0.0000000000
62786  -25.931  -2.463  34.213 0.0000000000
63932  -25.800  -1.827  34.527 0.0000000000
62803  -24.611  -2.575  33.581 0.0000000000
62802  -23.780  -2.348  33.190 0.0000000000
62841  -23.161  -2.730  31.578 0.0000000000
62830  -23.303  -2.816  32.226 0.0000000000
62839  -22.098  -2.148  31.886 0.0000000000
64004  -21.749  -1.766  31.002 0.0000000000
81302  -46.425  12.181  4.112 0.0000000000
81314  -46.390  12.410  3.114 0.0000000000
81315  -46.983  13.159  2.747 0.0000000000
82213  -48.052  14.339  2.902 0.0000000000
83067  -49.252  15.054  4.274 0.0000000000
61651  -2.708  -4.746  31.228 0.0000000000
60520  -3.104  -5.145  30.796 0.0000000000
60521  -3.417  -5.573  30.538 0.0000000000
59331  -3.178  -6.525  31.854 0.0000000000
58199  -3.989  -7.116  31.873 0.0000000000
72880  -45.246  4.927  14.885 0.0000000000
67658  -38.356  0.739  13.618 0.0000000000
69788  -38.960  2.425  12.504 0.0000000000
70779  -40.275  3.498  13.208 0.0000000000
70780  -40.809  3.633  13.973 0.0000000000
65034  -10.191  -3.203  39.218 0.0000000000
63863  -10.143  -3.991  39.503 0.0000000000
61547  -10.663  -4.900  39.377 0.0000000000
61548  -11.161  -4.410  39.347 0.0000000000
60401  -11.029  -5.571  39.225 0.0000000000
59240  -11.314  -5.962  38.771 0.0000000000
58090  -11.365  -6.365  37.861 0.0000000000
58103  -10.971  -6.769  37.024 0.0000000000
61654  -14.247  -4.557  30.351 0.0000000000
61642  -14.169  -4.350  31.257 0.0000000000
60489  -14.049  -5.109  31.096 0.0000000000
59316  -13.745  -5.572  31.210 0.0000000000
59315  -13.597  -5.692  31.550 0.0000000000
60467  -13.430  -5.818  32.269 0.0000000000
60466  -12.820  -6.197  33.144 0.0000000000
59334  -12.559  -7.022  31.721 0.0000000000
70609  -3.252  2.090  27.873 0.0000000000
69604  -4.505  1.336  27.107 0.0000000000
68547  -4.904  1.038  27.033 0.0000000000
68548  -5.556  0.731  26.596 0.0000000000
59456  -7.316  -7.225  24.258 0.0000000000
60589  -7.706  -6.494  24.373 0.0000000000
60587  -5.966  -6.491  23.743 0.0000000000
61729  -4.719  -6.136  23.695 0.0000000000
60600  -2.974  -6.248  23.188 0.0000000000
63904  -4.052  -4.788  36.191 0.0000000000
55877  -4.642  -9.319  37.977 0.0000000000
56994  -4.674  -9.014  35.622 0.0000000000
54905  -3.802  -11.915  34.145 0.0000000000
65228  -30.344  -3.159  27.856 0.0000000000
61685  -31.079  -3.812  29.163 0.0000000000
62898  -31.247  -2.733  29.778 0.0000000000
65181  -31.380  -1.716  30.504 0.0000000000
65197  -31.185  -2.187  29.915 0.0000000000
64047  -31.030  -2.833  29.295 0.0000000000
65196  -30.775  -2.085  29.562 0.0000000000
67470  -30.715  0.112  30.099 0.0000000000
69581  -31.868  1.882  30.218 0.0000000000
70618  -32.734  3.750  29.439 0.0000000000
121055  -27.716  0.894  36.969 0.0000000000
66209  -27.235  -1.029  36.039 0.0000000000
65068  -26.910  -1.600  35.187 0.0000000000
65055  -28.718  -1.029  36.018 0.0000000000
62774  -28.264  -2.300  34.987 0.0000000000
63916  -28.609  -1.899  35.393 0.0000000000
63899  -28.366  -1.554  35.732 0.0000000000
63898  -27.793  -1.612  35.643 0.0000000000
63914  -27.248  -1.887  35.172 0.0000000000
63933  -26.577  -2.171  34.642 0.0000000000
62804  -25.518  -2.749  33.841 0.0000000000
61601  -25.086  -3.527  32.906 0.0000000000
60451  -24.789  -3.826  32.092 0.0000000000
60436  -25.518  -3.839  32.792 0.0000000000
60469  -24.775  -3.893  31.812 0.0000000000
77308  -45.301  9.117  5.996 0.0000000000
81278  -47.408  12.591  6.345 0.0000000000
81267  -48.178  12.848  7.306 0.0000000000
83040  -50.173  14.875  7.397 0.0000000000
69721  -42.252  2.456  16.556 0.0000000000
69722  -43.191  2.715  16.938 0.0000000000
69711  -42.440  2.372  17.204 0.0000000000
70704  -41.246  3.317  18.706 0.0000000000
66530  -37.652  -0.039  14.361 0.0000000000
68679  -38.156  0.704  15.627 0.0000000000
67612  -38.193  0.484  15.193 0.0000000000
68694  -38.926  0.552  15.049 0.0000000000
68695  -39.508  0.941  14.983 0.0000000000
66264  -18.161  -0.196  34.175 0.0000000000
66242  -18.165  0.097  34.605 0.0000000000
67404  -17.668  0.177  33.919 0.0000000000
67414  -16.199  0.256  33.194 0.0000000000
67424  -16.020  0.045  32.466 0.0000000000
66324  -16.175  -0.533  30.560 0.0000000000
67434  -15.643  -0.384  31.777 0.0000000000
67423  -15.473  -0.335  32.176 0.0000000000
65150  -14.491  -1.555  31.413 0.0000000000
64001  -14.351  -2.661  30.757 0.0000000000
62865  -14.281  -4.007  30.174 0.0000000000
67546  -3.449  -0.156  21.683 0.0000000000
62909  -6.653  -4.407  27.387 0.0000000000
62910  -7.337  -4.834  26.865 0.0000000000
58248  -7.750  -8.472  27.842 0.0000000000
57214  -5.533  -9.436  24.700 0.0000000000
57213  -4.265  -9.749  24.617 0.0000000000
61552  -6.002  -6.138  39.125 0.0000000000
61540  -5.861  -6.374  39.325 0.0000000000
60389  -6.151  -6.713  39.474 0.0000000000
60388  -5.549  -6.725  39.310 0.0000000000
58067  -5.825  -7.483  39.209 0.0000000000
58075  -5.443  -7.823  39.104 0.0000000000
55870  -5.245  -8.993  38.943 0.0000000000
55882  -7.304  -9.411  38.698 0.0000000000
55873  -6.894  -9.127  38.946 0.0000000000
54817  -6.784  -10.176  38.397 0.0000000000
54808  -6.591  -9.886  38.645 0.0000000000
55872  -6.258  -9.059  38.995 0.0000000000
55880  -5.877  -9.300  38.959 0.0000000000
55879  -5.498  -9.487  38.729 0.0000000000
55878  -4.905  -9.731  38.297 0.0000000000
53709  -4.951  -11.038  37.069 0.0000000000
52633  -5.083  -11.515  37.329 0.0000000000
53724  -4.626  -11.866  37.038 0.0000000000
52656  -3.294  -12.751  36.061 0.0000000000
53733  -3.012  -12.595  35.807 0.0000000000
71728  -36.485  5.563  20.900 0.0000000000
66386  -29.607  -2.373  27.719 0.0000000000
70673  -30.934  4.032  21.828 0.0000000000
71724  -31.395  4.468  21.589 0.0000000000
71725  -32.400  5.259  21.565 0.0000000000
71751  -34.525  5.402  20.523 0.0000000000
73651  -21.553  5.322  35.371 0.0000000000
72647  -21.239  4.847  34.787 0.0000000000
72660  -20.303  4.266  34.089 0.0000000000
70548  -19.883  2.432  34.466 0.0000000000
68434  -20.014  0.987  35.190 0.0000000000
67355  -19.668  0.494  35.400 0.0000000000
71529  -25.700  3.357  37.714 0.0000000000
70518  -25.380  2.894  37.546 0.0000000000
71541  -25.367  3.187  37.616 0.0000000000
71540  -25.046  3.241  37.480 0.0000000000
70516  -24.431  2.950  36.789 0.0000000000
70532  -24.202  2.820  36.128 0.0000000000
65066  -25.922  -1.387  34.776 0.0000000000
66250  -25.714  -0.631  35.109 0.0000000000
67373  -25.202  -0.222  35.088 0.0000000000
65086  -24.020  -0.945  34.051 0.0000000000
66268  -24.640  -0.237  34.719 0.0000000000
68461  -24.924  0.864  35.224 0.0000000000
69533  -24.610  1.482  35.232 0.0000000000
69515  -24.286  2.347  35.623 0.0000000000
69531  -23.183  1.949  34.349 0.0000000000
68470  -22.307  1.744  34.316 0.0000000000
66246  -21.621  -0.260  34.383 0.0000000000
67370  -21.153  0.364  34.528 0.0000000000
68446  -21.177  0.996  34.413 0.0000000000
67356  -20.505  0.439  34.938 0.0000000000
66224  -19.760  0.017  35.061 0.0000000000
66243  -18.918  -0.126  34.651 0.0000000000
66281  -18.637  -0.590  33.904 0.0000000000
66290  -18.198  -0.246  33.129 0.0000000000
65151  -18.308  -0.266  31.848 0.0000000000
81336  -46.576  13.689  1.436 0.0000000000
82225  -46.954  14.144  1.522 0.0000000000
83098  -47.371  14.837  1.186 0.0000000000
82234  -46.905  14.367  0.663 0.0000000000
83113  -48.039  15.372  -0.778 0.0000000000
67467  -3.623  -0.097  28.863 0.0000000000
64042  -4.607  -2.426  28.451 0.0000000000
65187  -3.279  -2.154  29.678 0.0000000000
64041  -4.312  -2.631  28.778 0.0000000000
61693  -5.667  -5.092  28.541 0.0000000000
61680  -5.306  -5.304  29.068 0.0000000000
61681  -5.857  -5.656  28.632 0.0000000000
59374  -5.093  -6.534  30.144 0.0000000000
59375  -5.680  -7.076  29.823 0.0000000000
59376  -6.356  -7.517  29.647 0.0000000000
75041  -47.654  7.449  11.085 0.0000000000
75042  -48.112  7.442  11.422 0.0000000000
75028  -47.887  7.318  11.663 0.0000000000
69723  -43.620  2.663  17.345 0.0000000000
71852  -39.127  3.858  11.637 0.0000000000
72903  -39.592  4.773  11.175 0.0000000000
72922  -40.238  5.383  10.417 0.0000000000
73921  -43.651  6.389  10.920 0.0000000000
73922  -44.424  6.518  11.248 0.0000000000
73937  -45.297  6.818  10.653 0.0000000000
61543  -7.636  -6.049  39.546 0.0000000000
58072  -8.132  -7.247  39.314 0.0000000000
58076  -7.998  -7.657  39.151 0.0000000000
63871  -9.503  -3.928  39.306 0.0000000000
62736  -9.674  -4.760  39.340 0.0000000000
60394  -9.243  -5.858  39.331 0.0000000000
59234  -9.788  -6.392  39.223 0.0000000000
59233  -9.052  -6.578  39.252 0.0000000000
56952  -8.693  -7.849  38.808 0.0000000000
55876  -8.555  -8.256  38.523 0.0000000000
55884  -8.544  -8.492  38.175 0.0000000000
55900  -8.419  -9.542  37.325 0.0000000000
54838  -8.688  -9.831  36.613 0.0000000000
54891  -8.642  -10.582  34.559 0.0000000000
67352  -16.478  0.768  35.964 0.0000000000
67338  -15.081  0.476  37.234 0.0000000000
63974  -13.945  -2.764  32.738 0.0000000000
65112  -14.017  -1.658  34.393 0.0000000000
62815  -13.950  -3.867  33.754 0.0000000000
65097  -14.019  -1.509  35.386 0.0000000000
66221  -14.380  -0.546  36.382 0.0000000000
67330  -14.855  0.382  37.835 0.0000000000
66196  -14.495  -0.222  37.741 0.0000000000
63910  -13.594  -2.790  37.049 0.0000000000
65046  -13.731  -1.442  38.119 0.0000000000
65038  -13.421  -1.647  38.830 0.0000000000
63873  -12.766  -2.851  38.995 0.0000000000
62749  -12.524  -3.450  38.729 0.0000000000
60411  -12.355  -4.952  38.167 0.0000000000
60417  -12.807  -5.270  36.947 0.0000000000
59252  -12.434  -5.652  37.058 0.0000000000
60413  -12.280  -5.477  37.937 0.0000000000
59251  -11.966  -6.016  37.183 0.0000000000
58104  -11.552  -6.426  36.721 0.0000000000
58117  -11.073  -6.920  36.278 0.0000000000
58153  -11.751  -6.914  34.472 0.0000000000
55986  -9.365  -9.909  33.412 0.0000000000
55967  -9.433  -9.776  34.403 0.0000000000
71695  -3.084  4.257  25.366 0.0000000000
70648  -4.360  2.472  25.705 0.0000000000
70667  -4.474  2.449  23.278 0.0000000000
69661  -4.466  1.888  22.808 0.0000000000
68608  -4.035  0.717  22.036 0.0000000000
66446  -3.387  -0.687  21.690 0.0000000000
65207  -6.549  -2.387  27.218 0.0000000000
64069  -7.521  -3.535  26.299 0.0000000000
66391  -7.098  -1.311  25.421 0.0000000000
62940  -7.708  -4.672  24.430 0.0000000000
64093  -7.337  -3.625  24.003 0.0000000000
62959  -6.422  -4.602  23.588 0.0000000000
64116  -6.939  -4.075  23.596 0.0000000000
65248  -7.416  -2.956  24.237 0.0000000000
67511  -6.502  -0.678  23.980 0.0000000000
67519  -6.206  -0.672  23.492 0.0000000000
66437  -5.101  -0.810  22.631 0.0000000000
66422  -4.670  -1.810  22.734 0.0000000000
66436  -4.340  -1.450  22.472 0.0000000000
66435  -3.420  -1.417  21.969 0.0000000000
66434  -3.144  -1.710  21.749 0.0000000000
63014  -2.901  -3.747  21.061 0.0000000000
62997  -2.598  -4.161  21.597 0.0000000000
61582  -2.127  -5.447  34.658 0.0000000000
62753  -5.556  -5.930  38.494 0.0000000000
63875  -5.311  -5.902  38.020 0.0000000000
61559  -4.479  -6.048  38.640 0.0000000000
62759  -4.789  -5.960  37.881 0.0000000000
62758  -4.334  -5.882  37.566 0.0000000000
62757  -3.958  -5.850  37.486 0.0000000000
58080  -3.731  -7.636  38.178 0.0000000000
59236  -3.583  -7.363  37.892 0.0000000000
60409  -3.397  -6.537  37.316 0.0000000000
61567  -3.024  -5.749  36.879 0.0000000000
61566  -2.680  -5.814  36.500 0.0000000000
61570  -2.492  -5.618  35.911 0.0000000000
59259  -2.749  -6.599  35.829 0.0000000000
60419  -2.468  -6.095  35.663 0.0000000000
60423  -2.275  -6.048  35.123 0.0000000000
60431  -2.094  -6.076  34.499 0.0000000000
59301  -3.185  -7.254  33.795 0.0000000000
59286  -3.139  -7.245  34.388 0.0000000000
57013  -4.949  -9.218  34.923 0.0000000000
57014  -5.061  -9.732  34.645 0.0000000000
57036  -5.105  -9.323  34.306 0.0000000000
57070  -5.436  -8.960  32.940 0.0000000000
57071  -5.629  -9.464  32.703 0.0000000000
52671  -2.810  -13.163  35.639 0.0000000000
53748  -2.259  -12.921  35.163 0.0000000000
53769  -2.134  -12.935  34.984 0.0000000000
52707  -1.860  -13.085  33.775 0.0000000000
51658  -1.248  -14.213  32.314 0.0000000000
53831  -4.009  -12.647  31.410 0.0000000000
51747  -3.605  -15.314  27.814 0.0000000000
52670  -2.278  -13.230  35.332 0.0000000000
53701  -5.683  -10.415  38.029 0.0000000000
53710  -4.969  -11.276  37.185 0.0000000000
53714  -6.965  -10.779  37.741 0.0000000000
54803  -6.155  -9.312  38.917 0.0000000000
54804  -6.377  -9.375  38.871 0.0000000000
54805  -5.003  -10.156  37.986 0.0000000000
54820  -7.893  -9.928  37.729 0.0000000000
54837  -8.231  -10.347  36.733 0.0000000000
55871  -5.797  -8.974  39.170 0.0000000000
55881  -7.042  -9.627  38.860 0.0000000000
55966  -9.012  -10.208  34.403 0.0000000000
56945  -7.719  -7.783  39.229 0.0000000000
56972  -10.435  -7.095  37.364 0.0000000000
57035  -4.899  -8.862  34.602 0.0000000000
57039  -10.674  -8.062  34.712 0.0000000000
57056  -10.897  -8.258  32.833 0.0000000000
58074  -4.800  -7.876  39.017 0.0000000000
58083  -9.450  -7.162  38.749 0.0000000000
58088  -10.211  -6.748  38.162 0.0000000000
58100  -3.333  -7.004  36.123 0.0000000000
58149  -4.884  -8.741  34.381 0.0000000000
58182  -3.052  -6.845  32.766 0.0000000000
58186  -5.487  -8.851  32.656 0.0000000000
59221  -5.097  -7.125  39.188 0.0000000000
59222  -5.387  -7.234  39.170 0.0000000000
59223  -5.936  -7.116  39.401 0.0000000000
59226  -7.489  -6.984  39.509 0.0000000000
59232  -8.478  -6.904  39.358 0.0000000000
59238  -10.050  -6.435  38.982 0.0000000000
59241  -3.239  -6.830  37.025 0.0000000000
59243  -11.031  -6.284  38.521 0.0000000000
59248  -12.291  -5.691  37.549 0.0000000000
59370  -30.320  -4.604  29.572 0.0000000000
59390  -30.172  -4.875  28.964 0.0000000000
60396  -4.091  -6.917  39.204 0.0000000000
60400  -10.381  -5.666  39.350 0.0000000000
60405  -11.316  -5.694  39.013 0.0000000000
60410  -12.071  -5.535  38.355 0.0000000000
60414  -12.591  -5.095  37.565 0.0000000000
60415  -12.939  -4.822  37.287 0.0000000000
60420  -12.591  -5.822  36.109 0.0000000000
60421  -12.819  -5.348  36.258 0.0000000000
60424  -12.776  -5.880  35.723 0.0000000000
60427  -26.628  -3.855  33.374 0.0000000000
60437  -26.289  -3.983  33.128 0.0000000000
60441  -28.759  -3.656  32.703 0.0000000000
60452  -25.063  -3.847  32.350 0.0000000000
60465  -2.357  -5.576  32.818 0.0000000000
60468  -13.788  -5.357  31.778 0.0000000000
60475  -28.854  -4.329  31.562 0.0000000000
60497  -30.571  -4.038  31.050 0.0000000000
60502  -2.981  -5.109  30.985 0.0000000000
60588  -7.033  -6.696  23.880 0.0000000000
60603  -6.334  -5.876  23.576 0.0000000000
61545  -9.118  -5.451  39.319 0.0000000000
61554  -11.307  -4.717  39.226 0.0000000000
61560  -12.036  -4.804  38.732 0.0000000000
61561  -12.364  -4.300  38.554 0.0000000000
61565  -13.060  -3.915  37.814 0.0000000000
61574  -12.907  -5.491  35.963 0.0000000000
61577  -26.948  -3.167  34.163 0.0000000000
61579  -28.278  -3.146  34.279 0.0000000000
61584  -12.901  -5.732  35.769 0.0000000000
61585  -12.943  -5.573  35.873 0.0000000000
61588  -25.271  -3.150  33.466 0.0000000000
61599  -24.104  -3.172  32.476 0.0000000000
61602  -25.700  -3.603  33.297 0.0000000000
61607  -30.304  -3.163  33.169 0.0000000000
61613  -2.281  -5.305  33.235 0.0000000000
61618  -24.731  -3.583  32.573 0.0000000000
61619  -29.398  -3.606  32.509 0.0000000000
61621  -30.490  -3.314  32.621 0.0000000000
61631  -23.744  -3.274  31.814 0.0000000000
61633  -30.212  -3.684  32.075 0.0000000000
61634  -30.705  -3.588  31.889 0.0000000000
61635  -31.004  -3.359  31.718 0.0000000000
61653  -14.306  -4.352  30.149 0.0000000000
61666  -14.301  -4.389  29.902 0.0000000000
61671  -31.189  -3.744  29.925 0.0000000000
61675  -3.026  -4.479  30.493 0.0000000000
61689  -3.546  -4.589  29.801 0.0000000000
61690  -3.788  -4.581  29.716 0.0000000000
62738  -11.051  -4.077  39.420 0.0000000000
62747  -11.733  -4.172  39.145 0.0000000000
62748  -12.118  -3.711  39.039 0.0000000000
62750  -4.089  -6.101  37.905 0.0000000000
62751  -4.425  -6.016  38.147 0.0000000000
62754  -5.925  -5.903  38.640 0.0000000000
62756  -13.351  -2.990  38.243 0.0000000000
62772  -13.767  -2.968  36.447 0.0000000000
62775  -28.855  -2.149  34.975 0.0000000000
62784  -13.772  -3.125  36.249 0.0000000000
62787  -26.605  -2.743  34.405 0.0000000000
62791  -29.143  -2.435  34.608 0.0000000000
62806  -29.828  -2.642  34.050 0.0000000000
62808  -30.650  -2.265  33.897 0.0000000000
62821  -30.842  -2.680  33.391 0.0000000000
62823  -2.170  -5.234  33.601 0.0000000000
62828  -22.133  -2.124  32.155 0.0000000000
62852  -14.175  -3.711  30.418 0.0000000000
62854  -22.118  -2.150  31.565 0.0000000000
62857  -31.356  -3.055  31.248 0.0000000000
62866  -14.242  -4.109  30.453 0.0000000000
62875  -2.940  -4.243  30.532 0.0000000000
62877  -2.800  -3.136  30.387 0.0000000000
62888  -3.354  -4.257  29.978 0.0000000000
62890  -4.198  -4.542  29.585 0.0000000000
62891  -5.104  -4.800  29.180 0.0000000000
62905  -3.894  -4.275  29.620 0.0000000000
63862  -9.402  -4.390  39.406 0.0000000000
63866  -12.005  -2.989  39.308 0.0000000000
63886  -13.630  -2.434  38.149 0.0000000000
63887  -13.878  -1.875  37.808 0.0000000000
63897  -27.432  -1.573  35.560 0.0000000000
63911  -13.782  -2.497  36.684 0.0000000000
63912  -26.249  -1.568  34.823 0.0000000000
63915  -27.986  -1.972  35.342 0.0000000000
63918  -29.869  -1.590  35.333 0.0000000000
63927  -13.950  -2.302  35.830 0.0000000000
63930  -23.834  -1.470  33.819 0.0000000000
63935  -30.082  -1.759  34.892 0.0000000000
63951  -30.507  -2.038  34.123 0.0000000000
63953  -31.489  -1.517  33.908 0.0000000000
63990  -21.601  -1.928  31.898 0.0000000000
63991  -31.541  -2.397  32.015 0.0000000000
64000  -14.230  -3.388  30.278 0.0000000000
64002  -19.680  -0.813  30.962 0.0000000000
64024  -3.035  -3.889  30.267 0.0000000000
64038  -3.201  -4.008  30.110 0.0000000000
64039  -3.336  -3.800  29.897 0.0000000000
64048  -31.202  -2.493  29.812 0.0000000000
64054  -3.638  -3.975  29.704 0.0000000000
65028  -11.450  -2.782  39.439 0.0000000000
65029  -12.091  -2.750  39.393 0.0000000000
65036  -12.685  -2.313  39.122 0.0000000000
65037  -13.125  -1.980  39.040 0.0000000000
65042  -13.398  -2.190  38.849 0.0000000000
65052  -27.072  -1.381  35.503 0.0000000000
65064  -14.257  -1.131  36.488 0.0000000000
65089  -30.726  -0.958  34.734 0.0000000000
65099  -19.904  -0.997  34.098 0.0000000000
65102  -31.058  -1.232  34.431 0.0000000000
65104  -31.906  -1.005  34.039 0.0000000000
65114  -19.083  -0.824  33.727 0.0000000000
65124  -13.965  -1.577  33.961 0.0000000000
65126  -18.707  -0.649  33.324 0.0000000000
65163  -2.667  -2.045  30.659 0.0000000000
65175  -2.832  -2.098  30.260 0.0000000000
66190  -13.491  -1.158  39.004 0.0000000000
66199  -14.039  -0.933  38.053 0.0000000000
66200  -14.360  -0.483  37.778 0.0000000000
66201  -26.911  -0.635  36.153 0.0000000000
66202  -27.331  -0.655  36.534 0.0000000000
66203  -27.857  -0.406  36.690 0.0000000000
66204  -28.170  -0.204  36.719 0.0000000000
66208  -26.737  -0.934  35.640 0.0000000000
66222  -14.374  -0.478  36.706 0.0000000000
66225  -20.536  0.038  34.888 0.0000000000
66226  -20.936  0.137  34.658 0.0000000000
66227  -25.793  -0.977  34.939 0.0000000000
66240  -14.551  -0.151  35.625 0.0000000000
66249  -25.137  -0.502  34.914 0.0000000000
66262  -14.649  -0.088  35.382 0.0000000000
66266  -19.352  -0.606  34.462 0.0000000000
66269  -31.904  -0.818  34.371 0.0000000000
66278  -14.093  -1.342  33.998 0.0000000000
66279  -14.398  -0.881  34.183 0.0000000000
66283  -32.788  -0.078  33.520 0.0000000000
66291  -32.680  -0.618  33.090 0.0000000000
66307  -15.181  -0.686  31.638 0.0000000000
66308  -15.873  -0.427  31.377 0.0000000000
66529  -37.238  -0.041  14.592 0.0000000000
67313  -12.411  -0.984  39.521 0.0000000000
67327  -14.653  0.335  37.939 0.0000000000
67331  -26.633  -0.202  36.099 0.0000000000
67344  -28.338  -0.007  36.707 0.0000000000
67350  -14.587  0.053  36.325 0.0000000000
67357  -26.368  -0.449  35.675 0.0000000000
67366  -14.750  0.126  35.990 0.0000000000
67371  -22.161  0.258  34.353 0.0000000000
67385  -14.708  0.045  35.626 0.0000000000
67391  -24.790  0.125  34.994 0.0000000000
67392  -25.333  0.481  35.336 0.0000000000
67393  -32.559  0.352  34.148 0.0000000000
67425  -16.787  -0.046  32.558 0.0000000000
67435  -16.082  -0.181  31.921 0.0000000000
67601  -36.892  0.847  15.360 0.0000000000
67609  -36.592  0.677  15.127 0.0000000000
67610  -37.281  0.559  15.233 0.0000000000
67611  -37.756  0.432  15.225 0.0000000000
67624  -37.417  0.241  14.985 0.0000000000
67625  -37.816  0.141  14.769 0.0000000000
67626  -38.393  0.408  14.800 0.0000000000
67659  -38.959  1.016  13.690 0.0000000000
68403  -12.315  -0.273  39.390 0.0000000000
68420  -15.776  1.048  37.107 0.0000000000
68424  -19.140  1.007  35.879 0.0000000000
68435  -20.711  0.686  34.780 0.0000000000
68448  -25.138  1.238  35.586 0.0000000000
68458  -21.763  1.600  34.265 0.0000000000
68462  -25.334  0.847  35.464 0.0000000000
68463  -32.839  1.036  34.182 0.0000000000
68469  -22.028  1.915  34.280 0.0000000000
68657  -41.848  2.166  17.748 0.0000000000
68676  -35.981  0.959  15.085 0.0000000000
68678  -37.712  0.654  15.503 0.0000000000
68682  -40.947  1.764  16.382 0.0000000000
68731  -38.262  0.914  13.231 0.0000000000
68751  -39.481  1.733  13.446 0.0000000000
69474  -26.487  1.179  36.938 0.0000000000
69499  -19.117  1.432  35.809 0.0000000000
69514  -20.423  1.506  34.741 0.0000000000
69529  -20.134  1.913  34.675 0.0000000000
69544  -22.595  2.259  34.354 0.0000000000
69545  -23.149  2.879  34.639 0.0000000000
69710  -40.617  1.879  17.618 0.0000000000
69713  -43.839  2.735  17.755 0.0000000000
69735  -42.625  2.905  16.345 0.0000000000
69770  -38.745  1.725  12.737 0.0000000000
70494  -26.294  1.357  36.934 0.0000000000
70531  -19.451  2.137  34.867 0.0000000000
70533  -24.566  2.399  36.395 0.0000000000
70549  -22.884  3.546  34.917 0.0000000000
70560  -20.550  2.811  34.050 0.0000000000
70563  -23.042  3.172  34.764 0.0000000000
70638  -30.848  3.035  26.560 0.0000000000
70672  -30.877  3.968  21.240 0.0000000000
70683  -38.605  4.456  20.130 0.0000000000
70684  -38.850  4.545  20.401 0.0000000000
70701  -38.256  4.378  19.665 0.0000000000
71569  -22.091  4.117  34.752 0.0000000000
71571  -23.101  3.932  35.517 0.0000000000
71585  -20.004  3.609  34.142 0.0000000000
71587  -21.745  3.771  34.434 0.0000000000
71704  -32.044  4.389  24.380 0.0000000000
71748  -31.379  4.327  20.938 0.0000000000
71755  -38.821  4.385  19.953 0.0000000000
72633  -22.219  5.080  35.610 0.0000000000
72634  -22.778  4.913  36.108 0.0000000000
72635  -23.217  4.720  36.513 0.0000000000
72661  -21.040  4.292  34.353 0.0000000000
72788  -32.183  4.692  24.055 0.0000000000
72898  -45.161  6.471  12.586 0.0000000000
73660  -20.469  4.831  34.482 0.0000000000
73909  -45.265  6.351  12.764 0.0000000000
73987  -44.764  7.475  8.476 0.0000000000
75040  -45.780  7.060  10.673 0.0000000000
75047  -43.242  6.759  8.773 0.0000000000
75048  -43.428  6.797  8.958 0.0000000000
75049  -45.464  7.024  10.360 0.0000000000
75050  -45.695  7.131  10.362 0.0000000000
76187  -46.816  7.837  8.912 0.0000000000
79336  -50.378  10.704  10.318 0.0000000000
79341  -49.985  10.852  9.802 0.0000000000
83039  -49.696  14.387  7.183 0.0000000000
121050  -26.951  0.565  36.685 0.0000000000
121051  -26.741  0.652  36.735 0.0000000000
121052  -26.946  0.935  36.859 0.0000000000
121053  -26.162  0.030  35.829 0.0000000000
121056  -27.445  0.527  36.758 0.0000000000
