#!ascii label  , from subject 201818 vox2ras=TkReg
1302
87893  -40.463  19.529  -7.736 0.0000000000
84182  -52.140  15.402  -19.918 0.0000000000
94059  -46.092  28.016  -5.504 0.0000000000
84078  -48.440  15.991  -11.436 0.0000000000
87851  -47.519  18.919  -2.769 0.0000000000
89720  -46.467  20.760  -15.429 0.0000000000
93389  -46.911  26.051  -14.044 0.0000000000
97382  -39.103  32.694  -15.369 0.0000000000
87809  -39.762  19.945  0.065 0.0000000000
84030  -43.916  15.593  -8.539 0.0000000000
85077  -45.825  16.762  -14.109 0.0000000000
87923  -44.209  19.690  -10.267 0.0000000000
96702  -48.243  31.873  -4.057 0.0000000000
94092  -50.306  27.122  -8.824 0.0000000000
95433  -44.560  29.943  -6.898 0.0000000000
94134  -42.481  27.693  -13.139 0.0000000000
98001  -43.029  32.666  -12.020 0.0000000000
86133  -50.183  18.569  -21.472 0.0000000000
91167  -37.407  23.434  -6.788 0.0000000000
91881  -42.482  24.272  -7.922 0.0000000000
86005  -52.340  18.000  -9.789 0.0000000000
85965  -49.000  16.909  -6.580 0.0000000000
84945  -43.245  16.027  -4.606 0.0000000000
87845  -41.003  19.556  -1.931 0.0000000000
86112  -50.541  17.806  -19.697 0.0000000000
90539  -49.602  22.032  -19.171 0.0000000000
91188  -46.907  23.409  -9.957 0.0000000000
90497  -50.119  22.529  -14.457 0.0000000000
90534  -44.781  23.109  -18.595 0.0000000000
93459  -46.201  27.143  -21.612 0.0000000000
95537  -42.961  29.148  -18.219 0.0000000000
85974  -42.335  17.443  -7.595 0.0000000000
86002  -43.665  17.411  -9.332 0.0000000000
87902  -42.384  19.551  -8.577 0.0000000000
97966  -46.558  33.717  -5.701 0.0000000000
96073  -45.886  31.070  -5.628 0.0000000000
97329  -44.580  32.586  -6.890 0.0000000000
97332  -43.012  32.048  -8.940 0.0000000000
85151  -51.919  16.805  -21.081 0.0000000000
92589  -36.734  25.838  -4.802 0.0000000000
92596  -39.191  25.881  -5.985 0.0000000000
86970  -48.839  17.623  -4.401 0.0000000000
84948  -46.013  15.943  -4.780 0.0000000000
86958  -45.530  17.916  -3.317 0.0000000000
88730  -40.706  20.754  -1.012 0.0000000000
87859  -36.012  18.989  -3.443 0.0000000000
88769  -35.067  20.232  -5.107 0.0000000000
88761  -34.128  20.008  -3.784 0.0000000000
84106  -49.084  15.665  -13.528 0.0000000000
87955  -45.004  19.230  -14.899 0.0000000000
85104  -47.626  16.872  -17.446 0.0000000000
87082  -47.600  18.740  -18.134 0.0000000000
88004  -50.028  19.920  -20.152 0.0000000000
88883  -48.523  20.459  -17.310 0.0000000000
93322  -44.037  26.031  -7.156 0.0000000000
91183  -44.514  23.152  -8.745 0.0000000000
92612  -47.101  25.587  -7.799 0.0000000000
93363  -49.462  26.810  -11.691 0.0000000000
92656  -50.883  24.850  -12.161 0.0000000000
92679  -48.699  25.445  -14.498 0.0000000000
91258  -46.340  23.127  -15.791 0.0000000000
91964  -45.885  24.601  -16.327 0.0000000000
91981  -44.558  24.767  -19.119 0.0000000000
92705  -47.691  26.280  -16.632 0.0000000000
96120  -40.227  30.885  -13.371 0.0000000000
95505  -43.013  29.150  -16.088 0.0000000000
96146  -40.868  30.641  -16.788 0.0000000000
95534  -40.373  29.427  -18.210 0.0000000000
96155  -38.689  30.937  -17.885 0.0000000000
84062  -45.887  15.504  -10.260 0.0000000000
85050  -46.523  16.062  -12.667 0.0000000000
85030  -44.736  16.316  -11.347 0.0000000000
87044  -43.919  18.194  -12.478 0.0000000000
89682  -44.829  20.792  -12.504 0.0000000000
95418  -47.967  29.644  -3.618 0.0000000000
93317  -48.912  27.273  -6.984 0.0000000000
95430  -49.299  29.732  -6.158 0.0000000000
94789  -48.121  28.516  -8.209 0.0000000000
93346  -46.383  26.616  -11.126 0.0000000000
93372  -44.753  26.190  -13.100 0.0000000000
94797  -43.360  28.341  -9.298 0.0000000000
96729  -41.593  31.435  -10.857 0.0000000000
98706  -41.588  33.539  -13.602 0.0000000000
88015  -48.583  19.850  -20.897 0.0000000000
89646  -39.430  21.887  -7.399 0.0000000000
90440  -41.097  21.881  -8.130 0.0000000000
91879  -40.207  24.443  -7.583 0.0000000000
93320  -41.768  26.013  -7.049 0.0000000000
94764  -43.322  28.341  -4.847 0.0000000000
95402  -41.868  29.335  -3.309 0.0000000000
95405  -45.241  29.716  -3.048 0.0000000000
85020  -50.127  16.855  -10.548 0.0000000000
85988  -50.339  17.268  -8.678 0.0000000000
84990  -48.758  16.320  -8.592 0.0000000000
84018  -46.091  15.022  -7.620 0.0000000000
83994  -43.817  15.247  -5.846 0.0000000000
88736  -46.641  20.672  -1.577 0.0000000000
88717  -42.300  21.286  -0.012 0.0000000000
87832  -43.530  20.454  -1.563 0.0000000000
86943  -44.304  18.928  -2.517 0.0000000000
86955  -42.118  18.168  -2.967 0.0000000000
87886  -38.790  18.862  -6.695 0.0000000000
85110  -53.425  16.015  -18.204 0.0000000000
84132  -47.847  15.813  -15.631 0.0000000000
84171  -50.858  16.060  -18.246 0.0000000000
86114  -52.631  17.493  -19.930 0.0000000000
88019  -52.226  19.433  -21.410 0.0000000000
88929  -50.488  20.905  -21.769 0.0000000000
89781  -48.217  21.864  -21.194 0.0000000000
89654  -43.845  21.383  -8.949 0.0000000000
89658  -45.775  21.866  -10.254 0.0000000000
89684  -46.538  22.015  -12.824 0.0000000000
91896  -48.968  24.823  -9.951 0.0000000000
91215  -48.832  23.385  -12.031 0.0000000000
89710  -48.726  21.412  -14.743 0.0000000000
89731  -48.920  21.861  -16.668 0.0000000000
90537  -47.594  22.057  -18.407 0.0000000000
90559  -46.040  22.059  -20.331 0.0000000000
94173  -45.314  27.774  -16.933 0.0000000000
94895  -44.634  28.236  -19.208 0.0000000000
93430  -42.953  26.480  -17.582 0.0000000000
94171  -41.467  27.348  -16.365 0.0000000000
94874  -39.523  28.702  -16.136 0.0000000000
86995  -41.285  18.421  -7.850 0.0000000000
87004  -42.550  18.523  -8.330 0.0000000000
87901  -41.435  19.546  -8.135 0.0000000000
97973  -45.568  33.299  -6.564 0.0000000000
97980  -44.754  33.372  -8.295 0.0000000000
84189  -52.028  16.108  -20.483 0.0000000000
87860  -47.913  18.318  -3.312 0.0000000000
85934  -47.530  17.374  -3.856 0.0000000000
86946  -46.936  18.321  -3.140 0.0000000000
87839  -35.569  19.401  -2.812 0.0000000000
87858  -35.293  19.300  -3.676 0.0000000000
85052  -49.774  16.262  -12.097 0.0000000000
84092  -48.884  15.832  -12.384 0.0000000000
88860  -46.014  20.083  -15.648 0.0000000000
87074  -46.686  18.576  -17.022 0.0000000000
87975  -46.664  19.474  -16.533 0.0000000000
87985  -47.610  19.715  -17.538 0.0000000000
88872  -48.113  20.422  -16.615 0.0000000000
94068  -45.450  27.333  -6.017 0.0000000000
93323  -45.265  25.963  -7.097 0.0000000000
93324  -46.522  26.086  -7.157 0.0000000000
93375  -48.007  26.252  -12.802 0.0000000000
93392  -49.800  26.301  -13.421 0.0000000000
93407  -48.474  26.243  -14.657 0.0000000000
91954  -46.802  24.538  -15.297 0.0000000000
92687  -47.167  25.490  -15.616 0.0000000000
92696  -47.060  25.722  -16.176 0.0000000000
93416  -46.811  26.157  -15.362 0.0000000000
96750  -40.027  31.684  -13.841 0.0000000000
96129  -40.549  30.420  -14.845 0.0000000000
96766  -39.544  31.517  -15.899 0.0000000000
96156  -39.756  30.854  -17.486 0.0000000000
96774  -38.785  31.812  -16.595 0.0000000000
84047  -44.819  15.411  -9.416 0.0000000000
85017  -45.170  15.746  -10.707 0.0000000000
85004  -44.255  15.939  -9.761 0.0000000000
87029  -43.778  18.468  -10.162 0.0000000000
87037  -43.709  18.144  -10.930 0.0000000000
87931  -43.773  18.935  -11.006 0.0000000000
87946  -44.098  19.207  -13.159 0.0000000000
87932  -44.109  19.750  -11.070 0.0000000000
96690  -48.665  31.705  -3.362 0.0000000000
95422  -49.117  29.755  -4.834 0.0000000000
96069  -48.886  30.622  -5.205 0.0000000000
95426  -45.398  30.252  -6.380 0.0000000000
95435  -47.038  29.416  -6.837 0.0000000000
94777  -46.465  28.934  -7.577 0.0000000000
94088  -47.251  27.821  -9.706 0.0000000000
94078  -45.299  27.972  -8.922 0.0000000000
94104  -44.581  27.097  -10.519 0.0000000000
94785  -43.724  28.719  -8.461 0.0000000000
97349  -43.503  32.588  -10.457 0.0000000000
96726  -42.257  31.432  -9.680 0.0000000000
97360  -42.606  32.484  -11.545 0.0000000000
97358  -41.180  32.217  -12.573 0.0000000000
98016  -42.215  33.274  -13.170 0.0000000000
87123  -48.962  19.217  -21.100 0.0000000000
90429  -38.427  22.545  -7.109 0.0000000000
91173  -39.677  23.506  -7.413 0.0000000000
91878  -39.187  24.353  -7.289 0.0000000000
94054  -40.316  27.195  -5.149 0.0000000000
93309  -40.048  26.135  -6.194 0.0000000000
94055  -41.341  27.435  -5.504 0.0000000000
94066  -43.089  27.378  -6.115 0.0000000000
94050  -41.933  28.025  -4.739 0.0000000000
96059  -41.635  30.356  -4.110 0.0000000000
95404  -43.963  29.644  -3.147 0.0000000000
96685  -44.253  31.078  -3.764 0.0000000000
96049  -45.872  30.692  -3.020 0.0000000000
97301  -44.944  32.434  -4.175 0.0000000000
85021  -50.878  17.080  -10.952 0.0000000000
86016  -51.683  17.394  -10.638 0.0000000000
85967  -50.376  17.892  -7.087 0.0000000000
85976  -49.277  17.016  -7.298 0.0000000000
84991  -49.487  16.795  -8.664 0.0000000000
84976  -48.641  16.373  -7.578 0.0000000000
84034  -47.199  15.366  -8.494 0.0000000000
84967  -47.414  15.767  -6.671 0.0000000000
84947  -45.141  15.741  -4.645 0.0000000000
83995  -44.811  15.066  -5.674 0.0000000000
83987  -43.575  15.627  -5.195 0.0000000000
88695  -41.398  20.569  0.159 0.0000000000
88731  -41.826  20.841  -0.801 0.0000000000
87831  -42.476  20.371  -1.356 0.0000000000
87848  -44.015  19.661  -1.935 0.0000000000
86941  -42.596  18.916  -2.335 0.0000000000
86956  -43.322  18.221  -2.816 0.0000000000
86940  -41.570  18.847  -2.432 0.0000000000
87885  -38.102  19.332  -6.454 0.0000000000
87884  -37.049  19.843  -6.033 0.0000000000
84160  -53.366  15.570  -17.650 0.0000000000
85066  -46.501  16.312  -13.628 0.0000000000
85067  -47.198  15.909  -14.032 0.0000000000
85079  -47.132  15.966  -15.020 0.0000000000
85123  -49.176  16.957  -18.694 0.0000000000
85106  -49.528  16.312  -18.153 0.0000000000
85140  -51.182  17.152  -19.329 0.0000000000
85141  -52.062  17.188  -19.307 0.0000000000
86113  -51.686  17.864  -19.852 0.0000000000
87103  -52.536  18.383  -20.712 0.0000000000
87101  -51.123  18.736  -20.505 0.0000000000
88897  -49.575  21.279  -19.261 0.0000000000
88921  -50.830  21.010  -20.797 0.0000000000
89783  -50.414  21.834  -20.679 0.0000000000
90572  -49.399  22.079  -21.323 0.0000000000
90561  -48.717  22.193  -20.723 0.0000000000
91180  -41.781  22.909  -8.145 0.0000000000
89653  -42.894  21.391  -8.694 0.0000000000
91182  -43.389  23.131  -8.580 0.0000000000
91893  -45.868  23.618  -9.126 0.0000000000
90445  -45.589  22.750  -9.368 0.0000000000
90456  -46.114  22.110  -10.420 0.0000000000
89667  -46.374  22.302  -11.345 0.0000000000
90457  -46.763  22.712  -10.843 0.0000000000
93327  -49.815  26.978  -7.994 0.0000000000
92614  -48.861  26.235  -8.014 0.0000000000
92621  -50.083  26.179  -8.835 0.0000000000
91936  -51.029  23.847  -13.029 0.0000000000
91210  -50.494  23.990  -11.926 0.0000000000
90487  -50.820  22.629  -13.429 0.0000000000
89696  -49.203  22.005  -13.929 0.0000000000
89711  -50.203  21.664  -14.700 0.0000000000
88864  -49.626  21.262  -15.922 0.0000000000
90505  -49.191  22.341  -15.133 0.0000000000
90525  -45.698  22.689  -17.254 0.0000000000
90526  -46.824  22.238  -17.257 0.0000000000
90535  -45.286  22.361  -18.347 0.0000000000
90546  -45.852  22.057  -19.150 0.0000000000
90545  -45.219  22.563  -19.444 0.0000000000
90569  -45.257  22.286  -21.088 0.0000000000
90544  -44.439  23.173  -19.544 0.0000000000
92721  -45.623  26.242  -20.057 0.0000000000
91995  -44.256  25.064  -21.112 0.0000000000
93371  -44.025  26.568  -13.378 0.0000000000
93414  -45.038  26.949  -15.432 0.0000000000
94155  -43.955  27.485  -14.991 0.0000000000
95514  -42.510  29.831  -17.311 0.0000000000
95525  -44.357  29.099  -18.227 0.0000000000
95538  -43.957  28.957  -18.514 0.0000000000
94192  -44.569  27.537  -19.433 0.0000000000
94190  -43.021  28.072  -18.110 0.0000000000
94181  -42.497  27.427  -17.464 0.0000000000
94884  -42.082  28.051  -17.406 0.0000000000
95533  -39.349  29.786  -18.418 0.0000000000
95522  -40.098  29.077  -17.212 0.0000000000
95512  -39.467  29.102  -16.723 0.0000000000
94864  -38.670  28.711  -15.574 0.0000000000
84974  -43.095  16.412  -7.661 0.0000000000
85003  -43.809  16.342  -9.450 0.0000000000
85987  -43.276  17.459  -8.481 0.0000000000
87005  -43.174  18.473  -8.736 0.0000000000
87913  -43.968  19.633  -9.464 0.0000000000
96067  -46.766  31.397  -5.145 0.0000000000
96711  -46.267  32.042  -5.208 0.0000000000
96715  -44.976  31.777  -6.222 0.0000000000
96081  -44.236  31.029  -6.823 0.0000000000
96080  -43.379  30.452  -7.558 0.0000000000
97328  -43.927  32.339  -7.625 0.0000000000
97343  -43.711  32.773  -9.835 0.0000000000
85160  -51.374  17.769  -21.499 0.0000000000
91869  -37.071  24.756  -6.031 0.0000000000
92599  -38.000  25.011  -6.246 0.0000000000
92595  -38.558  25.793  -5.916 0.0000000000
85948  -48.936  17.360  -5.039 0.0000000000
84960  -47.815  16.355  -5.768 0.0000000000
85946  -47.295  16.857  -4.387 0.0000000000
85945  -46.421  16.576  -4.315 0.0000000000
84938  -44.861  16.422  -4.122 0.0000000000
88693  -39.450  20.589  -0.245 0.0000000000
88749  -38.822  20.255  -1.746 0.0000000000
86966  -36.497  18.663  -4.149 0.0000000000
87876  -36.186  19.546  -5.275 0.0000000000
87869  -35.785  19.142  -4.245 0.0000000000
87867  -34.614  19.902  -4.241 0.0000000000
86056  -45.299  17.507  -14.591 0.0000000000
85094  -46.657  16.796  -16.193 0.0000000000
86073  -46.102  17.878  -16.146 0.0000000000
86085  -47.540  17.675  -17.894 0.0000000000
86097  -48.695  17.913  -19.037 0.0000000000
87100  -50.130  18.801  -20.159 0.0000000000
87090  -48.722  19.009  -19.183 0.0000000000
88896  -49.129  20.663  -18.893 0.0000000000
88885  -49.443  21.232  -18.510 0.0000000000
92609  -43.277  25.275  -7.599 0.0000000000
91888  -44.198  23.888  -8.349 0.0000000000
91883  -44.872  24.623  -8.100 0.0000000000
92617  -45.812  24.760  -8.263 0.0000000000
91890  -46.910  24.574  -8.963 0.0000000000
94109  -49.883  27.304  -9.962 0.0000000000
93365  -50.594  26.302  -10.989 0.0000000000
93378  -50.619  26.178  -12.030 0.0000000000
92667  -50.494  25.158  -13.154 0.0000000000
91225  -49.443  23.949  -13.712 0.0000000000
91237  -48.193  23.502  -14.394 0.0000000000
91943  -47.226  24.179  -14.862 0.0000000000
91257  -45.807  23.499  -16.191 0.0000000000
91267  -45.248  23.696  -17.011 0.0000000000
91274  -44.497  23.936  -18.797 0.0000000000
91974  -45.235  24.680  -17.233 0.0000000000
92703  -45.733  25.538  -17.826 0.0000000000
93440  -47.022  26.776  -18.747 0.0000000000
95475  -40.808  29.356  -12.520 0.0000000000
94858  -42.586  28.641  -15.005 0.0000000000
95494  -41.348  29.679  -14.904 0.0000000000
96138  -41.508  30.287  -16.234 0.0000000000
96158  -41.785  30.141  -17.945 0.0000000000
95535  -41.258  29.407  -18.505 0.0000000000
96157  -40.905  30.341  -17.706 0.0000000000
96167  -40.136  30.171  -18.280 0.0000000000
96166  -39.132  30.453  -18.366 0.0000000000
84063  -46.730  15.476  -10.220 0.0000000000
84091  -47.633  15.904  -12.315 0.0000000000
84076  -46.699  15.675  -11.118 0.0000000000
85049  -45.553  16.345  -12.376 0.0000000000
86039  -45.163  16.882  -13.040 0.0000000000
85015  -44.018  16.529  -10.342 0.0000000000
86037  -43.960  17.482  -11.878 0.0000000000
86046  -44.794  17.356  -13.341 0.0000000000
87954  -44.528  19.130  -14.065 0.0000000000
88849  -44.892  19.801  -14.423 0.0000000000
89693  -45.516  20.978  -14.070 0.0000000000
94759  -47.358  29.104  -4.166 0.0000000000
94070  -47.834  27.543  -6.164 0.0000000000
94061  -48.337  28.264  -5.737 0.0000000000
94072  -49.383  28.242  -6.914 0.0000000000
94791  -49.438  28.172  -7.873 0.0000000000
95429  -48.662  29.894  -6.310 0.0000000000
94779  -48.578  28.942  -7.534 0.0000000000
94080  -49.375  27.971  -8.645 0.0000000000
94108  -49.019  27.491  -10.275 0.0000000000
93348  -47.991  26.989  -11.111 0.0000000000
93374  -46.736  26.136  -13.109 0.0000000000
92665  -46.327  25.892  -14.035 0.0000000000
93345  -45.282  26.593  -11.241 0.0000000000
94122  -44.245  26.697  -11.425 0.0000000000
94102  -42.657  27.575  -11.019 0.0000000000
96083  -42.730  30.372  -8.277 0.0000000000
95446  -41.751  29.626  -9.831 0.0000000000
95465  -40.882  29.823  -11.439 0.0000000000
96099  -40.680  30.498  -11.865 0.0000000000
97357  -40.670  32.201  -13.024 0.0000000000
98028  -40.083  33.185  -14.340 0.0000000000
88791  -40.006  20.573  -7.764 0.0000000000
88792  -40.757  20.576  -8.104 0.0000000000
89647  -40.014  21.636  -7.677 0.0000000000
90435  -40.865  22.448  -7.983 0.0000000000
91880  -41.312  24.391  -7.666 0.0000000000
92606  -39.781  25.157  -7.310 0.0000000000
92607  -40.926  25.410  -7.316 0.0000000000
92608  -42.105  25.220  -7.382 0.0000000000
93321  -42.850  26.081  -7.199 0.0000000000
94067  -44.263  27.408  -6.127 0.0000000000
94058  -44.914  27.943  -5.472 0.0000000000
94743  -41.377  28.846  -3.574 0.0000000000
94744  -42.272  28.809  -3.435 0.0000000000
94746  -44.417  29.140  -3.422 0.0000000000
94758  -46.106  29.054  -3.961 0.0000000000
95406  -46.477  29.975  -2.790 0.0000000000
96037  -47.694  31.234  -2.796 0.0000000000
97940  -47.750  33.608  -3.519 0.0000000000
85034  -50.342  16.625  -11.488 0.0000000000
85019  -49.027  16.312  -10.461 0.0000000000
86997  -51.477  18.557  -7.819 0.0000000000
85989  -51.211  17.937  -8.767 0.0000000000
86003  -50.614  17.379  -9.615 0.0000000000
85006  -48.911  16.396  -9.464 0.0000000000
85018  -48.342  16.106  -10.082 0.0000000000
84050  -47.399  15.511  -9.400 0.0000000000
84033  -46.351  15.038  -8.508 0.0000000000
84017  -45.226  14.954  -7.626 0.0000000000
83997  -46.292  15.316  -6.132 0.0000000000
84004  -45.002  14.956  -6.719 0.0000000000
84016  -44.379  15.122  -7.637 0.0000000000
84966  -42.822  16.211  -6.961 0.0000000000
89587  -43.860  21.785  -0.151 0.0000000000
88716  -41.087  20.885  -0.360 0.0000000000
88732  -43.070  21.113  -0.738 0.0000000000
89598  -43.989  21.464  -0.617 0.0000000000
88734  -45.148  20.758  -1.478 0.0000000000
87849  -45.143  19.746  -2.155 0.0000000000
87850  -46.262  19.370  -2.484 0.0000000000
86944  -45.358  18.750  -2.734 0.0000000000
85930  -43.654  17.298  -3.465 0.0000000000
84936  -42.888  16.607  -4.017 0.0000000000
86993  -39.928  18.752  -7.161 0.0000000000
87891  -38.650  20.049  -7.106 0.0000000000
89642  -37.978  21.592  -6.841 0.0000000000
90428  -37.672  22.515  -6.791 0.0000000000
91166  -36.489  23.351  -6.354 0.0000000000
82369  -53.201  14.322  -18.049 0.0000000000
83252  -53.399  15.050  -18.289 0.0000000000
84184  -53.270  15.636  -18.970 0.0000000000
84105  -48.018  15.827  -13.325 0.0000000000
84118  -48.200  15.610  -14.517 0.0000000000
84144  -48.284  15.904  -16.601 0.0000000000
84157  -50.223  15.826  -17.656 0.0000000000
84158  -51.588  15.859  -17.573 0.0000000000
85108  -52.447  16.233  -18.091 0.0000000000
86100  -53.188  16.891  -19.290 0.0000000000
85153  -53.120  16.547  -19.995 0.0000000000
85152  -52.658  16.815  -20.634 0.0000000000
86136  -52.372  18.120  -21.470 0.0000000000
87126  -51.438  19.087  -21.904 0.0000000000
88017  -51.023  19.948  -20.868 0.0000000000
88931  -51.652  20.422  -21.656 0.0000000000
88025  -50.080  20.051  -21.717 0.0000000000
88928  -49.331  20.980  -21.524 0.0000000000
88919  -48.200  20.919  -21.066 0.0000000000
89780  -46.998  21.526  -20.697 0.0000000000
88796  -42.175  20.492  -8.554 0.0000000000
88797  -43.089  20.485  -8.818 0.0000000000
88799  -44.393  20.566  -9.475 0.0000000000
89655  -44.580  21.322  -9.342 0.0000000000
88804  -44.638  20.470  -10.044 0.0000000000
88813  -45.092  21.125  -11.511 0.0000000000
89683  -45.281  21.237  -13.044 0.0000000000
89694  -46.380  21.493  -13.893 0.0000000000
93325  -47.759  26.359  -7.274 0.0000000000
92619  -47.701  25.259  -8.665 0.0000000000
91906  -47.855  24.014  -10.264 0.0000000000
92645  -49.610  25.270  -11.083 0.0000000000
91915  -48.752  24.123  -11.044 0.0000000000
91207  -47.883  23.420  -11.263 0.0000000000
90474  -47.491  22.537  -12.561 0.0000000000
89695  -47.679  21.986  -13.725 0.0000000000
89722  -47.942  21.080  -15.308 0.0000000000
88863  -48.906  20.916  -15.672 0.0000000000
89755  -49.396  21.902  -18.085 0.0000000000
90515  -48.172  22.190  -16.033 0.0000000000
90527  -48.351  21.927  -17.253 0.0000000000
90538  -48.997  22.041  -18.608 0.0000000000
90548  -48.218  22.158  -19.628 0.0000000000
91280  -44.314  24.024  -19.761 0.0000000000
93404  -45.774  26.121  -14.520 0.0000000000
94175  -47.552  27.117  -16.812 0.0000000000
94202  -47.469  27.566  -19.284 0.0000000000
94878  -44.586  28.230  -16.757 0.0000000000
94887  -45.302  28.514  -18.480 0.0000000000
94909  -46.375  28.165  -21.115 0.0000000000
93447  -44.561  27.026  -20.216 0.0000000000
92710  -43.641  26.048  -19.201 0.0000000000
91972  -42.538  24.885  -18.135 0.0000000000
94882  -40.805  28.889  -17.608 0.0000000000
94170  -40.842  27.733  -16.177 0.0000000000
98739  -39.560  33.919  -15.823 0.0000000000
98055  -38.608  33.232  -16.524 0.0000000000
97395  -37.985  32.458  -17.570 0.0000000000
96793  -37.832  31.298  -18.327 0.0000000000
95531  -37.913  30.319  -18.737 0.0000000000
87894  -40.909  18.946  -7.823 0.0000000000
87003  -41.918  18.844  -8.138 0.0000000000
87852  -48.876  19.424  -2.645 0.0000000000
87861  -48.565  18.550  -3.210 0.0000000000
88746  -36.007  19.909  -2.013 0.0000000000
88851  -46.122  20.536  -15.418 0.0000000000
87965  -46.248  19.825  -15.962 0.0000000000
88861  -46.672  20.331  -15.861 0.0000000000
88871  -47.315  20.149  -16.345 0.0000000000
93314  -45.983  26.710  -6.578 0.0000000000
94069  -46.656  27.368  -6.016 0.0000000000
93390  -47.764  26.183  -13.891 0.0000000000
93406  -47.556  26.134  -14.838 0.0000000000
92688  -47.466  25.508  -15.344 0.0000000000
93417  -47.263  26.096  -15.294 0.0000000000
93405  -46.683  25.976  -14.639 0.0000000000
96757  -39.468  32.381  -14.994 0.0000000000
96758  -39.696  31.716  -14.866 0.0000000000
96765  -39.258  32.129  -15.628 0.0000000000
84046  -44.223  15.616  -9.161 0.0000000000
87030  -43.954  19.114  -10.192 0.0000000000
87922  -43.964  19.190  -10.534 0.0000000000
96703  -48.617  31.731  -3.771 0.0000000000
96063  -48.838  31.064  -4.249 0.0000000000
96062  -48.431  31.397  -4.307 0.0000000000
95425  -44.925  30.290  -6.531 0.0000000000
95434  -45.840  29.548  -6.857 0.0000000000
94776  -45.268  29.038  -7.597 0.0000000000
94787  -45.942  28.382  -8.435 0.0000000000
94786  -44.751  28.483  -8.298 0.0000000000
94775  -44.167  29.194  -7.729 0.0000000000
97988  -43.409  32.599  -11.315 0.0000000000
97348  -43.060  32.450  -11.009 0.0000000000
86124  -50.263  17.429  -21.254 0.0000000000
86123  -49.609  17.909  -21.162 0.0000000000
86122  -48.622  17.893  -20.718 0.0000000000
87124  -49.687  19.058  -21.368 0.0000000000
91168  -38.199  23.384  -7.047 0.0000000000
91172  -38.889  23.406  -7.192 0.0000000000
91877  -38.648  23.902  -7.087 0.0000000000
93305  -40.583  26.794  -5.797 0.0000000000
94049  -40.913  27.892  -4.660 0.0000000000
96699  -44.048  31.611  -4.241 0.0000000000
96700  -44.607  31.675  -3.903 0.0000000000
86017  -52.534  17.542  -10.736 0.0000000000
86004  -51.478  17.719  -9.725 0.0000000000
84977  -49.203  16.772  -7.971 0.0000000000
84975  -47.743  15.811  -7.573 0.0000000000
84968  -48.219  16.329  -6.637 0.0000000000
84946  -44.179  15.903  -4.566 0.0000000000
83986  -42.820  15.860  -5.326 0.0000000000
84944  -42.208  16.266  -4.967 0.0000000000
87830  -41.405  20.400  -1.521 0.0000000000
87846  -42.019  19.659  -1.915 0.0000000000
87878  -37.735  18.651  -5.786 0.0000000000
87877  -37.231  19.030  -5.637 0.0000000000
84147  -52.046  15.555  -16.438 0.0000000000
85078  -46.450  16.372  -14.522 0.0000000000
86098  -49.718  17.369  -19.310 0.0000000000
86099  -50.294  17.210  -19.319 0.0000000000
85139  -50.596  17.170  -19.321 0.0000000000
87102  -52.112  18.520  -20.496 0.0000000000
89768  -49.874  21.769  -19.624 0.0000000000
90562  -49.551  22.185  -20.956 0.0000000000
90549  -49.422  22.164  -19.936 0.0000000000
91176  -42.241  23.661  -8.117 0.0000000000
91181  -42.368  23.160  -8.255 0.0000000000
91887  -43.104  23.806  -8.246 0.0000000000
91187  -46.052  23.196  -9.429 0.0000000000
90449  -46.710  22.876  -10.232 0.0000000000
91198  -47.030  23.136  -10.421 0.0000000000
94082  -50.042  27.232  -8.244 0.0000000000
92622  -50.554  26.436  -8.949 0.0000000000
91240  -50.251  22.970  -13.895 0.0000000000
90498  -50.617  22.510  -14.135 0.0000000000
89697  -50.316  22.065  -13.897 0.0000000000
90506  -49.817  22.061  -15.021 0.0000000000
90496  -49.454  22.683  -14.501 0.0000000000
90524  -45.052  23.076  -17.763 0.0000000000
92720  -44.825  25.677  -20.558 0.0000000000
92728  -45.365  26.452  -21.230 0.0000000000
92736  -45.483  26.844  -22.055 0.0000000000
94145  -43.465  27.204  -13.771 0.0000000000
94144  -42.962  27.862  -14.254 0.0000000000
95523  -42.416  29.668  -18.081 0.0000000000
94894  -43.456  28.525  -18.477 0.0000000000
94893  -42.378  28.530  -17.954 0.0000000000
95521  -39.395  29.351  -17.611 0.0000000000
84988  -43.466  16.398  -8.557 0.0000000000
85975  -42.893  17.189  -7.808 0.0000000000
87912  -43.608  19.033  -9.008 0.0000000000
87903  -43.389  19.537  -8.809 0.0000000000
97315  -46.274  32.735  -5.265 0.0000000000
97972  -44.968  33.075  -6.910 0.0000000000
97324  -45.098  32.474  -6.329 0.0000000000
96720  -44.311  31.769  -6.817 0.0000000000
97334  -44.185  32.825  -7.864 0.0000000000
97985  -45.248  33.662  -9.997 0.0000000000
97984  -44.506  33.283  -9.444 0.0000000000
97989  -44.077  32.809  -10.846 0.0000000000
84188  -51.121  16.261  -20.611 0.0000000000
85150  -50.959  17.105  -21.187 0.0000000000
92598  -37.403  24.862  -6.071 0.0000000000
92594  -37.377  25.372  -5.547 0.0000000000
85947  -48.136  17.050  -4.775 0.0000000000
85935  -47.811  17.245  -4.169 0.0000000000
86959  -46.477  17.813  -3.385 0.0000000000
85933  -46.832  17.234  -3.814 0.0000000000
85932  -45.762  16.966  -3.856 0.0000000000
85931  -44.710  17.192  -3.635 0.0000000000
86935  -37.111  18.957  -2.860 0.0000000000
86950  -37.196  18.515  -3.419 0.0000000000
86967  -37.359  18.332  -4.283 0.0000000000
87857  -34.772  19.651  -3.873 0.0000000000
87060  -45.234  18.407  -15.302 0.0000000000
86065  -45.810  17.574  -15.494 0.0000000000
87067  -45.798  18.465  -15.944 0.0000000000
87081  -47.165  18.651  -17.560 0.0000000000
86096  -47.962  18.107  -18.485 0.0000000000
87089  -48.117  18.838  -18.676 0.0000000000
87986  -48.363  20.283  -17.848 0.0000000000
88884  -49.104  20.840  -17.883 0.0000000000
91882  -43.730  24.543  -8.001 0.0000000000
92610  -44.487  25.318  -7.688 0.0000000000
92611  -45.765  25.181  -7.757 0.0000000000
92618  -46.474  24.915  -8.338 0.0000000000
93349  -49.711  27.046  -10.814 0.0000000000
93364  -50.267  26.668  -11.430 0.0000000000
93377  -50.114  26.548  -12.439 0.0000000000
93408  -49.427  26.111  -14.360 0.0000000000
92666  -50.202  25.707  -13.880 0.0000000000
92680  -49.445  25.266  -14.073 0.0000000000
91934  -49.910  24.675  -13.664 0.0000000000
91945  -48.860  24.432  -13.962 0.0000000000
91944  -47.884  24.549  -14.496 0.0000000000
91965  -46.542  24.930  -15.736 0.0000000000
91953  -46.076  24.244  -15.683 0.0000000000
92695  -46.146  25.347  -16.889 0.0000000000
92704  -46.956  26.119  -17.183 0.0000000000
92713  -46.561  26.229  -18.080 0.0000000000
93432  -47.402  26.497  -17.888 0.0000000000
95484  -40.507  30.087  -13.003 0.0000000000
95485  -40.998  29.404  -13.620 0.0000000000
95493  -40.568  30.205  -14.000 0.0000000000
96137  -40.926  30.531  -15.700 0.0000000000
95503  -41.513  30.027  -15.706 0.0000000000
96147  -41.718  30.291  -17.035 0.0000000000
96785  -39.359  31.120  -17.181 0.0000000000
84075  -46.236  15.588  -10.743 0.0000000000
85031  -45.667  15.830  -11.330 0.0000000000
85048  -45.109  16.387  -11.877 0.0000000000
86014  -43.773  17.348  -10.230 0.0000000000
87043  -43.758  18.177  -11.634 0.0000000000
86038  -44.502  17.002  -12.453 0.0000000000
87051  -44.385  18.113  -13.459 0.0000000000
88830  -44.439  20.327  -12.871 0.0000000000
88840  -44.561  19.965  -13.771 0.0000000000
88841  -45.137  20.389  -14.244 0.0000000000
88831  -44.945  20.613  -13.608 0.0000000000
94768  -47.885  28.670  -4.973 0.0000000000
94760  -48.386  29.282  -4.419 0.0000000000
94770  -49.390  29.390  -5.835 0.0000000000
94773  -49.307  28.838  -6.372 0.0000000000
94781  -49.406  28.481  -7.157 0.0000000000
95438  -49.254  29.071  -6.814 0.0000000000
96074  -47.144  30.598  -5.484 0.0000000000
96075  -48.284  30.350  -5.575 0.0000000000
94778  -47.603  28.857  -7.500 0.0000000000
95436  -48.157  29.409  -6.891 0.0000000000
94790  -48.944  28.448  -8.097 0.0000000000
94802  -48.639  28.177  -8.862 0.0000000000
94090  -49.204  27.702  -9.415 0.0000000000
94089  -48.305  27.833  -9.646 0.0000000000
94106  -46.789  27.250  -10.391 0.0000000000
94107  -47.980  27.347  -10.566 0.0000000000
93347  -47.427  26.856  -11.120 0.0000000000
93361  -47.151  26.307  -11.919 0.0000000000
93360  -46.008  26.225  -12.045 0.0000000000
94085  -43.907  27.611  -9.826 0.0000000000
94103  -43.584  27.292  -10.749 0.0000000000
94121  -43.324  27.008  -11.703 0.0000000000
94814  -42.959  27.893  -10.095 0.0000000000
96723  -43.156  31.601  -8.082 0.0000000000
96079  -42.988  30.614  -7.893 0.0000000000
96722  -42.698  31.466  -8.688 0.0000000000
96730  -41.959  31.468  -10.237 0.0000000000
96725  -41.757  30.970  -10.035 0.0000000000
95454  -41.381  29.652  -10.364 0.0000000000
96090  -41.248  30.508  -10.578 0.0000000000
96100  -40.940  30.864  -11.376 0.0000000000
97999  -41.358  32.645  -12.910 0.0000000000
97368  -40.808  32.471  -13.149 0.0000000000
97367  -40.355  32.459  -13.556 0.0000000000
98029  -40.610  33.528  -13.960 0.0000000000
87113  -48.348  18.767  -20.620 0.0000000000
88014  -47.609  19.607  -20.384 0.0000000000
88790  -39.209  20.854  -7.310 0.0000000000
90434  -39.954  22.608  -7.599 0.0000000000
91174  -40.594  23.489  -7.739 0.0000000000
92600  -39.185  25.392  -6.586 0.0000000000
93310  -41.193  26.432  -6.429 0.0000000000
92602  -40.918  25.881  -6.892 0.0000000000
93319  -41.196  25.957  -6.960 0.0000000000
93311  -42.395  26.731  -6.684 0.0000000000
94056  -42.580  27.880  -5.328 0.0000000000
94057  -43.756  27.943  -5.493 0.0000000000
94765  -44.375  28.458  -4.857 0.0000000000
95401  -41.068  29.268  -3.563 0.0000000000
94757  -44.923  28.900  -4.110 0.0000000000
94747  -45.330  29.202  -3.421 0.0000000000
95416  -46.009  29.379  -3.128 0.0000000000
96687  -46.417  31.676  -3.242 0.0000000000
97293  -46.802  32.587  -3.332 0.0000000000
97294  -47.716  32.806  -3.263 0.0000000000
97939  -46.996  33.379  -3.554 0.0000000000
85036  -52.119  16.794  -12.044 0.0000000000
85035  -51.327  16.836  -11.628 0.0000000000
85978  -50.702  17.939  -7.837 0.0000000000
85005  -48.147  15.998  -9.398 0.0000000000
84019  -46.943  15.291  -7.589 0.0000000000
84032  -45.455  15.025  -8.522 0.0000000000
84949  -46.744  16.199  -4.955 0.0000000000
84959  -46.965  15.812  -5.811 0.0000000000
84958  -46.246  15.592  -5.446 0.0000000000
83996  -45.641  15.205  -5.992 0.0000000000
84003  -44.101  15.090  -6.710 0.0000000000
84002  -43.272  15.624  -6.749 0.0000000000
88753  -47.064  20.014  -2.136 0.0000000000
88696  -42.416  20.756  0.586 0.0000000000
89585  -42.932  21.394  0.584 0.0000000000
89586  -43.344  21.666  0.215 0.0000000000
88715  -40.013  20.837  -0.569 0.0000000000
88733  -44.191  20.940  -1.175 0.0000000000
85929  -42.562  17.400  -3.484 0.0000000000
86986  -39.315  18.280  -6.620 0.0000000000
85961  -39.954  17.644  -6.321 0.0000000000
86987  -40.032  18.054  -6.891 0.0000000000
87892  -39.229  19.473  -7.251 0.0000000000
88783  -37.520  20.568  -6.602 0.0000000000
88784  -38.342  20.669  -6.959 0.0000000000
87875  -35.453  19.964  -5.172 0.0000000000
87883  -36.538  20.104  -5.906 0.0000000000
88775  -35.453  20.469  -5.651 0.0000000000
91165  -35.958  22.870  -6.193 0.0000000000
90426  -36.139  22.395  -6.458 0.0000000000
91161  -36.234  23.825  -6.191 0.0000000000
82359  -53.148  14.222  -17.503 0.0000000000
83241  -53.418  14.848  -17.568 0.0000000000
84172  -53.485  15.777  -18.352 0.0000000000
85127  -53.377  16.357  -18.778 0.0000000000
85051  -47.179  16.057  -13.194 0.0000000000
85095  -47.301  16.554  -16.736 0.0000000000
85089  -47.128  16.266  -15.877 0.0000000000
85096  -47.985  16.416  -17.213 0.0000000000
84170  -50.375  16.068  -18.282 0.0000000000
84156  -49.009  15.925  -17.436 0.0000000000
85125  -51.661  16.513  -18.631 0.0000000000
85126  -52.751  16.787  -18.823 0.0000000000
86115  -53.229  16.896  -19.697 0.0000000000
86126  -52.868  17.101  -20.204 0.0000000000
87116  -52.318  19.126  -21.003 0.0000000000
87117  -52.439  18.766  -21.254 0.0000000000
87127  -52.067  18.936  -21.592 0.0000000000
88028  -52.238  19.275  -21.558 0.0000000000
88005  -50.550  19.338  -20.512 0.0000000000
88016  -50.514  20.552  -20.540 0.0000000000
89796  -50.867  21.341  -21.448 0.0000000000
88922  -51.350  20.657  -21.373 0.0000000000
88930  -51.324  20.628  -21.729 0.0000000000
88026  -51.041  20.011  -21.906 0.0000000000
89782  -48.805  22.057  -21.200 0.0000000000
88927  -48.777  21.378  -21.429 0.0000000000
89793  -48.545  21.554  -21.388 0.0000000000
89651  -41.237  21.362  -8.261 0.0000000000
88795  -41.427  20.576  -8.258 0.0000000000
89652  -41.973  21.407  -8.516 0.0000000000
88798  -43.910  20.554  -9.042 0.0000000000
90447  -45.188  21.812  -9.550 0.0000000000
89657  -45.203  21.369  -9.950 0.0000000000
89665  -45.120  21.010  -10.418 0.0000000000
88812  -44.768  20.622  -10.854 0.0000000000
89666  -45.698  21.687  -10.931 0.0000000000
89676  -46.251  22.132  -11.862 0.0000000000
89675  -45.479  21.577  -12.053 0.0000000000
93315  -47.196  26.835  -6.637 0.0000000000
93316  -48.303  27.113  -6.849 0.0000000000
92620  -49.030  25.869  -8.552 0.0000000000
92613  -48.255  26.006  -7.952 0.0000000000
92626  -48.534  25.118  -9.264 0.0000000000
92625  -47.869  24.904  -9.185 0.0000000000
92646  -50.297  25.420  -11.529 0.0000000000
92638  -50.630  25.764  -10.338 0.0000000000
91216  -49.490  23.433  -12.113 0.0000000000
91209  -49.926  23.928  -11.710 0.0000000000
91208  -48.662  23.677  -11.458 0.0000000000
91200  -48.425  23.891  -10.919 0.0000000000
90467  -48.485  23.301  -11.934 0.0000000000
90466  -47.773  23.091  -11.696 0.0000000000
90475  -48.774  22.913  -12.412 0.0000000000
90485  -48.409  22.337  -13.139 0.0000000000
89709  -47.313  21.346  -14.680 0.0000000000
89733  -49.827  21.550  -16.022 0.0000000000
88874  -49.624  21.367  -16.250 0.0000000000
89732  -49.543  21.684  -16.419 0.0000000000
89742  -48.963  21.854  -17.103 0.0000000000
91249  -47.616  23.203  -14.892 0.0000000000
90504  -48.332  22.678  -15.161 0.0000000000
90514  -47.103  22.494  -16.108 0.0000000000
90547  -46.901  22.059  -19.400 0.0000000000
90560  -47.523  22.042  -20.420 0.0000000000
90570  -45.806  22.015  -21.004 0.0000000000
91294  -43.815  24.458  -21.784 0.0000000000
93388  -45.448  26.057  -13.699 0.0000000000
92676  -45.864  25.990  -14.267 0.0000000000
94164  -44.972  27.390  -15.980 0.0000000000
94165  -45.843  27.058  -16.044 0.0000000000
94174  -46.259  27.270  -16.655 0.0000000000
94185  -47.009  27.427  -17.692 0.0000000000
94184  -45.779  27.983  -17.823 0.0000000000
94867  -42.890  29.006  -15.737 0.0000000000
94868  -43.648  28.536  -15.920 0.0000000000
95539  -44.811  28.749  -18.734 0.0000000000
95526  -44.855  28.934  -18.352 0.0000000000
94896  -45.776  28.253  -19.354 0.0000000000
94901  -45.671  27.856  -20.426 0.0000000000
94200  -45.320  27.635  -20.835 0.0000000000
94900  -45.018  27.796  -19.817 0.0000000000
93431  -43.511  26.652  -18.306 0.0000000000
92701  -43.636  26.320  -18.685 0.0000000000
92700  -43.160  25.776  -18.160 0.0000000000
92694  -42.510  25.662  -17.237 0.0000000000
94172  -41.999  26.893  -16.725 0.0000000000
94162  -40.970  26.871  -15.677 0.0000000000
94892  -41.473  28.950  -18.074 0.0000000000
94891  -40.968  29.163  -18.227 0.0000000000
95513  -39.921  28.883  -16.577 0.0000000000
94875  -40.394  28.303  -16.375 0.0000000000
94160  -39.913  27.638  -15.255 0.0000000000
98064  -38.170  33.320  -17.604 0.0000000000
97388  -38.341  32.456  -16.800 0.0000000000
96792  -37.479  31.595  -18.802 0.0000000000
85986  -42.881  17.831  -8.157 0.0000000000
86996  -41.931  18.172  -7.879 0.0000000000
97965  -45.981  33.263  -6.025 0.0000000000
97977  -45.752  33.808  -7.556 0.0000000000
92590  -37.426  25.896  -4.933 0.0000000000
86962  -49.170  18.175  -3.836 0.0000000000
86961  -48.189  17.766  -3.833 0.0000000000
86960  -47.352  17.978  -3.443 0.0000000000
84093  -49.846  15.895  -12.802 0.0000000000
87964  -45.735  19.365  -15.754 0.0000000000
87974  -46.050  18.985  -16.225 0.0000000000
87984  -46.978  19.144  -17.194 0.0000000000
87994  -47.892  19.316  -18.228 0.0000000000
93313  -44.764  26.686  -6.583 0.0000000000
93376  -49.140  26.499  -12.646 0.0000000000
93391  -48.817  26.362  -13.713 0.0000000000
92678  -48.009  25.543  -15.042 0.0000000000
91955  -47.451  24.879  -15.027 0.0000000000
92697  -47.626  26.333  -16.282 0.0000000000
96128  -40.180  30.989  -14.337 0.0000000000
96136  -40.145  31.034  -15.303 0.0000000000
96145  -40.149  31.071  -16.343 0.0000000000
96775  -39.418  31.299  -16.799 0.0000000000
96784  -38.949  31.198  -17.225 0.0000000000
84048  -45.699  15.189  -9.379 0.0000000000
84061  -45.204  15.513  -10.045 0.0000000000
85016  -44.566  15.931  -10.402 0.0000000000
87939  -43.706  18.650  -11.387 0.0000000000
87940  -43.828  19.291  -11.956 0.0000000000
88821  -44.535  20.581  -11.862 0.0000000000
96052  -48.643  30.892  -3.377 0.0000000000
94761  -48.858  29.539  -4.672 0.0000000000
95420  -49.226  30.243  -4.695 0.0000000000
96064  -49.218  30.421  -5.054 0.0000000000
96077  -49.308  30.104  -5.912 0.0000000000
95427  -46.459  30.053  -6.146 0.0000000000
94788  -47.094  28.496  -8.280 0.0000000000
94801  -47.693  28.218  -8.974 0.0000000000
94800  -46.695  28.195  -9.012 0.0000000000
94799  -46.137  28.120  -8.985 0.0000000000
94087  -46.079  27.717  -9.466 0.0000000000
94105  -45.666  27.100  -10.374 0.0000000000
94086  -44.954  27.532  -9.647 0.0000000000
94798  -44.304  28.071  -9.043 0.0000000000
97342  -43.100  32.403  -10.094 0.0000000000
97336  -42.756  31.991  -9.512 0.0000000000
97341  -42.368  31.942  -10.456 0.0000000000
97340  -41.948  31.960  -11.004 0.0000000000
97346  -41.671  32.010  -11.547 0.0000000000
97359  -42.068  32.463  -11.906 0.0000000000
98000  -41.796  32.768  -12.639 0.0000000000
90433  -39.172  22.619  -7.360 0.0000000000
93304  -39.484  26.466  -5.467 0.0000000000
93306  -41.136  26.941  -5.943 0.0000000000
94064  -41.420  27.023  -5.997 0.0000000000
94065  -41.987  27.224  -6.077 0.0000000000
94763  -42.764  28.233  -4.821 0.0000000000
96046  -42.325  29.974  -3.605 0.0000000000
95403  -42.838  29.491  -3.226 0.0000000000
96047  -43.430  30.332  -3.478 0.0000000000
96048  -44.669  30.453  -3.310 0.0000000000
96686  -45.214  31.574  -3.502 0.0000000000
86027  -51.816  17.393  -11.282 0.0000000000
86015  -50.950  17.334  -10.314 0.0000000000
85977  -49.910  17.275  -7.723 0.0000000000
84989  -48.010  15.838  -8.503 0.0000000000
84957  -45.601  15.439  -5.258 0.0000000000
83988  -44.300  15.403  -5.112 0.0000000000
83993  -43.119  15.660  -5.906 0.0000000000
87847  -43.024  19.679  -1.857 0.0000000000
86942  -43.463  19.063  -2.265 0.0000000000
85952  -38.904  17.784  -5.453 0.0000000000
86979  -38.892  17.999  -5.984 0.0000000000
86985  -38.630  18.473  -6.325 0.0000000000
88782  -36.805  20.615  -6.238 0.0000000000
84149  -53.354  15.124  -17.140 0.0000000000
84159  -52.706  15.822  -17.353 0.0000000000
85109  -53.123  16.176  -18.121 0.0000000000
85105  -48.366  16.666  -17.995 0.0000000000
85124  -50.348  16.642  -18.792 0.0000000000
87115  -51.798  19.282  -20.872 0.0000000000
88909  -50.097  21.065  -20.155 0.0000000000
89795  -49.935  21.797  -21.501 0.0000000000
90571  -49.113  22.129  -21.176 0.0000000000
90441  -41.664  22.288  -8.271 0.0000000000
90442  -42.661  22.275  -8.481 0.0000000000
90443  -43.685  22.273  -8.763 0.0000000000
91184  -45.377  23.220  -9.135 0.0000000000
90448  -46.011  22.359  -9.825 0.0000000000
90465  -46.881  22.551  -11.763 0.0000000000
94074  -49.173  27.388  -7.131 0.0000000000
93326  -49.005  26.738  -7.541 0.0000000000
93331  -49.654  26.421  -8.166 0.0000000000
92627  -49.799  25.450  -9.587 0.0000000000
92668  -51.025  24.665  -12.805 0.0000000000
91924  -50.717  24.038  -12.048 0.0000000000
91218  -51.225  23.485  -12.754 0.0000000000
90476  -50.073  23.027  -12.751 0.0000000000
90486  -49.580  22.363  -13.132 0.0000000000
88852  -49.442  21.301  -15.145 0.0000000000
88853  -49.707  21.299  -15.399 0.0000000000
89723  -50.036  21.593  -15.545 0.0000000000
90516  -48.983  22.066  -15.852 0.0000000000
90513  -46.282  22.770  -16.478 0.0000000000
90536  -46.292  22.171  -18.283 0.0000000000
90558  -44.916  22.696  -20.459 0.0000000000
92711  -45.009  25.517  -19.529 0.0000000000
91988  -44.410  24.873  -20.104 0.0000000000
92727  -44.597  25.792  -21.426 0.0000000000
93387  -44.740  26.232  -14.005 0.0000000000
93386  -44.210  26.843  -14.259 0.0000000000
94156  -44.656  27.098  -15.329 0.0000000000
95515  -43.185  29.333  -16.729 0.0000000000
95524  -43.480  29.431  -17.858 0.0000000000
94191  -43.661  27.559  -18.514 0.0000000000
94180  -41.870  27.780  -17.124 0.0000000000
94873  -39.089  28.988  -16.242 0.0000000000
95502  -38.268  29.065  -15.817 0.0000000000
87018  -43.664  18.509  -9.260 0.0000000000
87019  -43.935  19.081  -9.847 0.0000000000
96713  -47.798  31.935  -4.393 0.0000000000
96712  -47.205  32.030  -4.673 0.0000000000
96066  -46.243  31.480  -5.256 0.0000000000
97325  -45.752  32.724  -5.833 0.0000000000
96716  -45.662  31.895  -5.675 0.0000000000
96072  -44.897  30.675  -6.292 0.0000000000
95432  -43.788  29.782  -7.521 0.0000000000
96719  -43.689  31.644  -7.470 0.0000000000
97333  -43.393  32.222  -8.309 0.0000000000
97338  -43.939  32.861  -8.841 0.0000000000
98002  -44.404  32.929  -12.224 0.0000000000
86134  -50.792  18.159  -21.529 0.0000000000
91872  -37.168  24.316  -6.403 0.0000000000
91873  -38.306  24.365  -6.901 0.0000000000
93302  -37.738  25.980  -5.032 0.0000000000
93303  -38.288  26.216  -5.246 0.0000000000
85957  -49.382  17.409  -5.696 0.0000000000
85956  -48.583  16.913  -5.740 0.0000000000
84950  -47.415  16.438  -5.112 0.0000000000
84939  -45.396  16.332  -4.188 0.0000000000
84937  -43.924  16.508  -3.997 0.0000000000
88692  -38.679  20.618  -0.262 0.0000000000
88714  -38.993  20.938  -0.627 0.0000000000
88728  -38.419  20.771  -1.213 0.0000000000
88729  -39.563  20.752  -1.250 0.0000000000
87829  -40.395  20.305  -1.642 0.0000000000
86976  -36.929  18.721  -4.937 0.0000000000
87868  -35.194  19.741  -4.543 0.0000000000
85087  -45.900  16.932  -14.852 0.0000000000
86066  -46.314  17.295  -15.982 0.0000000000
86075  -47.178  17.299  -17.229 0.0000000000
87073  -46.232  18.511  -16.493 0.0000000000
86084  -47.018  17.953  -17.282 0.0000000000
86086  -48.195  17.484  -18.419 0.0000000000
86111  -49.529  18.204  -19.645 0.0000000000
87099  -49.374  19.043  -19.720 0.0000000000
88003  -49.161  19.856  -19.361 0.0000000000
87995  -48.428  19.867  -18.499 0.0000000000
88908  -49.491  20.605  -19.643 0.0000000000
89756  -49.705  21.760  -18.545 0.0000000000
91884  -45.494  24.696  -8.212 0.0000000000
91889  -45.586  24.146  -8.662 0.0000000000
91894  -46.500  23.887  -9.298 0.0000000000
94110  -50.496  27.037  -9.601 0.0000000000
93351  -50.802  26.511  -10.010 0.0000000000
93350  -50.462  26.885  -10.495 0.0000000000
92655  -50.903  25.477  -12.494 0.0000000000
93393  -50.604  26.058  -13.035 0.0000000000
91935  -50.592  24.225  -13.296 0.0000000000
91226  -50.084  23.685  -13.583 0.0000000000
91239  -49.632  23.281  -13.986 0.0000000000
91238  -49.014  23.391  -14.066 0.0000000000
91236  -47.433  23.720  -14.585 0.0000000000
91248  -46.833  23.343  -15.064 0.0000000000
91247  -46.157  23.702  -15.431 0.0000000000
91266  -44.700  23.854  -17.825 0.0000000000
91973  -44.787  24.745  -18.163 0.0000000000
92702  -45.063  25.398  -18.645 0.0000000000
92712  -45.823  26.142  -18.876 0.0000000000
93439  -46.404  26.744  -19.608 0.0000000000
94836  -41.500  28.513  -13.089 0.0000000000
94847  -42.200  28.279  -13.800 0.0000000000
94846  -41.730  28.909  -14.204 0.0000000000
94857  -41.895  29.090  -14.830 0.0000000000
95495  -42.000  29.228  -15.191 0.0000000000
95504  -42.278  29.624  -15.972 0.0000000000
95536  -42.019  29.306  -18.257 0.0000000000
96169  -41.717  29.723  -18.316 0.0000000000
96168  -41.051  29.845  -18.200 0.0000000000
95532  -38.472  30.061  -18.671 0.0000000000
84077  -47.560  15.855  -11.305 0.0000000000
84090  -46.914  15.839  -11.872 0.0000000000
85032  -46.247  15.863  -11.900 0.0000000000
85065  -45.795  16.576  -13.261 0.0000000000
86047  -45.259  17.120  -13.727 0.0000000000
85029  -44.209  16.554  -10.978 0.0000000000
86025  -43.865  17.279  -11.103 0.0000000000
86026  -44.151  16.871  -11.591 0.0000000000
86055  -44.824  17.662  -13.950 0.0000000000
87059  -44.806  18.346  -14.416 0.0000000000
88850  -45.571  20.140  -14.974 0.0000000000
89708  -46.172  20.989  -14.876 0.0000000000
94767  -46.717  28.567  -4.831 0.0000000000
94060  -47.272  28.065  -5.535 0.0000000000
94769  -48.943  29.053  -5.406 0.0000000000
94062  -48.823  28.492  -5.973 0.0000000000
94071  -48.978  27.908  -6.524 0.0000000000
94075  -49.587  27.626  -7.568 0.0000000000
94076  -49.887  27.224  -8.040 0.0000000000
94081  -49.863  27.627  -8.381 0.0000000000
96068  -47.959  31.195  -4.697 0.0000000000
95428  -47.648  29.911  -6.175 0.0000000000
95437  -49.000  29.438  -6.954 0.0000000000
94780  -49.187  28.793  -7.410 0.0000000000
94091  -49.912  27.460  -9.131 0.0000000000
94124  -48.812  27.106  -11.029 0.0000000000
93362  -48.302  26.663  -11.647 0.0000000000
92654  -46.477  26.036  -13.697 0.0000000000
93373  -45.631  26.074  -12.938 0.0000000000
93359  -44.950  26.254  -12.158 0.0000000000
93358  -44.031  26.516  -12.405 0.0000000000
94135  -43.225  26.952  -12.734 0.0000000000
94120  -42.518  27.479  -12.042 0.0000000000
95442  -43.270  29.666  -8.083 0.0000000000
94784  -42.900  29.079  -8.814 0.0000000000
96087  -42.124  30.690  -9.225 0.0000000000
95447  -42.188  29.642  -9.196 0.0000000000
94796  -42.458  28.636  -9.546 0.0000000000
94813  -42.119  28.278  -10.423 0.0000000000
94827  -41.884  28.060  -11.399 0.0000000000
94119  -41.888  28.038  -12.404 0.0000000000
94826  -41.248  28.668  -11.917 0.0000000000
95474  -40.633  30.110  -12.164 0.0000000000
96111  -40.392  30.748  -12.492 0.0000000000
96734  -41.049  31.610  -11.734 0.0000000000
96742  -40.394  31.670  -12.827 0.0000000000
97375  -39.791  32.393  -14.358 0.0000000000
98027  -39.679  33.147  -14.810 0.0000000000
87900  -41.006  20.053  -8.074 0.0000000000
89648  -40.642  21.417  -8.023 0.0000000000
90436  -41.478  22.768  -8.100 0.0000000000
91175  -41.631  23.399  -8.001 0.0000000000
91874  -38.981  24.766  -6.999 0.0000000000
92605  -39.278  24.925  -7.081 0.0000000000
92601  -40.349  25.715  -6.791 0.0000000000
93312  -43.569  26.775  -6.706 0.0000000000
94766  -45.526  28.456  -4.776 0.0000000000
94754  -41.621  28.382  -4.014 0.0000000000
94755  -42.687  28.445  -4.246 0.0000000000
94745  -43.314  29.052  -3.532 0.0000000000
94756  -43.828  28.722  -4.134 0.0000000000
95417  -46.908  29.553  -3.404 0.0000000000
95407  -47.547  30.119  -3.004 0.0000000000
96051  -48.073  30.737  -2.970 0.0000000000
96680  -48.383  31.517  -2.887 0.0000000000
97295  -48.341  32.421  -3.329 0.0000000000
97304  -47.958  32.879  -3.730 0.0000000000
97946  -47.238  34.004  -4.153 0.0000000000
85053  -50.573  16.312  -12.273 0.0000000000
85033  -49.402  16.352  -11.419 0.0000000000
85007  -49.703  16.909  -9.584 0.0000000000
84065  -48.191  15.948  -10.727 0.0000000000
84064  -47.602  15.693  -10.336 0.0000000000
84049  -46.555  15.251  -9.392 0.0000000000
84031  -44.620  15.176  -8.507 0.0000000000
84006  -46.635  15.270  -6.743 0.0000000000
84005  -45.835  15.024  -6.786 0.0000000000
84015  -43.597  15.574  -7.679 0.0000000000
84973  -42.729  16.764  -7.296 0.0000000000
85973  -41.579  17.645  -7.483 0.0000000000
86994  -40.536  18.358  -7.461 0.0000000000
90378  -43.876  21.936  0.421 0.0000000000
90389  -44.219  22.004  0.080 0.0000000000
89588  -44.564  21.780  -0.358 0.0000000000
88694  -40.370  20.580  -0.031 0.0000000000
88718  -42.991  21.507  -0.193 0.0000000000
89599  -44.894  21.350  -0.889 0.0000000000
88735  -45.870  20.649  -1.624 0.0000000000
87833  -44.523  20.327  -1.700 0.0000000000
87834  -45.082  20.292  -1.796 0.0000000000
88752  -46.084  20.137  -1.978 0.0000000000
86945  -46.358  18.520  -2.962 0.0000000000
86957  -44.489  18.042  -3.062 0.0000000000
86939  -40.553  18.690  -2.421 0.0000000000
86954  -41.072  18.119  -3.073 0.0000000000
85927  -40.561  17.648  -3.909 0.0000000000
85928  -41.529  17.532  -3.696 0.0000000000
85943  -41.883  16.801  -4.188 0.0000000000
89643  -38.757  21.697  -7.169 0.0000000000
90427  -36.854  22.518  -6.640 0.0000000000
91871  -36.561  23.998  -6.226 0.0000000000
91868  -36.359  24.459  -6.028 0.0000000000
92593  -36.069  25.084  -5.289 0.0000000000
91867  -35.205  24.361  -5.544 0.0000000000
92592  -35.409  24.968  -5.173 0.0000000000
82380  -53.147  14.475  -18.394 0.0000000000
83251  -53.082  14.659  -18.591 0.0000000000
83264  -53.176  15.057  -18.704 0.0000000000
83263  -52.865  14.840  -18.991 0.0000000000
84183  -52.810  15.445  -19.544 0.0000000000
84119  -49.502  15.578  -14.557 0.0000000000
85088  -46.371  16.637  -15.465 0.0000000000
84155  -48.422  16.236  -17.285 0.0000000000
84145  -49.533  15.556  -16.567 0.0000000000
84146  -50.815  15.566  -16.523 0.0000000000
85142  -53.418  16.378  -19.427 0.0000000000
84191  -53.219  15.979  -19.686 0.0000000000
84190  -52.767  16.012  -20.137 0.0000000000
85162  -52.411  17.410  -21.172 0.0000000000
86125  -52.682  17.759  -20.811 0.0000000000
85161  -51.857  17.574  -21.410 0.0000000000
86135  -51.724  18.272  -21.667 0.0000000000
87125  -50.548  19.156  -21.810 0.0000000000
88018  -51.925  19.886  -21.295 0.0000000000
88923  -51.793  20.243  -21.580 0.0000000000
88027  -51.944  19.874  -21.782 0.0000000000
88024  -49.248  19.953  -21.358 0.0000000000
88920  -48.841  20.468  -21.256 0.0000000000
87904  -43.943  20.073  -9.159 0.0000000000
90444  -44.847  22.286  -9.205 0.0000000000
88822  -45.031  21.089  -11.915 0.0000000000
91891  -47.536  24.804  -9.133 0.0000000000
91895  -47.723  24.356  -9.658 0.0000000000
91189  -47.505  23.889  -10.180 0.0000000000
92637  -50.011  25.226  -10.557 0.0000000000
91897  -49.589  25.074  -10.171 0.0000000000
91917  -50.576  24.414  -11.674 0.0000000000
91916  -49.406  24.606  -11.241 0.0000000000
91907  -48.558  24.240  -10.520 0.0000000000
91199  -47.677  23.600  -10.718 0.0000000000
90458  -47.512  23.215  -11.130 0.0000000000
90484  -47.706  22.286  -13.118 0.0000000000
89685  -47.331  22.219  -13.054 0.0000000000
89721  -47.019  20.933  -15.394 0.0000000000
88862  -47.681  20.632  -15.881 0.0000000000
89744  -49.535  21.400  -18.061 0.0000000000
90528  -49.120  21.919  -17.833 0.0000000000
91287  -44.109  24.127  -20.756 0.0000000000
93425  -47.105  26.680  -16.042 0.0000000000
93415  -45.827  26.694  -15.545 0.0000000000
94176  -48.112  27.002  -16.937 0.0000000000
94186  -48.060  27.324  -17.498 0.0000000000
93450  -47.678  27.209  -18.936 0.0000000000
93460  -46.916  27.551  -20.941 0.0000000000
94154  -43.182  28.003  -14.868 0.0000000000
94869  -44.362  28.014  -16.092 0.0000000000
94877  -43.980  28.941  -17.167 0.0000000000
94886  -44.810  28.751  -17.751 0.0000000000
94194  -46.699  27.874  -18.904 0.0000000000
94201  -47.175  27.976  -20.095 0.0000000000
93468  -46.495  27.764  -21.679 0.0000000000
94220  -45.327  27.601  -22.034 0.0000000000
94209  -44.484  26.908  -21.529 0.0000000000
93446  -44.069  26.449  -20.137 0.0000000000
93438  -44.592  27.222  -19.759 0.0000000000
92719  -43.518  25.751  -20.160 0.0000000000
92709  -43.061  25.299  -19.113 0.0000000000
93423  -42.306  26.382  -16.849 0.0000000000
92693  -41.643  25.414  -16.332 0.0000000000
94883  -41.444  28.241  -17.201 0.0000000000
94876  -41.012  27.891  -16.565 0.0000000000
94855  -38.673  28.111  -14.619 0.0000000000
98707  -41.984  33.824  -13.745 0.0000000000
98715  -41.148  33.882  -14.143 0.0000000000
98714  -40.441  33.689  -14.302 0.0000000000
98044  -39.882  33.482  -14.868 0.0000000000
98043  -39.437  33.374  -15.280 0.0000000000
98756  -39.097  34.095  -17.173 0.0000000000
98056  -38.940  33.674  -16.196 0.0000000000
97381  -38.796  32.932  -15.940 0.0000000000
97389  -38.829  32.415  -16.040 0.0000000000
96773  -38.333  31.943  -16.987 0.0000000000
96783  -38.096  31.625  -17.727 0.0000000000
97394  -37.659  32.467  -18.354 0.0000000000
96782  -37.670  31.876  -18.253 0.0000000000
96154  -38.264  31.070  -18.026 0.0000000000
96165  -38.193  30.871  -18.562 0.0000000000
84143  -47.623  16.096  -16.207 0.0000000000
85107  -50.107  16.152  -18.240 0.0000000000
85122  -48.595  17.231  -18.542 0.0000000000
85944  -45.760  16.309  -4.331 0.0000000000
86074  -46.611  17.580  -16.683 0.0000000000
86101  -53.375  16.659  -19.291 0.0000000000
86110  -48.999  18.517  -19.485 0.0000000000
87114  -48.990  18.530  -21.106 0.0000000000
87976  -47.403  19.951  -16.782 0.0000000000
88751  -45.471  20.344  -1.849 0.0000000000
89597  -43.435  21.527  -0.273 0.0000000000
89674  -45.039  21.049  -12.267 0.0000000000
89698  -50.724  22.260  -13.969 0.0000000000
89707  -45.591  20.643  -14.537 0.0000000000
89712  -50.512  22.133  -14.204 0.0000000000
89784  -50.979  21.322  -21.096 0.0000000000
89794  -49.019  21.807  -21.436 0.0000000000
90388  -43.790  21.903  0.144 0.0000000000
90473  -46.794  22.292  -12.238 0.0000000000
90477  -51.031  22.991  -12.787 0.0000000000
90478  -51.331  23.126  -13.012 0.0000000000
90488  -51.213  22.927  -13.169 0.0000000000
90495  -48.792  22.852  -14.576 0.0000000000
90503  -47.558  22.745  -15.412 0.0000000000
90517  -49.674  21.908  -15.724 0.0000000000
91217  -50.574  23.593  -12.260 0.0000000000
91227  -50.706  23.275  -13.523 0.0000000000
91228  -51.211  23.238  -13.296 0.0000000000
91886  -42.534  23.746  -8.180 0.0000000000
91908  -49.370  24.878  -10.636 0.0000000000
91918  -50.947  24.557  -11.925 0.0000000000
91925  -51.046  24.163  -12.289 0.0000000000
91933  -49.397  24.444  -13.774 0.0000000000
91946  -49.401  24.732  -13.844 0.0000000000
91963  -42.575  25.277  -17.654 0.0000000000
92628  -50.577  26.155  -9.453 0.0000000000
92647  -50.687  24.783  -11.866 0.0000000000
92653  -46.061  26.027  -13.590 0.0000000000
92664  -45.902  25.921  -14.030 0.0000000000
92677  -46.088  25.914  -14.291 0.0000000000
93308  -39.483  25.966  -6.053 0.0000000000
93328  -50.079  27.020  -8.165 0.0000000000
93330  -49.141  26.308  -8.062 0.0000000000
93332  -50.369  26.744  -8.430 0.0000000000
93335  -50.728  26.682  -9.176 0.0000000000
93402  -44.299  26.990  -14.696 0.0000000000
93403  -44.769  26.719  -14.869 0.0000000000
93424  -46.301  26.937  -16.031 0.0000000000
93426  -48.031  26.714  -16.470 0.0000000000
93433  -48.116  26.558  -17.266 0.0000000000
93441  -47.824  26.970  -18.139 0.0000000000
93448  -46.344  26.938  -20.587 0.0000000000
93449  -47.325  27.174  -19.870 0.0000000000
93458  -44.416  26.822  -20.872 0.0000000000
93466  -45.078  27.035  -22.315 0.0000000000
93467  -45.874  27.413  -22.230 0.0000000000
94051  -42.484  28.165  -4.794 0.0000000000
94079  -45.854  28.056  -8.955 0.0000000000
94123  -48.271  27.049  -11.097 0.0000000000
94133  -41.949  28.071  -12.950 0.0000000000
94163  -44.220  27.844  -15.750 0.0000000000
94183  -45.118  28.204  -17.330 0.0000000000
94193  -45.907  28.227  -18.654 0.0000000000
94195  -47.648  27.463  -18.426 0.0000000000
94199  -44.990  27.493  -20.236 0.0000000000
94210  -44.980  27.371  -21.135 0.0000000000
94211  -45.576  27.776  -21.368 0.0000000000
94212  -46.936  28.214  -21.123 0.0000000000
94221  -46.034  27.909  -21.846 0.0000000000
94222  -46.480  28.137  -21.603 0.0000000000
94742  -40.924  28.885  -3.621 0.0000000000
94772  -49.024  28.609  -6.098 0.0000000000
94795  -41.809  29.071  -9.978 0.0000000000
94812  -41.436  28.857  -10.857 0.0000000000
94837  -41.994  28.099  -13.234 0.0000000000
94859  -43.346  28.172  -15.176 0.0000000000
94885  -44.162  29.121  -17.799 0.0000000000
94897  -46.586  28.095  -19.719 0.0000000000
94902  -46.493  28.127  -20.355 0.0000000000
94908  -46.066  28.033  -21.386 0.0000000000
94916  -46.221  28.100  -21.670 0.0000000000
94917  -46.306  28.161  -21.448 0.0000000000
95408  -48.328  30.223  -3.283 0.0000000000
95419  -48.813  30.047  -4.071 0.0000000000
95423  -49.381  29.860  -5.378 0.0000000000
95441  -42.711  29.674  -8.549 0.0000000000
95464  -40.752  30.156  -11.813 0.0000000000
96038  -47.959  31.193  -2.848 0.0000000000
96039  -48.381  31.141  -3.010 0.0000000000
96050  -47.262  30.997  -2.858 0.0000000000
96070  -49.306  30.223  -5.636 0.0000000000
96076  -49.074  30.260  -5.877 0.0000000000
96084  -43.084  30.162  -7.954 0.0000000000
96086  -41.694  30.179  -9.838 0.0000000000
96679  -47.839  31.513  -2.824 0.0000000000
96681  -48.570  31.330  -3.139 0.0000000000
96688  -47.403  31.968  -3.053 0.0000000000
96689  -48.163  32.063  -2.992 0.0000000000
96718  -43.022  31.033  -7.940 0.0000000000
96733  -40.586  31.213  -12.029 0.0000000000
96743  -40.742  31.691  -12.262 0.0000000000
97291  -45.336  32.105  -3.782 0.0000000000
97305  -48.475  32.178  -3.610 0.0000000000
97330  -45.210  32.790  -6.389 0.0000000000
97337  -43.267  32.452  -9.252 0.0000000000
97347  -42.262  32.282  -11.226 0.0000000000
97374  -39.524  32.883  -14.808 0.0000000000
98014  -40.439  32.928  -13.721 0.0000000000
98015  -41.051  33.000  -13.435 0.0000000000
98042  -38.895  33.328  -15.946 0.0000000000
98726  -39.693  33.742  -15.350 0.0000000000
98727  -40.157  33.874  -15.006 0.0000000000
