#!ascii label  , from subject 201818 vox2ras=TkReg
1442
61932  -36.945  -5.946  14.279 0.0000000000
73000  -51.422  4.346  4.853 0.0000000000
68806  -42.238  -0.184  9.136 0.0000000000
51624  -12.658  -15.012  34.408 0.0000000000
65357  -31.195  -2.545  17.502 0.0000000000
56027  -24.669  -11.518  32.231 0.0000000000
58195  -34.509  -9.466  32.197 0.0000000000
61737  -36.246  -5.512  24.604 0.0000000000
66440  -34.932  -2.244  22.324 0.0000000000
55047  -19.111  -11.433  26.227 0.0000000000
58207  -21.233  -8.878  31.557 0.0000000000
56112  -21.224  -10.453  25.811 0.0000000000
56114  -30.424  -11.537  26.938 0.0000000000
57188  -34.246  -9.230  26.433 0.0000000000
65336  -39.395  -3.093  19.641 0.0000000000
61844  -43.274  -5.694  18.888 0.0000000000
70850  -46.880  1.749  7.367 0.0000000000
63163  -40.172  -3.896  11.495 0.0000000000
74076  -46.873  5.526  -0.057 0.0000000000
49417  -9.249  -17.096  36.650 0.0000000000
67572  -36.527  -2.102  21.003 0.0000000000
63098  -33.647  -5.226  15.986 0.0000000000
53930  -25.235  -13.236  26.502 0.0000000000
54934  -29.631  -11.787  31.827 0.0000000000
65375  -46.280  -3.163  16.081 0.0000000000
76291  -55.355  7.143  -1.566 0.0000000000
59494  -34.379  -7.169  22.353 0.0000000000
63006  -34.710  -4.658  21.567 0.0000000000
57199  -19.738  -9.655  25.799 0.0000000000
56154  -32.504  -10.632  24.259 0.0000000000
57247  -33.808  -9.176  23.534 0.0000000000
59435  -36.210  -7.538  25.820 0.0000000000
63066  -38.435  -5.144  17.334 0.0000000000
63036  -41.708  -4.494  18.942 0.0000000000
61893  -40.328  -5.875  16.206 0.0000000000
70863  -48.748  2.457  6.065 0.0000000000
71870  -51.256  2.689  9.929 0.0000000000
75108  -51.296  6.215  4.072 0.0000000000
50559  -10.771  -15.793  31.451 0.0000000000
49424  -10.938  -16.558  35.607 0.0000000000
66485  -32.272  -1.992  19.380 0.0000000000
67570  -35.154  -1.788  20.819 0.0000000000
66500  -33.648  -2.054  18.771 0.0000000000
64206  -34.473  -3.449  18.647 0.0000000000
64242  -32.566  -3.448  16.726 0.0000000000
57093  -22.561  -10.155  31.839 0.0000000000
57024  -23.355  -9.660  35.286 0.0000000000
55975  -25.088  -11.222  34.870 0.0000000000
55977  -27.066  -11.675  33.913 0.0000000000
53987  -22.712  -12.622  23.804 0.0000000000
53989  -25.049  -13.473  23.486 0.0000000000
56078  -31.951  -10.840  28.765 0.0000000000
54997  -30.460  -11.456  29.526 0.0000000000
57080  -32.024  -10.749  31.830 0.0000000000
57028  -32.200  -10.299  33.853 0.0000000000
53849  -14.728  -12.967  30.377 0.0000000000
54929  -16.760  -11.173  33.011 0.0000000000
55947  -16.291  -11.099  35.659 0.0000000000
66613  -41.282  -1.510  10.441 0.0000000000
64285  -43.049  -3.480  14.091 0.0000000000
66573  -44.830  -1.389  12.386 0.0000000000
76300  -56.650  7.601  -3.274 0.0000000000
51560  -11.804  -14.643  38.436 0.0000000000
65217  -37.892  -3.004  27.985 0.0000000000
67490  -36.566  -1.520  25.742 0.0000000000
64125  -35.499  -3.548  23.200 0.0000000000
64171  -33.395  -3.375  20.425 0.0000000000
54989  -18.601  -11.221  29.788 0.0000000000
58217  -19.341  -9.028  30.681 0.0000000000
57157  -19.585  -9.480  27.979 0.0000000000
56057  -21.366  -10.188  28.940 0.0000000000
56076  -22.547  -11.305  28.828 0.0000000000
53969  -27.795  -12.907  24.251 0.0000000000
55091  -30.212  -11.770  24.111 0.0000000000
56116  -32.396  -10.797  26.798 0.0000000000
57144  -34.387  -9.571  28.373 0.0000000000
59410  -35.961  -8.121  28.165 0.0000000000
61701  -38.244  -5.689  28.322 0.0000000000
53925  -16.670  -12.596  26.452 0.0000000000
67559  -41.434  -1.288  22.160 0.0000000000
67544  -44.937  -1.166  23.187 0.0000000000
66474  -43.086  -2.240  21.100 0.0000000000
64175  -44.887  -4.301  21.223 0.0000000000
69836  -45.210  1.044  8.665 0.0000000000
68752  -46.891  0.151  12.149 0.0000000000
69793  -49.381  1.022  11.594 0.0000000000
48314  -4.257  -17.878  39.493 0.0000000000
61975  -37.994  -5.272  12.116 0.0000000000
66644  -38.281  -1.782  8.135 0.0000000000
69870  -40.980  0.918  6.322 0.0000000000
69891  -43.496  1.734  5.889 0.0000000000
70898  -45.168  2.701  4.562 0.0000000000
71960  -47.106  3.603  3.343 0.0000000000
74030  -49.274  5.105  2.796 0.0000000000
71997  -45.894  3.361  1.020 0.0000000000
51558  -10.319  -15.267  39.039 0.0000000000
50454  -8.333  -16.216  40.110 0.0000000000
50459  -6.098  -17.018  39.790 0.0000000000
69651  -41.272  0.957  25.102 0.0000000000
68579  -36.692  -0.069  24.305 0.0000000000
68599  -37.494  -0.354  23.471 0.0000000000
67538  -39.906  -0.879  22.952 0.0000000000
65314  -38.119  -3.079  20.377 0.0000000000
64225  -36.194  -4.366  18.185 0.0000000000
61908  -35.802  -5.966  15.290 0.0000000000
59291  -21.160  -8.255  34.619 0.0000000000
53927  -23.034  -12.037  26.706 0.0000000000
54992  -25.085  -12.693  29.645 0.0000000000
55050  -27.984  -12.745  26.583 0.0000000000
54994  -27.661  -12.464  29.192 0.0000000000
56029  -27.114  -12.158  32.061 0.0000000000
55959  -29.596  -11.462  34.092 0.0000000000
51686  -12.195  -15.036  31.291 0.0000000000
52768  -13.645  -13.877  31.313 0.0000000000
52712  -13.723  -13.995  34.498 0.0000000000
63100  -41.676  -4.832  14.893 0.0000000000
61898  -45.052  -5.288  16.798 0.0000000000
61883  -47.655  -5.202  18.117 0.0000000000
67628  -47.996  -1.062  15.234 0.0000000000
76250  -49.891  7.280  1.889 0.0000000000
77355  -50.124  8.021  0.931 0.0000000000
77357  -52.528  8.335  1.045 0.0000000000
75169  -53.318  6.236  -0.610 0.0000000000
78457  -55.263  8.902  -0.002 0.0000000000
59514  -33.727  -7.481  21.458 0.0000000000
60658  -33.793  -6.419  20.839 0.0000000000
59552  -32.989  -7.316  19.620 0.0000000000
57283  -33.087  -9.340  22.179 0.0000000000
58388  -33.291  -8.686  21.826 0.0000000000
58370  -34.249  -7.861  22.854 0.0000000000
61890  -37.316  -5.833  16.056 0.0000000000
63067  -39.256  -5.433  17.284 0.0000000000
61911  -38.680  -5.858  15.208 0.0000000000
71912  -50.057  3.093  5.561 0.0000000000
71898  -51.008  3.284  7.963 0.0000000000
72968  -52.040  4.231  7.406 0.0000000000
74013  -52.525  5.284  5.688 0.0000000000
74021  -51.632  5.163  4.618 0.0000000000
50525  -12.081  -15.590  33.416 0.0000000000
50524  -11.053  -16.367  33.538 0.0000000000
50508  -11.543  -16.058  34.660 0.0000000000
66498  -32.010  -2.076  18.599 0.0000000000
66499  -33.001  -1.785  19.014 0.0000000000
66509  -32.498  -2.071  18.245 0.0000000000
65359  -33.203  -2.526  17.972 0.0000000000
65371  -31.466  -2.883  17.059 0.0000000000
57041  -17.850  -9.532  34.539 0.0000000000
56026  -23.485  -10.886  32.201 0.0000000000
56010  -24.081  -10.870  33.283 0.0000000000
55994  -25.245  -11.182  33.913 0.0000000000
55976  -25.837  -11.917  34.246 0.0000000000
55995  -26.312  -11.581  33.557 0.0000000000
57112  -33.724  -10.217  30.653 0.0000000000
57110  -32.469  -10.720  30.809 0.0000000000
57096  -33.297  -10.199  31.418 0.0000000000
57065  -32.942  -10.093  32.921 0.0000000000
54946  -17.787  -11.064  31.599 0.0000000000
56023  -17.369  -10.931  32.650 0.0000000000
55969  -16.991  -10.424  34.580 0.0000000000
69653  -42.872  1.039  25.068 0.0000000000
67722  -41.752  -0.769  10.156 0.0000000000
66593  -42.909  -1.645  11.265 0.0000000000
67705  -43.753  -0.647  11.192 0.0000000000
62938  -36.758  -4.609  25.610 0.0000000000
64078  -36.701  -3.629  25.575 0.0000000000
62946  -36.215  -4.595  24.272 0.0000000000
63005  -34.102  -4.124  20.957 0.0000000000
64187  -33.133  -3.993  19.718 0.0000000000
65330  -31.961  -2.678  19.232 0.0000000000
56087  -19.037  -11.280  28.151 0.0000000000
56073  -19.302  -9.859  28.726 0.0000000000
56088  -19.282  -10.506  27.615 0.0000000000
57200  -20.282  -9.566  25.458 0.0000000000
57180  -20.190  -9.553  26.506 0.0000000000
56074  -21.218  -10.269  27.875 0.0000000000
56058  -21.960  -10.644  29.725 0.0000000000
56090  -21.809  -10.963  27.256 0.0000000000
53994  -29.663  -12.270  22.815 0.0000000000
57227  -33.200  -10.076  24.984 0.0000000000
56137  -32.403  -10.803  25.540 0.0000000000
57187  -33.716  -9.888  26.804 0.0000000000
57163  -33.570  -10.221  27.955 0.0000000000
57164  -34.264  -9.423  27.384 0.0000000000
59409  -35.385  -8.650  28.507 0.0000000000
58265  -35.557  -8.372  27.455 0.0000000000
60580  -36.432  -6.411  25.338 0.0000000000
60570  -37.082  -6.647  26.579 0.0000000000
61727  -36.966  -5.720  25.962 0.0000000000
62916  -38.086  -4.530  27.766 0.0000000000
53926  -17.623  -12.493  26.396 0.0000000000
66471  -40.473  -2.271  20.900 0.0000000000
66455  -42.673  -1.753  21.622 0.0000000000
65318  -41.771  -2.490  20.253 0.0000000000
63037  -42.566  -4.949  19.175 0.0000000000
64194  -42.971  -4.314  19.797 0.0000000000
63039  -44.196  -5.488  19.994 0.0000000000
63027  -45.252  -5.197  21.080 0.0000000000
61846  -44.975  -6.145  19.429 0.0000000000
69854  -45.299  1.379  7.657 0.0000000000
69821  -46.256  1.078  9.615 0.0000000000
70827  -47.617  1.724  8.883 0.0000000000
71855  -52.194  2.665  11.228 0.0000000000
69890  -42.470  1.541  5.826 0.0000000000
70875  -41.697  1.976  5.017 0.0000000000
71939  -43.567  2.576  3.627 0.0000000000
71940  -44.614  2.666  3.727 0.0000000000
70899  -45.916  3.086  4.536 0.0000000000
71959  -46.134  3.255  3.133 0.0000000000
71976  -46.902  3.390  2.319 0.0000000000
49446  -9.254  -17.046  33.693 0.0000000000
48337  -8.153  -17.513  36.531 0.0000000000
52639  -11.645  -14.141  39.500 0.0000000000
51559  -10.991  -14.978  38.759 0.0000000000
52629  -11.169  -14.342  39.816 0.0000000000
52620  -8.991  -15.277  40.658 0.0000000000
51533  -7.878  -15.946  40.757 0.0000000000
50461  -7.196  -16.604  39.771 0.0000000000
51525  -6.803  -16.359  41.073 0.0000000000
50439  -6.313  -16.891  40.931 0.0000000000
66414  -35.388  -1.997  23.706 0.0000000000
68566  -36.268  -0.690  24.982 0.0000000000
67522  -35.607  -1.579  23.026 0.0000000000
67571  -35.725  -2.110  20.798 0.0000000000
68632  -36.278  -1.422  22.190 0.0000000000
68634  -37.464  -1.336  22.291 0.0000000000
68619  -38.394  -0.980  23.046 0.0000000000
67556  -38.409  -1.812  22.112 0.0000000000
66451  -38.965  -2.190  21.596 0.0000000000
66467  -36.652  -2.381  20.520 0.0000000000
64244  -34.114  -4.141  17.183 0.0000000000
64207  -35.649  -3.794  18.871 0.0000000000
64245  -34.851  -4.561  17.058 0.0000000000
63080  -36.086  -5.339  16.724 0.0000000000
63099  -34.375  -5.388  15.962 0.0000000000
59360  -20.121  -8.324  31.206 0.0000000000
59318  -19.920  -8.207  32.867 0.0000000000
59320  -21.041  -8.640  32.770 0.0000000000
53946  -24.508  -13.205  25.616 0.0000000000
53964  -22.714  -12.383  24.989 0.0000000000
53929  -24.238  -13.000  26.577 0.0000000000
53908  -23.931  -12.619  27.447 0.0000000000
53889  -25.393  -12.845  28.265 0.0000000000
55071  -29.165  -12.178  25.223 0.0000000000
53950  -28.346  -12.674  25.197 0.0000000000
55051  -28.642  -12.367  26.290 0.0000000000
54976  -29.970  -11.855  30.347 0.0000000000
54995  -28.731  -12.232  29.299 0.0000000000
54955  -28.558  -12.187  31.078 0.0000000000
54954  -27.568  -12.340  31.134 0.0000000000
56014  -29.025  -11.813  32.416 0.0000000000
55997  -28.728  -11.707  33.172 0.0000000000
55998  -29.717  -11.515  32.966 0.0000000000
60516  -37.294  -6.795  30.922 0.0000000000
53848  -14.003  -13.198  29.844 0.0000000000
52751  -14.525  -13.244  32.334 0.0000000000
52750  -13.908  -13.765  32.254 0.0000000000
55905  -16.471  -10.509  37.525 0.0000000000
63147  -39.022  -4.587  11.940 0.0000000000
63115  -39.823  -4.839  13.622 0.0000000000
63134  -41.106  -4.207  13.482 0.0000000000
65385  -44.785  -3.237  15.165 0.0000000000
63103  -44.204  -4.352  15.648 0.0000000000
63086  -45.887  -4.701  16.702 0.0000000000
61882  -46.805  -5.466  17.916 0.0000000000
63070  -47.284  -4.572  17.330 0.0000000000
68736  -48.541  0.128  13.386 0.0000000000
67662  -47.304  -0.502  13.396 0.0000000000
68698  -49.273  -0.293  14.870 0.0000000000
74053  -48.415  4.839  1.240 0.0000000000
74044  -49.495  5.441  2.322 0.0000000000
75140  -48.448  5.876  0.814 0.0000000000
76269  -49.401  7.434  0.510 0.0000000000
76270  -50.442  7.433  0.524 0.0000000000
77356  -51.176  8.464  0.851 0.0000000000
76271  -51.653  7.543  0.737 0.0000000000
74097  -53.799  5.512  -1.893 0.0000000000
74096  -53.009  5.282  -1.415 0.0000000000
75170  -54.085  6.592  -0.960 0.0000000000
77365  -54.054  8.001  -0.035 0.0000000000
77373  -55.173  7.629  -1.031 0.0000000000
77374  -55.754  7.810  -1.254 0.0000000000
77381  -57.225  7.874  -2.589 0.0000000000
60615  -35.622  -6.294  23.648 0.0000000000
61779  -35.573  -5.263  22.885 0.0000000000
60634  -34.619  -6.176  22.093 0.0000000000
61828  -33.591  -5.647  19.899 0.0000000000
55068  -19.198  -11.025  25.248 0.0000000000
56182  -32.347  -10.405  21.978 0.0000000000
57246  -33.213  -9.834  23.669 0.0000000000
57228  -34.069  -9.245  24.508 0.0000000000
58303  -35.519  -8.253  26.067 0.0000000000
58339  -34.735  -8.556  24.283 0.0000000000
59465  -35.584  -7.199  24.267 0.0000000000
64210  -39.111  -4.193  18.430 0.0000000000
64192  -41.005  -3.659  19.080 0.0000000000
64211  -40.187  -4.354  18.641 0.0000000000
63050  -40.596  -5.185  18.118 0.0000000000
61861  -41.966  -5.704  17.906 0.0000000000
70851  -47.737  1.930  7.190 0.0000000000
70829  -49.545  2.366  9.089 0.0000000000
70843  -49.466  2.498  7.827 0.0000000000
71887  -51.296  3.224  9.095 0.0000000000
76229  -52.500  7.886  4.540 0.0000000000
49447  -10.089  -16.737  33.674 0.0000000000
49423  -10.074  -17.005  35.607 0.0000000000
66448  -33.854  -1.995  21.097 0.0000000000
67551  -34.401  -1.841  21.405 0.0000000000
67584  -33.654  -1.287  20.427 0.0000000000
67585  -34.235  -1.518  20.087 0.0000000000
66488  -34.878  -2.183  19.723 0.0000000000
65332  -35.808  -2.684  19.662 0.0000000000
65347  -33.926  -2.723  18.569 0.0000000000
64243  -33.316  -3.587  17.023 0.0000000000
63076  -32.738  -4.172  16.392 0.0000000000
57092  -22.038  -9.603  31.947 0.0000000000
58175  -22.051  -9.241  33.420 0.0000000000
57061  -22.981  -10.018  33.953 0.0000000000
57045  -23.808  -10.225  34.919 0.0000000000
55957  -26.603  -11.957  34.464 0.0000000000
53988  -23.905  -13.240  23.640 0.0000000000
53947  -25.571  -13.321  25.490 0.0000000000
56092  -31.647  -10.965  27.668 0.0000000000
55014  -30.108  -11.410  28.520 0.0000000000
56060  -31.352  -11.077  29.775 0.0000000000
56045  -31.170  -11.104  30.801 0.0000000000
56033  -30.876  -11.239  31.562 0.0000000000
55999  -30.519  -11.145  32.837 0.0000000000
57064  -31.758  -10.685  32.687 0.0000000000
53884  -15.447  -12.874  28.273 0.0000000000
54986  -15.941  -12.273  30.190 0.0000000000
54928  -15.877  -11.733  32.759 0.0000000000
54894  -15.673  -11.797  34.964 0.0000000000
55968  -16.436  -10.974  34.771 0.0000000000
64323  -40.366  -3.254  10.484 0.0000000000
64296  -41.647  -3.480  12.511 0.0000000000
65413  -42.504  -3.094  12.729 0.0000000000
65404  -44.370  -2.513  13.385 0.0000000000
65395  -45.453  -2.532  14.594 0.0000000000
75162  -45.861  5.660  -0.950 0.0000000000
75149  -47.781  6.097  0.247 0.0000000000
75163  -46.931  5.760  -0.589 0.0000000000
75191  -55.102  5.904  -2.771 0.0000000000
76292  -56.211  7.300  -2.296 0.0000000000
75192  -55.870  6.586  -3.041 0.0000000000
75202  -56.543  7.182  -4.223 0.0000000000
51587  -13.335  -14.126  36.670 0.0000000000
51571  -12.324  -14.794  37.412 0.0000000000
66375  -37.980  -1.328  27.641 0.0000000000
66388  -37.039  -2.024  26.491 0.0000000000
65240  -36.091  -2.884  24.733 0.0000000000
65277  -35.267  -2.936  22.868 0.0000000000
62986  -35.238  -4.243  22.178 0.0000000000
64156  -34.590  -3.608  21.659 0.0000000000
65300  -34.051  -2.952  21.230 0.0000000000
65312  -32.791  -2.607  20.340 0.0000000000
66484  -31.734  -2.421  18.766 0.0000000000
56042  -18.718  -10.467  30.946 0.0000000000
57091  -18.822  -9.819  31.421 0.0000000000
57105  -19.139  -9.579  30.633 0.0000000000
57122  -19.427  -8.996  29.705 0.0000000000
58233  -20.192  -8.727  29.745 0.0000000000
57179  -19.690  -9.726  26.918 0.0000000000
57158  -20.104  -9.348  27.578 0.0000000000
58234  -20.674  -9.089  29.834 0.0000000000
57124  -21.753  -10.139  30.318 0.0000000000
56044  -22.710  -10.757  30.853 0.0000000000
54951  -23.993  -11.636  31.216 0.0000000000
55090  -29.486  -12.136  24.226 0.0000000000
55053  -30.501  -11.708  25.666 0.0000000000
55092  -31.011  -11.532  23.873 0.0000000000
56136  -31.655  -11.215  24.746 0.0000000000
56115  -31.170  -11.322  26.258 0.0000000000
56093  -32.755  -10.706  27.929 0.0000000000
56063  -33.534  -10.286  29.333 0.0000000000
57113  -34.407  -9.808  30.343 0.0000000000
59347  -35.526  -8.690  31.480 0.0000000000
59371  -35.617  -8.567  30.333 0.0000000000
60530  -36.819  -7.360  30.517 0.0000000000
60531  -37.405  -6.843  29.805 0.0000000000
59422  -35.998  -7.978  26.899 0.0000000000
60548  -37.606  -6.871  28.780 0.0000000000
60532  -38.112  -6.077  29.872 0.0000000000
62872  -38.736  -4.478  29.885 0.0000000000
53885  -16.561  -12.519  28.524 0.0000000000
67540  -41.977  -0.806  22.726 0.0000000000
67541  -42.795  -0.860  22.713 0.0000000000
67562  -43.785  -1.479  22.359 0.0000000000
66458  -45.084  -2.185  22.192 0.0000000000
64172  -42.675  -3.230  20.014 0.0000000000
65321  -44.068  -2.880  21.202 0.0000000000
68827  -43.774  0.221  9.296 0.0000000000
68791  -44.626  -0.035  10.775 0.0000000000
69804  -45.627  0.482  10.339 0.0000000000
69792  -48.141  0.820  11.727 0.0000000000
69774  -49.223  0.662  12.698 0.0000000000
69809  -50.433  1.589  11.062 0.0000000000
70781  -50.867  1.495  12.391 0.0000000000
61990  -35.541  -5.976  11.626 0.0000000000
61954  -37.150  -5.794  13.296 0.0000000000
61991  -36.505  -5.761  11.505 0.0000000000
63160  -37.742  -5.076  11.003 0.0000000000
63178  -38.664  -4.436  10.247 0.0000000000
63199  -39.464  -3.601  9.705 0.0000000000
66628  -39.496  -1.942  9.197 0.0000000000
66646  -39.956  -1.058  8.850 0.0000000000
68824  -40.971  -0.180  8.424 0.0000000000
68845  -42.341  0.335  7.681 0.0000000000
69852  -43.075  0.797  7.643 0.0000000000
69872  -43.300  1.318  6.739 0.0000000000
69874  -45.456  1.606  6.819 0.0000000000
70895  -42.061  2.419  4.330 0.0000000000
70877  -43.774  2.114  5.176 0.0000000000
70860  -45.723  1.859  6.073 0.0000000000
70880  -47.137  2.613  5.385 0.0000000000
71923  -47.506  3.279  4.728 0.0000000000
71945  -48.846  4.062  4.377 0.0000000000
72998  -49.486  4.932  4.240 0.0000000000
73008  -47.964  3.985  3.281 0.0000000000
73034  -47.462  3.964  1.250 0.0000000000
73045  -46.982  4.086  0.767 0.0000000000
74074  -45.242  5.155  -0.620 0.0000000000
50477  -11.584  -15.355  37.332 0.0000000000
50482  -10.612  -16.167  37.481 0.0000000000
49413  -9.877  -16.543  37.763 0.0000000000
52627  -9.852  -14.687  40.083 0.0000000000
51548  -9.309  -15.574  39.817 0.0000000000
49402  -8.538  -16.651  38.693 0.0000000000
49401  -7.677  -17.035  38.722 0.0000000000
49399  -6.218  -17.113  38.843 0.0000000000
49398  -5.584  -17.258  38.780 0.0000000000
49384  -5.372  -17.308  39.990 0.0000000000
68585  -41.781  0.569  24.517 0.0000000000
69619  -38.262  0.725  25.898 0.0000000000
68631  -36.028  -1.528  22.418 0.0000000000
68580  -37.265  0.151  24.012 0.0000000000
68582  -38.915  0.115  24.391 0.0000000000
68602  -40.385  -0.103  24.039 0.0000000000
68621  -40.723  -0.388  23.423 0.0000000000
67558  -40.470  -1.442  22.257 0.0000000000
66452  -39.974  -1.976  21.596 0.0000000000
65315  -39.006  -2.962  20.374 0.0000000000
65349  -36.377  -3.346  19.333 0.0000000000
64188  -37.341  -3.691  19.465 0.0000000000
64209  -38.080  -4.327  18.870 0.0000000000
63065  -37.607  -5.049  17.456 0.0000000000
61889  -36.430  -5.754  16.052 0.0000000000
61931  -35.995  -6.016  14.367 0.0000000000
65384  -30.247  -3.295  16.401 0.0000000000
64258  -30.389  -3.699  15.951 0.0000000000
63095  -31.414  -4.505  15.540 0.0000000000
61904  -32.168  -5.304  15.397 0.0000000000
61927  -32.159  -5.971  14.706 0.0000000000
61929  -34.161  -6.155  14.490 0.0000000000
61951  -34.421  -6.418  13.631 0.0000000000
61972  -35.408  -6.246  12.569 0.0000000000
58138  -22.289  -8.847  35.164 0.0000000000
57220  -20.832  -10.227  24.405 0.0000000000
55088  -21.879  -11.606  24.735 0.0000000000
55048  -22.162  -11.298  26.594 0.0000000000
55009  -23.002  -11.861  28.181 0.0000000000
54991  -24.246  -12.407  29.271 0.0000000000
54952  -25.221  -12.128  31.290 0.0000000000
53968  -26.871  -13.216  24.328 0.0000000000
53948  -26.577  -13.082  25.356 0.0000000000
53911  -27.033  -12.788  27.355 0.0000000000
55013  -29.369  -12.022  28.399 0.0000000000
55011  -27.665  -12.436  28.279 0.0000000000
53890  -26.363  -12.734  28.256 0.0000000000
53855  -26.478  -12.581  29.654 0.0000000000
54953  -26.438  -12.323  31.212 0.0000000000
56028  -25.958  -11.769  32.100 0.0000000000
55996  -27.535  -11.674  33.355 0.0000000000
55978  -28.434  -11.604  33.790 0.0000000000
51685  -11.434  -15.335  30.985 0.0000000000
50526  -12.504  -15.159  32.818 0.0000000000
53864  -13.657  -13.271  28.866 0.0000000000
52809  -12.740  -13.654  28.973 0.0000000000
51687  -12.996  -14.463  31.258 0.0000000000
51664  -13.332  -14.313  32.201 0.0000000000
51625  -13.166  -14.471  34.462 0.0000000000
51607  -13.634  -13.920  36.012 0.0000000000
54855  -15.717  -11.600  36.596 0.0000000000
61934  -39.088  -5.345  14.206 0.0000000000
61894  -41.316  -5.824  16.268 0.0000000000
61878  -42.594  -5.897  17.151 0.0000000000
63118  -42.205  -4.204  14.624 0.0000000000
61896  -43.268  -5.424  16.247 0.0000000000
61880  -44.550  -5.820  17.401 0.0000000000
61865  -46.153  -6.086  18.815 0.0000000000
67681  -45.562  -0.985  12.676 0.0000000000
66560  -46.222  -1.542  13.907 0.0000000000
65388  -47.347  -1.974  15.932 0.0000000000
74032  -50.033  5.679  3.710 0.0000000000
75132  -50.308  6.996  2.640 0.0000000000
76251  -50.401  7.880  2.404 0.0000000000
76258  -48.719  6.731  0.724 0.0000000000
77345  -49.806  8.031  1.358 0.0000000000
78431  -51.088  9.225  2.037 0.0000000000
78439  -51.317  9.356  1.492 0.0000000000
78441  -53.240  9.924  1.595 0.0000000000
75167  -51.295  6.161  0.207 0.0000000000
76272  -52.895  7.429  0.360 0.0000000000
77359  -54.520  8.792  0.190 0.0000000000
77375  -56.606  8.021  -1.858 0.0000000000
58408  -33.151  -8.079  20.743 0.0000000000
59537  -33.338  -7.282  20.473 0.0000000000
58387  -32.882  -8.996  21.466 0.0000000000
59493  -33.876  -7.950  22.316 0.0000000000
61910  -37.649  -5.918  15.184 0.0000000000
71927  -50.510  3.455  5.056 0.0000000000
71913  -50.746  3.345  5.884 0.0000000000
72976  -52.039  4.197  6.445 0.0000000000
72977  -52.501  4.739  6.650 0.0000000000
72987  -51.943  4.446  5.461 0.0000000000
74012  -52.136  5.049  5.145 0.0000000000
50509  -12.205  -15.467  34.329 0.0000000000
66508  -31.660  -2.324  18.011 0.0000000000
65358  -32.069  -2.523  17.671 0.0000000000
57058  -18.171  -9.840  33.585 0.0000000000
57075  -18.284  -10.138  32.851 0.0000000000
56011  -25.478  -11.476  33.019 0.0000000000
57097  -34.104  -9.819  31.423 0.0000000000
57083  -34.063  -9.673  31.972 0.0000000000
55989  -17.646  -10.393  33.499 0.0000000000
67740  -42.314  -0.370  9.856 0.0000000000
67723  -42.595  -0.666  10.426 0.0000000000
67741  -42.858  -0.370  10.174 0.0000000000
64090  -36.670  -3.970  25.588 0.0000000000
63034  -32.686  -4.258  19.125 0.0000000000
55025  -19.252  -11.054  26.860 0.0000000000
57181  -20.700  -9.927  26.157 0.0000000000
56089  -21.211  -10.373  26.761 0.0000000000
57208  -33.802  -9.630  25.734 0.0000000000
58264  -34.999  -8.770  27.831 0.0000000000
58283  -34.722  -8.962  26.948 0.0000000000
61726  -36.659  -5.412  25.246 0.0000000000
62928  -37.156  -4.765  26.434 0.0000000000
55046  -18.518  -12.134  26.348 0.0000000000
53906  -18.126  -12.391  27.270 0.0000000000
65316  -39.987  -2.729  20.272 0.0000000000
65317  -40.928  -2.481  20.178 0.0000000000
63038  -43.392  -5.199  19.594 0.0000000000
61845  -44.049  -5.926  19.092 0.0000000000
69855  -46.169  1.546  7.547 0.0000000000
69837  -46.350  1.361  8.516 0.0000000000
69838  -47.152  1.644  8.644 0.0000000000
71842  -52.571  2.665  12.112 0.0000000000
70874  -40.573  1.988  4.937 0.0000000000
71958  -45.176  2.819  2.966 0.0000000000
71974  -44.805  2.662  2.028 0.0000000000
71975  -45.845  3.029  2.191 0.0000000000
49422  -9.159  -17.219  35.497 0.0000000000
48348  -8.402  -17.420  35.496 0.0000000000
49416  -8.516  -17.332  37.262 0.0000000000
53704  -11.520  -14.086  39.940 0.0000000000
51532  -7.269  -16.210  40.688 0.0000000000
50440  -6.823  -16.562  41.111 0.0000000000
66430  -35.311  -2.156  22.979 0.0000000000
67514  -35.507  -1.440  23.859 0.0000000000
67521  -35.441  -1.920  22.533 0.0000000000
67554  -36.489  -1.848  21.426 0.0000000000
67536  -37.999  -1.374  22.509 0.0000000000
67555  -37.336  -1.815  21.774 0.0000000000
67573  -37.143  -2.296  21.114 0.0000000000
63077  -33.517  -4.462  16.501 0.0000000000
63078  -34.289  -4.823  16.529 0.0000000000
63079  -35.131  -5.168  16.428 0.0000000000
58206  -20.690  -8.602  31.342 0.0000000000
59338  -20.334  -8.326  32.011 0.0000000000
58191  -20.828  -8.666  32.134 0.0000000000
53909  -24.855  -13.002  27.431 0.0000000000
55052  -29.910  -11.931  26.316 0.0000000000
54935  -30.073  -11.612  31.876 0.0000000000
54956  -29.431  -12.012  31.113 0.0000000000
56031  -28.976  -12.047  31.712 0.0000000000
61647  -37.516  -6.393  31.486 0.0000000000
53791  -15.017  -12.704  34.852 0.0000000000
63148  -39.883  -4.270  12.085 0.0000000000
63133  -40.426  -4.351  12.992 0.0000000000
65386  -45.457  -3.046  15.449 0.0000000000
64263  -45.119  -3.514  15.709 0.0000000000
64247  -45.625  -3.710  16.053 0.0000000000
63087  -46.615  -4.553  16.962 0.0000000000
64248  -46.797  -3.907  16.591 0.0000000000
68737  -49.200  0.322  13.541 0.0000000000
68717  -48.948  -0.114  14.095 0.0000000000
74063  -47.188  4.939  0.463 0.0000000000
74064  -47.944  5.482  0.684 0.0000000000
75150  -50.515  7.033  0.291 0.0000000000
75151  -50.978  6.934  0.429 0.0000000000
75182  -54.653  6.201  -1.707 0.0000000000
75181  -53.817  5.938  -1.277 0.0000000000
76286  -54.679  7.202  -0.972 0.0000000000
60614  -35.127  -6.421  23.083 0.0000000000
60681  -33.363  -6.612  20.004 0.0000000000
57266  -33.411  -9.275  22.775 0.0000000000
57265  -32.933  -9.858  22.528 0.0000000000
58338  -34.353  -8.882  24.199 0.0000000000
57229  -34.624  -8.915  24.881 0.0000000000
58351  -34.226  -8.767  23.825 0.0000000000
59478  -34.681  -7.445  23.103 0.0000000000
59464  -35.177  -7.565  23.735 0.0000000000
60594  -35.541  -6.814  23.769 0.0000000000
64227  -38.271  -4.678  18.034 0.0000000000
64228  -38.933  -4.835  17.839 0.0000000000
61875  -39.922  -5.801  16.922 0.0000000000
63068  -40.037  -5.448  17.521 0.0000000000
61876  -40.735  -5.830  17.178 0.0000000000
61860  -41.284  -5.605  17.771 0.0000000000
70852  -48.614  2.345  7.047 0.0000000000
71888  -52.219  3.969  9.225 0.0000000000
71871  -52.057  3.182  10.206 0.0000000000
76228  -51.600  7.330  3.910 0.0000000000
49435  -10.597  -16.685  34.611 0.0000000000
49418  -10.506  -16.672  36.641 0.0000000000
66465  -33.208  -1.809  20.649 0.0000000000
67568  -33.872  -1.610  21.025 0.0000000000
66486  -32.990  -1.602  19.893 0.0000000000
66510  -33.088  -1.982  18.445 0.0000000000
67595  -33.708  -1.610  19.397 0.0000000000
66487  -34.265  -1.892  19.539 0.0000000000
66501  -34.437  -2.371  19.258 0.0000000000
65346  -33.569  -2.341  18.401 0.0000000000
65372  -32.368  -2.955  17.212 0.0000000000
64222  -33.241  -3.098  17.546 0.0000000000
57077  -22.302  -9.752  32.692 0.0000000000
57078  -23.042  -10.398  33.007 0.0000000000
55993  -24.387  -10.712  34.406 0.0000000000
57062  -23.674  -10.337  34.136 0.0000000000
55956  -26.088  -12.097  34.496 0.0000000000
53966  -24.767  -13.397  24.579 0.0000000000
53967  -25.867  -13.430  24.443 0.0000000000
56077  -31.011  -11.111  28.643 0.0000000000
56061  -32.246  -10.700  29.666 0.0000000000
57094  -32.132  -10.807  31.195 0.0000000000
56046  -31.913  -10.827  30.557 0.0000000000
56034  -31.547  -10.897  31.353 0.0000000000
56017  -31.317  -10.951  32.086 0.0000000000
57049  -32.864  -10.100  33.527 0.0000000000
53867  -16.377  -12.398  29.278 0.0000000000
53866  -15.697  -12.526  29.523 0.0000000000
54987  -16.594  -12.202  29.853 0.0000000000
54944  -16.168  -11.848  31.638 0.0000000000
54911  -16.245  -11.375  33.886 0.0000000000
57018  -17.389  -9.896  35.066 0.0000000000
66612  -40.779  -2.169  10.366 0.0000000000
65427  -41.648  -2.946  11.636 0.0000000000
65445  -41.312  -2.260  10.910 0.0000000000
66572  -44.128  -1.765  12.085 0.0000000000
65414  -43.637  -2.509  12.528 0.0000000000
65415  -44.445  -2.069  12.644 0.0000000000
66543  -45.164  -2.264  13.864 0.0000000000
74106  -54.189  5.335  -2.652 0.0000000000
75200  -55.392  5.907  -3.547 0.0000000000
53717  -12.591  -13.694  39.586 0.0000000000
65199  -38.214  -2.773  28.448 0.0000000000
65198  -37.900  -2.398  27.894 0.0000000000
65216  -37.583  -2.811  27.282 0.0000000000
64101  -35.918  -3.675  24.143 0.0000000000
65257  -35.738  -2.893  23.867 0.0000000000
65256  -35.456  -2.471  23.526 0.0000000000
65278  -35.486  -2.935  23.368 0.0000000000
61778  -35.164  -5.311  22.375 0.0000000000
62987  -35.593  -4.579  22.868 0.0000000000
64155  -34.069  -3.480  21.018 0.0000000000
65301  -34.482  -3.060  21.759 0.0000000000
65313  -33.410  -2.814  20.741 0.0000000000
65299  -33.594  -2.403  20.901 0.0000000000
56055  -19.076  -10.228  29.835 0.0000000000
56056  -19.285  -9.443  29.385 0.0000000000
57140  -19.431  -9.012  28.855 0.0000000000
58232  -19.774  -8.844  29.436 0.0000000000
58253  -19.798  -8.858  28.900 0.0000000000
56111  -19.521  -10.532  26.232 0.0000000000
57159  -20.670  -9.751  27.239 0.0000000000
57142  -20.606  -9.462  28.690 0.0000000000
58255  -20.455  -8.925  29.291 0.0000000000
57123  -21.327  -9.738  29.987 0.0000000000
56059  -22.787  -11.291  29.735 0.0000000000
54970  -23.565  -11.768  30.113 0.0000000000
55105  -29.757  -12.097  23.487 0.0000000000
53993  -29.023  -12.428  23.208 0.0000000000
55072  -30.023  -11.880  25.087 0.0000000000
56153  -31.803  -11.103  23.537 0.0000000000
57127  -34.498  -9.737  29.343 0.0000000000
58225  -35.011  -9.179  29.844 0.0000000000
59391  -35.589  -8.579  29.211 0.0000000000
59392  -36.450  -7.744  29.571 0.0000000000
59393  -37.122  -7.230  29.156 0.0000000000
60558  -37.658  -6.562  27.727 0.0000000000
60559  -37.969  -6.416  28.463 0.0000000000
60549  -38.061  -6.310  29.089 0.0000000000
61686  -38.413  -5.530  29.264 0.0000000000
61672  -38.398  -5.430  29.925 0.0000000000
62884  -38.685  -4.896  29.588 0.0000000000
64066  -37.855  -3.546  27.684 0.0000000000
62900  -38.637  -3.942  28.915 0.0000000000
64033  -38.593  -3.240  28.885 0.0000000000
53905  -17.152  -12.585  27.354 0.0000000000
67560  -42.309  -1.259  22.144 0.0000000000
66456  -43.493  -1.809  21.770 0.0000000000
66457  -44.342  -1.886  22.040 0.0000000000
66475  -43.870  -2.386  21.406 0.0000000000
65339  -42.017  -2.878  19.918 0.0000000000
64193  -42.247  -3.557  19.630 0.0000000000
63025  -43.636  -4.519  20.338 0.0000000000
64174  -44.252  -3.563  20.974 0.0000000000
64157  -44.650  -3.266  21.352 0.0000000000
64158  -45.041  -3.539  21.489 0.0000000000
63011  -45.466  -4.486  21.578 0.0000000000
61835  -45.913  -6.183  20.702 0.0000000000
69835  -44.020  0.574  8.657 0.0000000000
69819  -44.317  0.364  9.432 0.0000000000
69820  -45.144  0.557  9.806 0.0000000000
69806  -47.234  1.096  10.538 0.0000000000
69773  -48.577  0.605  12.322 0.0000000000
70813  -49.220  1.759  9.941 0.0000000000
70814  -50.576  2.064  10.395 0.0000000000
70782  -51.657  1.899  12.299 0.0000000000
49387  -4.870  -17.534  39.456 0.0000000000
48319  -4.330  -17.741  38.727 0.0000000000
63196  -36.773  -4.844  9.494 0.0000000000
63177  -37.691  -4.853  10.292 0.0000000000
63197  -37.900  -4.242  9.401 0.0000000000
64338  -38.383  -3.548  9.058 0.0000000000
64361  -38.598  -3.117  8.879 0.0000000000
65459  -39.120  -2.744  9.087 0.0000000000
65477  -38.768  -2.538  8.767 0.0000000000
67756  -39.568  -0.838  8.348 0.0000000000
67774  -39.850  -0.489  8.052 0.0000000000
67757  -40.287  -0.515  8.426 0.0000000000
68843  -40.201  -0.253  7.632 0.0000000000
68844  -41.278  0.130  7.663 0.0000000000
68857  -41.601  0.542  7.047 0.0000000000
69871  -42.179  0.978  6.698 0.0000000000
69873  -44.424  1.539  6.679 0.0000000000
69892  -44.296  1.843  5.839 0.0000000000
70897  -44.160  2.502  4.502 0.0000000000
70878  -44.860  2.195  5.370 0.0000000000
70879  -46.034  2.525  5.259 0.0000000000
70861  -46.826  1.867  6.242 0.0000000000
71942  -46.386  3.384  4.015 0.0000000000
71922  -46.654  3.194  4.735 0.0000000000
71943  -47.153  3.664  4.201 0.0000000000
71924  -48.384  3.252  4.627 0.0000000000
71944  -47.983  4.018  4.185 0.0000000000
72996  -48.355  4.350  3.738 0.0000000000
71961  -47.535  3.836  3.822 0.0000000000
71988  -46.511  3.397  1.388 0.0000000000
71977  -47.296  3.645  1.868 0.0000000000
73033  -46.819  3.815  1.003 0.0000000000
48336  -7.088  -17.709  36.554 0.0000000000
50484  -11.954  -15.440  36.483 0.0000000000
51570  -11.520  -15.046  37.979 0.0000000000
51550  -10.475  -14.965  39.368 0.0000000000
50476  -10.948  -15.532  37.875 0.0000000000
50472  -10.512  -15.514  38.561 0.0000000000
50475  -10.397  -15.957  38.140 0.0000000000
50471  -9.871  -15.881  38.795 0.0000000000
52622  -10.357  -14.469  40.485 0.0000000000
51541  -8.899  -15.644  40.260 0.0000000000
51542  -9.460  -15.132  39.995 0.0000000000
50463  -8.766  -16.261  39.624 0.0000000000
50470  -9.184  -16.228  39.031 0.0000000000
49392  -8.057  -16.701  39.263 0.0000000000
50460  -6.579  -16.815  39.807 0.0000000000
49390  -6.703  -16.962  39.356 0.0000000000
49389  -6.097  -17.070  39.364 0.0000000000
49408  -5.911  -17.255  38.438 0.0000000000
49388  -5.528  -17.210  39.494 0.0000000000
50450  -5.880  -17.057  39.825 0.0000000000
49375  -6.219  -17.057  41.178 0.0000000000
69636  -41.627  1.409  25.552 0.0000000000
69652  -41.965  0.993  24.867 0.0000000000
67482  -38.028  -0.929  27.461 0.0000000000
67481  -37.576  -1.077  27.029 0.0000000000
68578  -36.035  -0.779  24.381 0.0000000000
68567  -36.836  -0.371  25.417 0.0000000000
68568  -37.658  0.282  25.567 0.0000000000
69631  -37.307  0.248  24.946 0.0000000000
67552  -35.470  -1.924  21.683 0.0000000000
68617  -36.922  -0.925  22.816 0.0000000000
69647  -37.685  0.389  24.599 0.0000000000
68581  -38.019  0.118  24.145 0.0000000000
69649  -39.337  0.692  25.027 0.0000000000
67523  -39.108  -0.765  23.315 0.0000000000
68601  -39.480  -0.361  23.926 0.0000000000
68620  -40.020  -0.442  23.555 0.0000000000
68603  -41.293  0.065  23.966 0.0000000000
67539  -41.039  -0.839  22.796 0.0000000000
66469  -38.500  -2.618  20.909 0.0000000000
66470  -39.507  -2.521  20.983 0.0000000000
65348  -35.225  -2.973  19.338 0.0000000000
65333  -36.283  -2.855  19.637 0.0000000000
64208  -36.981  -3.869  19.091 0.0000000000
64189  -37.805  -3.863  19.498 0.0000000000
64226  -37.308  -4.594  18.235 0.0000000000
61888  -35.664  -5.678  16.031 0.0000000000
63114  -30.901  -4.748  15.186 0.0000000000
61903  -31.770  -4.885  15.326 0.0000000000
61926  -31.183  -5.286  14.921 0.0000000000
61949  -32.375  -6.244  13.463 0.0000000000
61928  -33.181  -6.002  14.457 0.0000000000
61971  -34.521  -6.430  12.724 0.0000000000
58204  -19.235  -9.105  31.402 0.0000000000
58189  -19.199  -8.710  32.628 0.0000000000
58190  -19.584  -8.286  32.199 0.0000000000
59305  -20.536  -8.021  33.793 0.0000000000
58176  -22.467  -9.512  33.982 0.0000000000
58157  -22.092  -9.099  34.366 0.0000000000
58158  -22.756  -9.441  34.723 0.0000000000
53944  -22.760  -12.076  26.005 0.0000000000
53963  -22.436  -11.875  25.477 0.0000000000
53943  -22.483  -11.839  25.790 0.0000000000
55049  -22.597  -11.684  26.520 0.0000000000
55026  -22.293  -11.521  27.088 0.0000000000
55027  -22.806  -11.929  27.304 0.0000000000
53888  -24.461  -12.883  28.326 0.0000000000
54971  -24.643  -12.248  30.324 0.0000000000
53933  -28.008  -12.793  25.926 0.0000000000
53949  -27.513  -12.982  25.228 0.0000000000
53932  -27.318  -12.936  26.263 0.0000000000
53912  -27.618  -12.771  26.920 0.0000000000
53891  -27.114  -12.522  28.246 0.0000000000
53873  -27.330  -12.492  28.699 0.0000000000
53872  -26.847  -12.539  29.049 0.0000000000
54993  -27.091  -12.478  29.499 0.0000000000
56012  -26.718  -11.742  32.832 0.0000000000
57047  -30.943  -10.881  33.273 0.0000000000
57027  -31.317  -10.729  33.715 0.0000000000
59348  -36.138  -8.047  31.830 0.0000000000
50544  -12.098  -15.378  32.305 0.0000000000
51663  -12.724  -14.876  32.200 0.0000000000
53865  -14.657  -12.972  29.140 0.0000000000
52787  -13.980  -13.431  30.627 0.0000000000
52786  -13.214  -13.796  30.141 0.0000000000
51644  -13.591  -14.122  32.818 0.0000000000
51643  -13.054  -14.716  33.360 0.0000000000
52733  -13.529  -14.256  33.946 0.0000000000
51606  -13.422  -14.215  35.446 0.0000000000
52693  -13.789  -13.753  35.048 0.0000000000
54876  -15.778  -11.587  35.928 0.0000000000
55928  -16.106  -11.111  36.451 0.0000000000
67526  -44.587  -0.839  23.505 0.0000000000
61955  -38.214  -5.498  13.119 0.0000000000
61933  -37.964  -5.757  14.216 0.0000000000
61936  -41.011  -4.920  14.536 0.0000000000
61913  -40.906  -5.474  15.304 0.0000000000
61895  -42.249  -5.673  16.327 0.0000000000
64284  -42.602  -3.551  13.575 0.0000000000
64270  -42.155  -3.915  14.036 0.0000000000
64271  -42.717  -3.762  14.337 0.0000000000
63084  -44.016  -4.866  15.896 0.0000000000
61897  -44.239  -5.428  16.511 0.0000000000
61879  -43.552  -5.871  17.236 0.0000000000
61864  -44.882  -6.039  18.379 0.0000000000
61881  -45.704  -5.616  17.554 0.0000000000
61866  -47.350  -5.803  18.677 0.0000000000
68775  -45.910  0.052  11.299 0.0000000000
68774  -45.266  -0.112  11.277 0.0000000000
67707  -45.712  -0.375  11.882 0.0000000000
67644  -47.582  -0.989  14.553 0.0000000000
67661  -46.496  -1.098  13.606 0.0000000000
66546  -47.250  -1.393  14.977 0.0000000000
66532  -46.958  -1.777  15.302 0.0000000000
66533  -47.741  -1.335  15.524 0.0000000000
73010  -49.157  4.898  3.750 0.0000000000
74019  -49.840  5.454  3.913 0.0000000000
74031  -49.691  5.416  3.320 0.0000000000
75141  -49.239  6.117  1.489 0.0000000000
75131  -49.961  6.165  2.527 0.0000000000
76239  -50.840  7.394  3.135 0.0000000000
76268  -48.578  6.840  0.056 0.0000000000
77354  -49.577  7.826  0.977 0.0000000000
77337  -50.152  8.212  1.829 0.0000000000
77346  -50.515  8.742  1.354 0.0000000000
77347  -50.997  9.057  1.020 0.0000000000
78449  -52.016  9.151  1.199 0.0000000000
78450  -53.301  9.451  1.178 0.0000000000
79396  -54.082  9.968  1.309 0.0000000000
74081  -52.532  5.576  -0.635 0.0000000000
74080  -51.715  5.442  -0.351 0.0000000000
75168  -52.411  6.347  -0.050 0.0000000000
76284  -53.126  6.850  -0.136 0.0000000000
77366  -54.793  8.218  -0.388 0.0000000000
78456  -54.817  8.855  0.123 0.0000000000
78451  -54.543  9.362  0.587 0.0000000000
76293  -56.655  7.794  -2.587 0.0000000000
59515  -34.189  -6.667  21.623 0.0000000000
57282  -32.710  -9.498  21.527 0.0000000000
58369  -33.928  -8.574  22.940 0.0000000000
63082  -37.863  -5.665  16.855 0.0000000000
63083  -38.614  -5.733  16.832 0.0000000000
61892  -39.265  -5.856  16.274 0.0000000000
70864  -49.475  2.767  5.885 0.0000000000
71904  -50.140  3.019  6.419 0.0000000000
71906  -51.451  3.705  7.519 0.0000000000
72969  -52.729  4.882  7.530 0.0000000000
74002  -52.914  5.572  6.761 0.0000000000
75081  -53.473  6.422  6.910 0.0000000000
75097  -53.002  6.415  6.062 0.0000000000
74022  -52.234  5.431  5.000 0.0000000000
50543  -11.336  -15.889  32.475 0.0000000000
50493  -11.475  -15.962  35.851 0.0000000000
64241  -31.757  -3.333  16.580 0.0000000000
56009  -23.514  -10.731  32.846 0.0000000000
56062  -33.077  -10.447  29.713 0.0000000000
57111  -33.047  -10.506  30.640 0.0000000000
57095  -32.641  -10.618  31.359 0.0000000000
57081  -32.701  -10.338  32.103 0.0000000000
57066  -33.578  -9.866  32.746 0.0000000000
58178  -33.809  -9.693  33.049 0.0000000000
54945  -17.103  -11.347  31.939 0.0000000000
54912  -16.773  -10.864  33.604 0.0000000000
56006  -17.258  -10.731  33.255 0.0000000000
57040  -17.540  -10.069  34.241 0.0000000000
66592  -41.958  -1.914  11.240 0.0000000000
66614  -42.218  -1.162  10.823 0.0000000000
66615  -43.078  -0.909  10.997 0.0000000000
66595  -44.368  -1.269  11.908 0.0000000000
64065  -37.469  -3.902  26.969 0.0000000000
65230  -37.185  -3.070  26.460 0.0000000000
64079  -36.900  -3.824  26.062 0.0000000000
64089  -36.432  -3.866  25.065 0.0000000000
63024  -33.742  -4.482  20.135 0.0000000000
64170  -32.872  -3.032  20.129 0.0000000000
64186  -32.526  -3.267  19.566 0.0000000000
56072  -19.108  -10.887  28.833 0.0000000000
57218  -19.812  -9.634  24.703 0.0000000000
56075  -21.893  -10.771  28.401 0.0000000000
57207  -33.107  -10.259  26.178 0.0000000000
57186  -33.152  -10.447  27.217 0.0000000000
58242  -34.956  -9.052  28.852 0.0000000000
59448  -35.887  -7.254  24.924 0.0000000000
60581  -36.779  -6.429  25.971 0.0000000000
61700  -37.952  -5.503  27.469 0.0000000000
62915  -37.614  -4.878  27.091 0.0000000000
53887  -18.326  -12.100  27.887 0.0000000000
66453  -40.926  -1.732  21.514 0.0000000000
66454  -41.828  -1.681  21.518 0.0000000000
66472  -41.365  -2.014  20.800 0.0000000000
66473  -42.227  -2.136  20.912 0.0000000000
63026  -44.487  -4.838  20.748 0.0000000000
61834  -45.038  -5.809  20.380 0.0000000000
61847  -45.810  -6.337  19.862 0.0000000000
69822  -47.431  1.536  9.470 0.0000000000
69807  -48.485  1.382  10.460 0.0000000000
70815  -51.604  2.472  10.581 0.0000000000
70798  -51.598  2.102  11.300 0.0000000000
79382  -53.260  10.227  2.586 0.0000000000
69889  -41.359  1.462  5.714 0.0000000000
70876  -42.764  2.018  5.093 0.0000000000
71941  -45.525  3.072  3.854 0.0000000000
71987  -45.499  2.987  1.383 0.0000000000
48347  -7.592  -17.667  35.617 0.0000000000
48328  -7.505  -17.531  37.328 0.0000000000
52651  -12.060  -14.202  38.899 0.0000000000
52650  -11.472  -14.451  39.045 0.0000000000
52638  -10.949  -14.567  39.483 0.0000000000
52637  -10.320  -14.744  39.709 0.0000000000
52621  -9.517  -14.829  40.653 0.0000000000
51534  -8.517  -15.685  40.697 0.0000000000
51540  -8.159  -15.979  40.429 0.0000000000
50453  -7.932  -16.301  39.920 0.0000000000
51539  -7.602  -16.132  40.460 0.0000000000
50452  -7.056  -16.435  40.247 0.0000000000
50447  -6.761  -16.502  40.635 0.0000000000
50451  -6.425  -16.806  40.197 0.0000000000
50435  -6.962  -16.597  41.367 0.0000000000
66415  -35.665  -2.012  24.371 0.0000000000
67503  -36.564  -0.963  25.623 0.0000000000
67515  -35.705  -1.267  24.475 0.0000000000
68577  -35.734  -1.056  24.011 0.0000000000
68596  -35.718  -1.057  23.607 0.0000000000
67553  -36.026  -1.876  21.514 0.0000000000
68633  -37.041  -1.437  21.945 0.0000000000
68618  -37.647  -0.958  22.850 0.0000000000
68600  -38.421  -0.490  23.651 0.0000000000
67537  -38.863  -1.219  22.701 0.0000000000
67557  -39.426  -1.556  22.193 0.0000000000
66450  -37.953  -2.235  21.378 0.0000000000
66468  -37.464  -2.653  20.607 0.0000000000
64224  -34.965  -4.056  17.891 0.0000000000
63063  -35.663  -4.704  17.282 0.0000000000
63064  -36.647  -4.948  17.484 0.0000000000
61907  -34.878  -5.845  15.466 0.0000000000
59359  -19.754  -8.272  31.249 0.0000000000
58205  -19.491  -8.418  31.599 0.0000000000
59337  -19.859  -8.275  31.828 0.0000000000
59319  -20.598  -8.349  32.844 0.0000000000
59306  -21.029  -8.464  33.520 0.0000000000
57025  -23.796  -10.122  35.722 0.0000000000
53965  -23.651  -13.070  24.752 0.0000000000
53945  -23.579  -12.702  25.757 0.0000000000
53928  -23.502  -12.438  26.603 0.0000000000
53907  -23.347  -12.230  27.142 0.0000000000
53870  -24.987  -12.843  28.971 0.0000000000
53970  -28.645  -12.468  24.224 0.0000000000
54996  -29.668  -11.936  29.385 0.0000000000
54975  -29.089  -12.143  30.251 0.0000000000
54974  -28.114  -12.389  30.199 0.0000000000
56030  -28.192  -12.144  31.905 0.0000000000
56013  -27.889  -11.881  32.678 0.0000000000
55979  -29.670  -11.451  33.522 0.0000000000
53834  -14.943  -12.809  31.458 0.0000000000
52769  -14.335  -13.405  31.392 0.0000000000
52734  -14.055  -13.683  33.445 0.0000000000
52713  -14.252  -13.406  34.624 0.0000000000
55929  -16.528  -10.419  36.320 0.0000000000
55916  -16.305  -10.720  37.062 0.0000000000
63131  -38.733  -5.056  12.498 0.0000000000
61956  -39.094  -5.115  13.246 0.0000000000
63132  -39.481  -4.652  12.760 0.0000000000
63116  -40.672  -4.606  13.903 0.0000000000
65393  -43.764  -3.219  14.343 0.0000000000
64272  -43.466  -3.498  14.673 0.0000000000
64262  -44.484  -3.645  15.440 0.0000000000
63085  -44.840  -4.524  16.027 0.0000000000
63069  -46.465  -5.006  17.279 0.0000000000
68753  -47.584  0.223  12.397 0.0000000000
67683  -47.219  -0.096  12.726 0.0000000000
68735  -47.854  -0.034  13.056 0.0000000000
67645  -48.512  -0.499  14.620 0.0000000000
67629  -48.622  -0.876  15.541 0.0000000000
74043  -49.048  4.849  2.239 0.0000000000
74054  -49.157  5.255  1.748 0.0000000000
76283  -49.760  7.245  0.163 0.0000000000
74105  -53.172  4.910  -2.506 0.0000000000
76285  -53.829  7.337  -0.338 0.0000000000
77367  -55.905  8.460  -0.734 0.0000000000
77387  -57.013  7.856  -3.427 0.0000000000
77380  -56.955  7.848  -2.854 0.0000000000
77388  -57.249  7.887  -3.309 0.0000000000
61759  -35.850  -5.475  23.514 0.0000000000
61758  -35.399  -5.608  22.981 0.0000000000
61803  -34.626  -5.488  21.647 0.0000000000
60659  -34.265  -5.997  21.432 0.0000000000
61802  -34.188  -5.258  20.887 0.0000000000
63035  -33.285  -4.781  19.390 0.0000000000
56150  -19.408  -10.062  24.145 0.0000000000
57219  -20.385  -9.657  24.452 0.0000000000
57201  -20.787  -10.014  25.218 0.0000000000
56165  -31.796  -11.007  22.438 0.0000000000
56166  -32.456  -10.487  23.075 0.0000000000
57209  -34.467  -9.096  25.502 0.0000000000
58302  -34.886  -8.804  26.188 0.0000000000
58319  -35.072  -8.543  25.260 0.0000000000
58320  -35.679  -7.965  25.310 0.0000000000
58352  -34.491  -8.138  23.464 0.0000000000
59447  -35.408  -7.893  24.607 0.0000000000
60595  -35.935  -6.442  24.268 0.0000000000
64191  -39.834  -3.626  19.105 0.0000000000
65337  -40.447  -2.972  19.576 0.0000000000
64212  -40.981  -4.551  18.673 0.0000000000
63049  -39.659  -4.932  18.041 0.0000000000
63051  -41.421  -5.168  18.400 0.0000000000
63052  -42.074  -5.244  18.568 0.0000000000
61862  -42.791  -5.808  18.210 0.0000000000
70841  -47.571  1.841  8.219 0.0000000000
70842  -48.545  2.122  8.099 0.0000000000
70830  -50.628  2.600  9.390 0.0000000000
71897  -50.224  2.930  7.413 0.0000000000
71886  -50.388  2.761  8.464 0.0000000000
71856  -52.886  3.306  11.169 0.0000000000
76205  -53.412  6.933  6.211 0.0000000000
77316  -52.044  8.426  3.695 0.0000000000
50542  -10.181  -16.395  32.523 0.0000000000
49461  -9.653  -16.768  33.112 0.0000000000
49434  -9.665  -16.995  34.611 0.0000000000
66449  -34.247  -2.292  21.643 0.0000000000
67534  -35.054  -1.969  22.007 0.0000000000
67550  -33.989  -1.824  21.222 0.0000000000
67569  -34.480  -1.567  20.897 0.0000000000
67594  -33.485  -1.371  19.733 0.0000000000
67586  -34.937  -1.870  20.123 0.0000000000
67587  -35.371  -2.154  20.143 0.0000000000
66466  -35.958  -2.271  20.373 0.0000000000
66502  -34.984  -2.473  19.525 0.0000000000
64205  -34.004  -3.116  18.431 0.0000000000
65360  -33.608  -2.771  18.168 0.0000000000
64223  -33.743  -3.329  18.014 0.0000000000
63097  -32.878  -4.910  15.907 0.0000000000
58208  -21.640  -9.237  31.745 0.0000000000
58192  -21.331  -8.917  32.291 0.0000000000
58193  -21.803  -9.249  32.517 0.0000000000
57060  -22.499  -9.834  33.430 0.0000000000
57044  -23.304  -9.935  34.620 0.0000000000
57079  -23.457  -10.369  33.593 0.0000000000
54900  -25.618  -11.769  34.854 0.0000000000
56091  -30.718  -11.350  27.604 0.0000000000
55032  -29.903  -11.635  27.527 0.0000000000
54977  -30.684  -11.454  30.470 0.0000000000
54957  -30.245  -11.637  31.293 0.0000000000
56032  -30.392  -11.468  31.906 0.0000000000
56000  -31.052  -10.950  32.597 0.0000000000
57063  -31.044  -10.865  32.888 0.0000000000
57048  -31.966  -10.374  33.371 0.0000000000
53850  -15.493  -12.503  30.641 0.0000000000
54966  -16.111  -12.150  30.779 0.0000000000
54927  -15.304  -12.306  33.217 0.0000000000
54893  -15.398  -12.240  34.595 0.0000000000
54910  -15.469  -12.151  33.984 0.0000000000
55987  -16.702  -10.809  34.132 0.0000000000
55948  -16.782  -10.367  35.423 0.0000000000
64308  -40.016  -3.732  10.786 0.0000000000
64295  -40.771  -3.841  12.166 0.0000000000
64310  -41.214  -3.409  11.907 0.0000000000
65412  -41.922  -3.154  12.305 0.0000000000
65402  -42.844  -3.272  13.345 0.0000000000
65428  -42.737  -2.422  11.781 0.0000000000
65403  -43.424  -3.160  13.692 0.0000000000
65394  -44.429  -3.035  14.582 0.0000000000
75148  -47.122  5.718  0.068 0.0000000000
75164  -48.019  6.303  -0.587 0.0000000000
75183  -55.483  6.609  -2.242 0.0000000000
76299  -56.330  7.137  -3.010 0.0000000000
75193  -56.329  6.997  -3.511 0.0000000000
51605  -12.817  -14.781  35.131 0.0000000000
50494  -12.180  -15.360  35.275 0.0000000000
51586  -12.753  -14.883  36.084 0.0000000000
52640  -12.309  -13.855  39.279 0.0000000000
66374  -37.697  -1.922  27.518 0.0000000000
65229  -36.665  -2.911  25.667 0.0000000000
66387  -36.677  -2.101  25.756 0.0000000000
66399  -36.276  -2.069  25.234 0.0000000000
66441  -34.895  -2.702  22.442 0.0000000000
62968  -35.893  -4.347  23.567 0.0000000000
64142  -35.383  -3.949  22.677 0.0000000000
64141  -35.182  -3.493  22.498 0.0000000000
65292  -34.791  -3.068  22.210 0.0000000000
65291  -34.541  -2.716  21.941 0.0000000000
66464  -32.615  -1.974  20.073 0.0000000000
65331  -32.333  -2.721  19.805 0.0000000000
65311  -32.321  -2.334  19.811 0.0000000000
66497  -31.195  -2.516  18.195 0.0000000000
57076  -18.603  -9.664  32.389 0.0000000000
57121  -19.245  -9.422  29.946 0.0000000000
57106  -19.349  -9.066  30.272 0.0000000000
58218  -19.618  -8.533  30.514 0.0000000000
58219  -20.428  -8.630  30.530 0.0000000000
57141  -19.922  -9.000  28.429 0.0000000000
58254  -20.145  -8.831  29.027 0.0000000000
58220  -21.143  -9.142  30.751 0.0000000000
57107  -21.405  -9.555  30.595 0.0000000000
57108  -21.829  -9.821  31.012 0.0000000000
57109  -22.400  -10.178  31.218 0.0000000000
56043  -22.044  -10.332  30.485 0.0000000000
55073  -30.797  -11.618  24.964 0.0000000000
56079  -32.760  -10.649  28.904 0.0000000000
57162  -33.195  -10.522  27.698 0.0000000000
56094  -33.147  -10.587  28.422 0.0000000000
57126  -33.814  -10.170  29.788 0.0000000000
58209  -34.937  -9.327  30.958 0.0000000000
59372  -36.207  -7.961  30.862 0.0000000000
60517  -37.801  -6.365  30.454 0.0000000000
58284  -35.304  -8.579  26.899 0.0000000000
59411  -36.978  -7.386  28.456 0.0000000000
59436  -36.606  -7.363  26.514 0.0000000000
59423  -36.795  -7.437  27.368 0.0000000000
61661  -38.176  -5.717  30.545 0.0000000000
62899  -38.569  -4.641  28.768 0.0000000000
62885  -38.741  -4.247  29.390 0.0000000000
53904  -16.120  -12.707  27.348 0.0000000000
55005  -16.714  -12.412  29.206 0.0000000000
53886  -17.681  -12.325  28.146 0.0000000000
55006  -17.323  -12.281  29.083 0.0000000000
54968  -17.976  -11.190  30.860 0.0000000000
68623  -42.550  -0.355  23.258 0.0000000000
67561  -43.096  -1.379  22.257 0.0000000000
67543  -44.438  -1.248  22.814 0.0000000000
66442  -44.815  -1.730  22.503 0.0000000000
65338  -41.438  -2.870  19.648 0.0000000000
65319  -42.595  -2.822  20.328 0.0000000000
64173  -43.153  -3.486  20.217 0.0000000000
65320  -43.543  -2.833  20.810 0.0000000000
65302  -44.634  -2.780  21.532 0.0000000000
65303  -45.419  -2.926  21.919 0.0000000000
61811  -45.894  -5.465  21.413 0.0000000000
68826  -42.993  0.163  8.629 0.0000000000
68807  -43.205  -0.100  9.781 0.0000000000
68808  -44.252  0.204  9.995 0.0000000000
68809  -44.885  0.228  10.292 0.0000000000
68793  -46.053  0.325  10.953 0.0000000000
69805  -46.203  0.665  10.622 0.0000000000
68777  -47.322  0.510  11.835 0.0000000000
68778  -47.847  0.491  12.129 0.0000000000
68755  -48.826  0.382  13.059 0.0000000000
69761  -49.812  0.519  13.584 0.0000000000
70828  -48.329  1.834  9.163 0.0000000000
70812  -48.553  1.647  9.824 0.0000000000
69808  -49.756  1.475  10.823 0.0000000000
70797  -50.944  1.714  11.509 0.0000000000
69794  -50.310  1.311  11.616 0.0000000000
69775  -50.183  1.093  12.450 0.0000000000
48325  -4.529  -17.743  37.726 0.0000000000
61953  -36.172  -5.980  13.413 0.0000000000
61973  -36.345  -5.953  12.448 0.0000000000
61974  -37.285  -5.705  12.298 0.0000000000
61992  -37.340  -5.355  11.398 0.0000000000
61993  -37.981  -5.084  11.508 0.0000000000
63161  -38.418  -4.759  11.141 0.0000000000
63162  -39.385  -4.260  11.127 0.0000000000
63198  -38.856  -3.888  9.595 0.0000000000
63179  -39.401  -3.941  10.246 0.0000000000
64322  -39.884  -3.507  10.132 0.0000000000
65461  -40.257  -2.681  10.010 0.0000000000
66629  -40.175  -1.636  9.592 0.0000000000
66645  -39.308  -1.642  8.703 0.0000000000
66630  -40.958  -0.918  9.808 0.0000000000
67739  -41.345  -0.361  9.338 0.0000000000
68805  -41.613  -0.189  8.832 0.0000000000
68825  -41.943  -0.119  8.357 0.0000000000
69834  -43.268  0.497  8.232 0.0000000000
69853  -44.219  1.128  7.675 0.0000000000
70859  -44.950  1.762  6.139 0.0000000000
69875  -46.208  1.667  6.808 0.0000000000
70862  -47.888  2.135  6.155 0.0000000000
70881  -48.075  2.637  5.309 0.0000000000
70882  -48.921  2.711  5.225 0.0000000000
71925  -49.212  3.271  4.700 0.0000000000
71946  -49.698  3.889  4.491 0.0000000000
72999  -50.590  4.308  4.564 0.0000000000
72997  -48.726  4.545  3.981 0.0000000000
73009  -48.832  4.687  3.223 0.0000000000
73022  -47.305  3.605  2.722 0.0000000000
73023  -47.674  3.760  2.280 0.0000000000
73024  -48.512  4.193  2.283 0.0000000000
73035  -48.130  4.059  1.686 0.0000000000
74052  -47.724  4.559  0.963 0.0000000000
74062  -45.924  4.702  0.023 0.0000000000
74075  -46.332  5.369  -0.264 0.0000000000
50483  -11.159  -15.924  36.845 0.0000000000
49419  -11.080  -16.361  36.253 0.0000000000
53696  -10.787  -14.421  40.193 0.0000000000
52628  -10.591  -14.529  39.887 0.0000000000
52626  -9.332  -15.036  40.345 0.0000000000
51549  -9.825  -15.154  39.524 0.0000000000
50464  -9.386  -15.792  39.392 0.0000000000
49403  -9.261  -16.417  38.427 0.0000000000
49412  -8.903  -16.865  37.790 0.0000000000
49411  -8.044  -17.187  37.898 0.0000000000
49391  -7.387  -16.861  39.323 0.0000000000
49400  -6.887  -17.114  38.797 0.0000000000
49397  -5.016  -17.426  38.992 0.0000000000
50445  -5.716  -17.142  40.313 0.0000000000
49380  -5.504  -17.293  40.603 0.0000000000
68586  -42.722  0.664  24.477 0.0000000000
67471  -38.397  -0.883  27.967 0.0000000000
68553  -37.465  -0.517  26.549 0.0000000000
67535  -35.755  -1.686  22.436 0.0000000000
68615  -35.796  -1.269  23.100 0.0000000000
68597  -36.106  -0.585  23.509 0.0000000000
68616  -36.357  -1.001  22.815 0.0000000000
69646  -37.175  0.334  24.452 0.0000000000
69632  -38.017  0.498  25.234 0.0000000000
69650  -40.317  0.871  25.116 0.0000000000
68583  -39.877  0.278  24.544 0.0000000000
68584  -40.838  0.430  24.582 0.0000000000
68622  -41.656  -0.320  23.316 0.0000000000
66490  -36.160  -2.490  19.976 0.0000000000
66491  -36.764  -2.677  20.070 0.0000000000
65334  -37.235  -3.313  19.763 0.0000000000
65350  -36.863  -3.481  19.394 0.0000000000
65335  -38.413  -3.446  19.886 0.0000000000
64190  -38.775  -3.707  19.207 0.0000000000
63081  -36.987  -5.527  16.843 0.0000000000
61909  -36.694  -5.903  15.211 0.0000000000
65370  -30.551  -2.857  16.903 0.0000000000
64240  -30.930  -3.228  16.440 0.0000000000
64259  -31.190  -3.810  16.019 0.0000000000
63094  -30.671  -4.314  15.497 0.0000000000
64260  -31.963  -3.991  16.213 0.0000000000
63096  -32.161  -4.627  15.792 0.0000000000
61905  -32.988  -5.586  15.321 0.0000000000
61906  -33.872  -5.779  15.318 0.0000000000
61950  -33.461  -6.308  13.512 0.0000000000
61930  -35.106  -6.230  14.486 0.0000000000
61952  -35.274  -6.235  13.529 0.0000000000
58174  -21.493  -8.821  33.068 0.0000000000
58156  -21.583  -8.725  33.965 0.0000000000
56134  -21.233  -10.584  25.018 0.0000000000
56113  -21.703  -10.949  26.288 0.0000000000
55008  -22.366  -11.419  27.841 0.0000000000
55028  -23.372  -12.190  27.678 0.0000000000
54990  -23.275  -11.879  29.094 0.0000000000
53990  -26.112  -13.263  23.378 0.0000000000
53931  -26.303  -13.148  26.405 0.0000000000
55031  -29.039  -12.079  27.371 0.0000000000
55030  -27.997  -12.484  27.379 0.0000000000
55012  -28.423  -12.296  28.322 0.0000000000
55029  -27.452  -12.497  27.817 0.0000000000
53910  -25.879  -12.986  27.381 0.0000000000
53871  -25.851  -12.709  29.175 0.0000000000
54973  -27.003  -12.492  30.114 0.0000000000
54972  -25.804  -12.652  30.270 0.0000000000
55980  -30.230  -11.211  33.242 0.0000000000
57046  -30.315  -11.121  33.463 0.0000000000
50560  -11.606  -15.532  31.686 0.0000000000
51642  -12.530  -15.236  33.882 0.0000000000
51709  -12.501  -14.476  30.510 0.0000000000
55915  -15.886  -11.189  37.027 0.0000000000
61912  -39.759  -5.657  15.286 0.0000000000
61877  -41.697  -5.938  17.107 0.0000000000
64282  -41.159  -3.969  12.904 0.0000000000
63117  -41.504  -4.330  14.152 0.0000000000
63101  -42.453  -4.625  15.198 0.0000000000
63102  -43.460  -4.339  15.431 0.0000000000
61915  -42.675  -5.125  15.714 0.0000000000
61863  -43.846  -5.977  18.170 0.0000000000
60715  -46.544  -6.391  19.618 0.0000000000
67725  -44.027  -0.315  10.969 0.0000000000
67706  -44.706  -0.736  11.660 0.0000000000
67680  -45.049  -1.025  12.224 0.0000000000
67682  -46.504  -0.423  12.602 0.0000000000
67660  -45.914  -1.186  13.243 0.0000000000
66559  -45.705  -1.544  13.424 0.0000000000
66544  -45.914  -1.940  14.198 0.0000000000
66531  -46.194  -2.219  14.957 0.0000000000
65387  -46.608  -2.456  15.754 0.0000000000
65376  -47.549  -2.845  16.514 0.0000000000
64249  -47.485  -3.615  16.698 0.0000000000
74020  -50.405  5.599  4.111 0.0000000000
75107  -50.705  6.217  3.822 0.0000000000
75119  -50.046  5.910  3.052 0.0000000000
75120  -50.339  6.232  3.330 0.0000000000
76227  -50.956  6.685  3.641 0.0000000000
76240  -51.375  8.132  3.315 0.0000000000
77327  -50.951  8.393  2.742 0.0000000000
76259  -49.336  7.347  1.172 0.0000000000
77338  -50.632  8.732  2.093 0.0000000000
77339  -51.169  9.008  2.423 0.0000000000
78432  -51.697  9.572  2.288 0.0000000000
78433  -52.551  9.987  2.474 0.0000000000
79388  -52.956  10.156  2.145 0.0000000000
78440  -52.525  9.897  1.710 0.0000000000
79389  -53.531  10.205  1.884 0.0000000000
79395  -53.549  9.970  1.491 0.0000000000
75152  -51.874  6.832  0.482 0.0000000000
77358  -53.818  8.472  0.404 0.0000000000
76273  -53.685  7.822  0.139 0.0000000000
48320  -4.983  -17.542  38.431 0.0000000000
48329  -8.067  -17.496  37.284 0.0000000000
48338  -8.738  -17.312  36.040 0.0000000000
49376  -6.685  -16.751  41.313 0.0000000000
50446  -6.165  -16.897  40.593 0.0000000000
50462  -7.910  -16.513  39.738 0.0000000000
53697  -11.068  -14.381  40.264 0.0000000000
53703  -10.909  -14.338  39.834 0.0000000000
53856  -26.856  -12.497  29.591 0.0000000000
54958  -30.760  -11.377  31.047 0.0000000000
55010  -23.730  -12.306  28.334 0.0000000000
55069  -22.215  -11.598  25.899 0.0000000000
55070  -22.526  -11.779  26.152 0.0000000000
55087  -21.522  -11.311  24.354 0.0000000000
55988  -17.205  -10.492  33.867 0.0000000000
56015  -30.019  -11.531  32.345 0.0000000000
56016  -30.710  -11.244  32.272 0.0000000000
56047  -32.544  -10.633  30.275 0.0000000000
56080  -33.361  -10.446  28.886 0.0000000000
57057  -17.672  -10.244  33.819 0.0000000000
57125  -33.409  -10.324  30.199 0.0000000000
57143  -33.904  -10.122  28.938 0.0000000000
58177  -33.289  -9.945  33.307 0.0000000000
58221  -21.482  -9.220  31.248 0.0000000000
60569  -36.667  -6.913  26.015 0.0000000000
60756  -32.809  -6.361  13.040 0.0000000000
61660  -37.761  -6.206  30.966 0.0000000000
61714  -37.485  -5.699  26.820 0.0000000000
61891  -38.238  -5.951  16.090 0.0000000000
61914  -41.886  -5.295  15.608 0.0000000000
61935  -40.230  -5.215  14.458 0.0000000000
62010  -37.261  -5.136  10.723 0.0000000000
62937  -36.500  -4.789  24.940 0.0000000000
63119  -42.829  -4.017  14.910 0.0000000000
63146  -38.402  -4.897  11.865 0.0000000000
64049  -38.325  -3.630  28.396 0.0000000000
64050  -38.600  -3.598  28.847 0.0000000000
64124  -35.313  -3.299  22.849 0.0000000000
64229  -47.432  -3.974  16.865 0.0000000000
64246  -45.023  -3.838  15.766 0.0000000000
64261  -43.846  -3.698  15.149 0.0000000000
64273  -44.024  -3.411  15.008 0.0000000000
64283  -41.780  -3.883  13.380 0.0000000000
64297  -42.134  -3.500  13.060 0.0000000000
64309  -40.811  -3.411  11.292 0.0000000000
64339  -39.085  -3.165  9.222 0.0000000000
64340  -39.742  -3.121  9.704 0.0000000000
64341  -40.084  -3.153  10.060 0.0000000000
65373  -32.995  -3.060  17.245 0.0000000000
65374  -45.762  -3.263  15.898 0.0000000000
65426  -41.122  -3.062  11.253 0.0000000000
65429  -43.479  -1.961  11.778 0.0000000000
65444  -40.935  -2.851  10.814 0.0000000000
65460  -39.464  -2.487  9.340 0.0000000000
65478  -39.218  -2.132  9.022 0.0000000000
66359  -37.972  -2.078  27.840 0.0000000000
66429  -35.247  -2.070  22.591 0.0000000000
66489  -35.473  -2.447  19.808 0.0000000000
66545  -46.694  -1.510  14.470 0.0000000000
66558  -45.021  -1.920  13.054 0.0000000000
66574  -45.272  -1.431  12.897 0.0000000000
66594  -43.784  -1.260  11.531 0.0000000000
67472  -38.873  -0.782  28.352 0.0000000000
67491  -36.874  -1.006  26.217 0.0000000000
67502  -36.179  -1.155  25.054 0.0000000000
67524  -39.621  -0.590  23.439 0.0000000000
67643  -46.939  -1.213  14.203 0.0000000000
67708  -46.329  -0.062  11.830 0.0000000000
67724  -43.309  -0.361  10.621 0.0000000000
67738  -40.478  -0.686  9.231 0.0000000000
67758  -40.727  -0.339  8.887 0.0000000000
68598  -36.774  -0.363  23.432 0.0000000000
68716  -48.116  -0.307  13.876 0.0000000000
68754  -48.342  0.368  12.572 0.0000000000
68776  -46.537  0.398  11.360 0.0000000000
68790  -43.867  -0.072  10.457 0.0000000000
68792  -45.482  0.244  10.643 0.0000000000
68823  -40.521  -0.379  8.124 0.0000000000
68846  -42.948  0.416  8.019 0.0000000000
68858  -42.148  0.641  7.174 0.0000000000
69654  -43.072  1.223  25.013 0.0000000000
69750  -50.216  0.601  13.929 0.0000000000
69790  -46.577  0.641  11.060 0.0000000000
69791  -46.965  0.802  11.235 0.0000000000
69823  -48.192  1.611  9.735 0.0000000000
69851  -42.440  0.690  7.291 0.0000000000
70840  -46.812  1.671  8.077 0.0000000000
70853  -49.443  2.644  6.789 0.0000000000
70883  -49.523  2.959  5.238 0.0000000000
71905  -50.946  3.386  6.911 0.0000000000
71926  -49.884  3.308  4.901 0.0000000000
71947  -50.183  3.694  4.707 0.0000000000
71989  -47.054  3.585  1.691 0.0000000000
72967  -51.588  3.838  6.912 0.0000000000
72975  -51.432  3.792  6.154 0.0000000000
72986  -51.209  3.799  5.240 0.0000000000
72988  -52.280  4.645  6.061 0.0000000000
73007  -47.512  3.732  2.924 0.0000000000
75166  -50.102  6.565  0.062 0.0000000000
77328  -51.657  8.927  2.953 0.0000000000
78438  -50.830  9.082  1.734 0.0000000000
78448  -51.357  9.114  1.009 0.0000000000
