#!ascii label  , from subject 201818 vox2ras=TkReg
1854
3419  -23.778  -70.519  -23.975 0.1000000015
2950  -24.265  -71.287  -24.480 0.1000000015
2071  -23.024  -72.860  -24.489 0.1000000015
2494  -23.967  -72.119  -24.740 0.1000000015
2526  -23.823  -72.362  -25.676 0.1000000015
2969  -24.879  -71.659  -25.800 0.1000000015
2983  -22.904  -71.967  -25.845 0.1000000015
3476  -23.985  -71.395  -26.263 0.1000000015
3459  -24.216  -70.894  -26.205 0.1000000015
3458  -23.650  -70.896  -25.915 0.1000000015
4047  -24.470  -70.091  -26.062 0.1000000015
4045  -22.882  -70.097  -25.044 0.1000000015
4046  -23.502  -69.656  -25.289 0.1000000015
4692  -23.677  -68.381  -25.080 0.1000000015
4023  -23.144  -68.772  -24.784 0.1000000015
5318  -26.013  -68.268  -24.425 0.1000000015
3420  -24.514  -70.475  -24.392 0.1000000015
4667  -25.375  -69.365  -24.370 0.1000000015
3438  -24.854  -70.889  -24.683 0.1000000015
4026  -26.814  -69.610  -24.954 0.1000000015
3439  -25.680  -70.748  -25.100 0.1000000015
2951  -24.967  -71.436  -25.164 0.1000000015
3440  -26.529  -70.235  -25.191 0.1000000015
2986  -25.142  -71.265  -26.177 0.1000000015
2971  -25.930  -70.863  -26.035 0.1000000015
3478  -25.516  -70.708  -26.433 0.1000000015
5423  -25.710  -67.565  -29.563 0.1000000015
5379  -24.264  -67.159  -27.844 0.1000000015
5380  -25.388  -67.262  -27.476 0.1000000015
5359  -24.794  -67.562  -26.183 0.1000000015
5343  -24.123  -67.813  -25.426 0.1000000015
4693  -24.419  -68.739  -25.618 0.1000000015
6604  -26.139  -65.809  -23.390 0.1000000015
5954  -27.923  -66.475  -24.159 0.2000000030
5303  -25.613  -67.607  -24.150 0.1000000015
5955  -29.192  -66.435  -24.070 0.1000000015
5320  -27.710  -68.014  -24.796 0.1000000015
5970  -26.721  -67.301  -24.361 0.1000000015
5321  -28.441  -68.039  -25.043 0.1000000015
4669  -27.201  -68.820  -24.842 0.1000000015
8718  -23.408  -62.402  -25.515 0.1000000015
8020  -23.728  -63.133  -25.516 0.1000000015
4028  -28.074  -68.934  -25.354 0.1000000015
4027  -27.563  -69.436  -25.262 0.1000000015
3461  -26.238  -70.645  -25.722 0.1000000015
8042  -23.783  -63.805  -26.489 0.1000000015
7312  -24.055  -64.368  -26.772 0.1000000015
7313  -24.409  -64.400  -26.300 0.1000000015
6659  -25.184  -65.336  -27.025 0.1000000015
6660  -26.043  -65.411  -27.008 0.1000000015
6710  -26.135  -66.221  -28.420 0.1000000015
4049  -28.092  -69.057  -25.721 0.1000000015
3480  -26.957  -70.115  -26.172 0.1000000015
4066  -25.262  -70.216  -26.396 0.1000000015
6658  -24.699  -64.970  -26.807 0.1000000015
6709  -25.077  -66.061  -28.424 0.1000000015
6684  -25.558  -65.754  -27.649 0.1000000015
6073  -26.707  -66.696  -29.091 0.1000000015
6097  -27.200  -67.164  -29.667 0.1000000015
6099  -28.334  -67.260  -29.317 0.1000000015
5403  -27.052  -67.593  -28.485 0.1000000015
4068  -26.787  -69.719  -26.634 0.1000000015
4067  -25.979  -69.946  -26.663 0.1000000015
6071  -25.106  -66.472  -29.052 0.1000000015
6096  -26.225  -67.071  -29.615 0.1000000015
5424  -26.671  -67.599  -29.388 0.1000000015
5360  -26.017  -67.983  -26.745 0.1000000015
5402  -26.071  -67.484  -28.558 0.1000000015
5381  -26.524  -67.638  -27.585 0.1000000015
4709  -25.457  -69.054  -26.214 0.1000000015
6606  -28.600  -65.757  -23.549 0.2000000030
6591  -27.905  -65.099  -23.017 0.1000000015
7245  -28.449  -64.480  -22.377 0.2000000030
7244  -27.131  -64.509  -22.466 0.2000000030
5956  -30.289  -66.291  -24.032 0.1000000015
5973  -29.672  -66.959  -24.609 0.1000000015
11123  -23.573  -60.324  -25.087 0.1000000015
9457  -23.369  -61.675  -25.092 0.1000000015
5322  -29.276  -67.689  -25.200 0.1000000015
4671  -28.585  -68.451  -25.478 0.1000000015
4695  -28.978  -68.288  -25.903 0.1000000015
8021  -24.375  -63.900  -25.631 0.1000000015
7314  -25.371  -64.909  -26.392 0.1000000015
4070  -28.053  -69.072  -26.292 0.1000000015
7315  -26.534  -64.981  -26.351 0.1000000015
6685  -26.603  -65.916  -27.689 0.1000000015
6074  -27.657  -66.741  -29.151 0.1000000015
6713  -28.683  -66.443  -28.420 0.1000000015
5383  -28.198  -67.797  -27.711 0.1000000015
4729  -27.838  -68.286  -27.202 0.1000000015
4069  -27.481  -69.430  -26.503 0.1000000015
5361  -26.916  -68.204  -27.083 0.1000000015
6582  -32.163  -64.959  -22.347 0.1000000015
6581  -31.752  -64.943  -22.093 0.1000000015
6595  -32.062  -64.970  -22.787 0.1000000015
6594  -31.656  -65.231  -22.736 0.1000000015
6593  -30.728  -65.080  -22.444 0.1000000015
7247  -30.457  -64.621  -22.006 0.2000000030
7246  -29.719  -64.550  -22.228 0.2000000030
6607  -29.886  -65.746  -23.384 0.2000000030
7232  -29.013  -63.903  -21.797 0.2000000030
6609  -31.762  -65.240  -23.554 0.1000000015
5957  -31.104  -65.912  -24.162 0.1000000015
5974  -30.506  -66.593  -24.839 0.1000000015
10254  -23.431  -60.841  -24.611 0.1000000015
8695  -23.767  -61.938  -23.788 0.1000000015
8707  -24.554  -62.945  -24.157 0.1000000015
8708  -25.176  -63.193  -24.160 0.1000000015
5323  -29.896  -67.112  -25.060 0.1000000015
5345  -30.028  -67.140  -25.635 0.1000000015
11124  -24.032  -59.637  -25.293 0.1000000015
11112  -23.785  -59.300  -24.614 0.1000000015
8706  -23.722  -62.443  -24.526 0.1000000015
7997  -24.164  -63.221  -24.884 0.1000000015
7290  -25.956  -64.570  -25.677 0.1000000015
7291  -27.080  -64.489  -25.716 0.1000000015
7316  -27.674  -64.934  -26.395 0.1000000015
6663  -29.300  -65.504  -27.013 0.1000000015
6689  -30.046  -66.139  -27.213 0.1000000015
6028  -30.140  -66.657  -26.765 0.1000000015
4714  -29.022  -68.168  -26.491 0.1000000015
6686  -27.667  -65.924  -27.777 0.1000000015
6687  -28.719  -66.022  -27.812 0.1000000015
6076  -29.095  -67.090  -28.110 0.1000000015
5385  -29.275  -67.341  -27.527 0.1000000015
4730  -28.507  -68.180  -27.090 0.1000000015
11902  -24.696  -58.555  -25.550 0.1000000015
11920  -25.447  -58.376  -26.284 0.1000000015
11138  -25.357  -59.390  -26.558 0.1000000015
12724  -25.956  -57.631  -26.360 0.1000000015
7968  -32.002  -63.543  -22.743 0.1000000015
7248  -32.478  -64.535  -22.461 0.1000000015
7967  -31.346  -63.425  -23.008 0.1000000015
7985  -31.674  -63.926  -23.432 0.1000000015
7236  -32.416  -64.675  -21.770 0.1000000015
6580  -31.390  -64.815  -21.920 0.1000000015
7234  -31.033  -64.533  -21.688 0.2000000030
7984  -30.827  -63.677  -23.563 0.1000000015
7256  -31.819  -64.606  -23.866 0.1000000015
7233  -30.174  -64.154  -21.737 0.2000000030
8702  -30.262  -63.400  -23.354 0.1000000015
8005  -31.295  -64.189  -24.098 0.1000000015
13467  -24.472  -56.654  -23.936 0.1000000015
11852  -23.871  -58.401  -23.999 0.1000000015
11879  -23.696  -59.014  -24.167 0.1000000015
11099  -23.458  -59.903  -23.189 0.1000000015
10246  -23.460  -60.700  -23.622 0.1000000015
8696  -24.267  -62.246  -23.465 0.1000000015
8701  -29.730  -63.212  -23.325 0.1000000015
8004  -30.494  -64.091  -24.421 0.1000000015
6621  -31.557  -65.303  -24.482 0.1000000015
5975  -31.229  -65.924  -24.882 0.1000000015
11111  -23.524  -59.811  -24.237 0.1000000015
7999  -25.863  -63.469  -24.420 0.1000000015
7979  -26.605  -63.119  -23.951 0.1000000015
8000  -27.036  -63.526  -24.529 0.1000000015
7294  -30.433  -65.109  -25.789 0.1000000015
7295  -30.958  -65.296  -25.432 0.1000000015
6000  -30.750  -66.352  -25.633 0.1000000015
13468  -24.995  -56.203  -24.635 0.1000000015
8022  -25.396  -64.016  -25.189 0.1000000015
8023  -26.488  -64.035  -25.081 0.1000000015
8024  -27.594  -63.921  -25.163 0.1000000015
7317  -28.814  -64.934  -26.385 0.1000000015
7293  -29.451  -64.504  -25.532 0.1000000015
6664  -30.247  -65.640  -26.704 0.1000000015
6637  -30.890  -65.705  -25.871 0.1000000015
12682  -24.289  -57.740  -24.577 0.1000000015
13488  -24.783  -56.896  -24.816 0.1000000015
11903  -25.085  -57.953  -25.840 0.1000000015
12706  -25.450  -57.453  -25.936 0.1000000015
12725  -26.570  -57.262  -26.713 0.1000000015
11936  -26.819  -57.877  -27.078 0.1000000015
7249  -32.728  -64.415  -21.862 0.1000000015
8691  -30.433  -63.000  -22.688 0.1000000015
8675  -31.037  -62.452  -22.041 0.1000000015
8693  -32.202  -63.099  -22.181 0.1000000015
7235  -31.829  -64.595  -21.503 0.1000000015
9429  -29.763  -62.472  -22.374 0.1000000015
7957  -32.972  -63.471  -21.396 0.1000000015
7217  -31.918  -64.235  -21.061 0.1000000015
8689  -28.578  -62.489  -22.820 0.1000000015
8690  -29.445  -62.696  -22.838 0.1000000015
7954  -30.831  -63.856  -21.246 0.2000000030
12655  -23.989  -57.678  -23.299 0.1000000015
10233  -23.682  -60.586  -22.570 0.1000000015
9422  -23.860  -61.109  -22.631 0.1000000015
7981  -28.485  -63.223  -23.967 0.1000000015
8003  -29.685  -63.770  -24.431 0.1000000015
7942  -32.803  -63.879  -20.491 0.1000000015
7941  -31.775  -63.606  -20.570 0.2000000030
11851  -23.556  -58.855  -23.223 0.1000000015
8685  -24.813  -61.977  -22.732 0.1000000015
7980  -27.549  -63.169  -23.955 0.1000000015
8001  -28.054  -63.505  -24.570 0.1000000015
8026  -29.313  -64.012  -24.866 0.1000000015
13489  -25.398  -56.472  -25.446 0.1000000015
13490  -26.041  -56.073  -25.921 0.1000000015
14268  -26.579  -55.280  -25.733 0.1000000015
13504  -26.002  -56.842  -26.150 0.1000000015
13505  -26.595  -56.158  -26.496 0.1000000015
12726  -26.841  -56.717  -26.865 0.1000000015
9409  -30.072  -61.839  -21.853 0.1000000015
9408  -28.880  -61.335  -21.842 0.1000000015
9410  -31.229  -61.732  -21.524 0.1000000015
7956  -32.836  -63.317  -21.725 0.1000000015
9428  -29.167  -62.126  -22.327 0.1000000015
8676  -31.863  -62.467  -21.891 0.1000000015
7219  -32.894  -64.088  -20.900 0.1000000015
8688  -27.601  -62.356  -22.759 0.1000000015
9427  -28.223  -61.882  -22.272 0.1000000015
8678  -33.044  -62.961  -21.085 0.1000000015
13448  -24.258  -56.678  -22.800 0.1000000015
12635  -23.927  -58.065  -22.091 0.1000000015
11086  -23.609  -59.528  -22.402 0.1000000015
9403  -24.355  -60.737  -21.742 0.1000000015
8686  -25.626  -62.084  -22.545 0.1000000015
8687  -26.524  -62.214  -22.730 0.1000000015
9423  -24.243  -61.232  -22.290 0.1000000015
8697  -25.569  -62.730  -23.452 0.1000000015
8699  -28.035  -62.857  -23.358 0.1000000015
7922  -32.783  -63.334  -19.938 0.1000000015
14247  -24.953  -55.814  -24.060 0.1000000015
15088  -26.274  -54.309  -24.444 0.1000000015
14249  -26.233  -54.818  -25.055 0.1000000015
15097  -26.656  -54.497  -25.119 0.1000000015
15099  -28.213  -54.094  -26.158 0.1000000015
14269  -27.284  -54.907  -26.030 0.1000000015
15955  -28.707  -53.857  -26.352 0.1000000015
10217  -29.486  -60.574  -21.346 0.1000000015
10218  -30.613  -60.709  -21.103 0.1000000015
10216  -28.430  -60.420  -21.510 0.1000000015
9407  -27.840  -61.119  -21.846 0.1000000015
10219  -31.578  -60.983  -21.085 0.1000000015
8677  -32.694  -62.793  -21.534 0.1000000015
9426  -27.202  -61.748  -22.179 0.1000000015
9411  -32.126  -61.803  -21.332 0.1000000015
14232  -24.708  -55.883  -23.204 0.1000000015
10211  -23.920  -59.913  -21.855 0.1000000015
9405  -25.789  -60.973  -21.549 0.1000000015
9425  -26.180  -61.625  -22.088 0.1000000015
9406  -26.809  -61.028  -21.704 0.1000000015
9388  -32.845  -61.775  -20.806 0.1000000015
7943  -33.075  -63.680  -20.805 0.1000000015
15076  -25.657  -54.460  -23.245 0.1000000015
14212  -24.602  -56.052  -22.209 0.1000000015
13433  -24.339  -56.649  -22.159 0.1000000015
11062  -23.875  -59.247  -21.805 0.1000000015
11063  -24.201  -59.276  -21.373 0.1000000015
9404  -24.851  -60.861  -21.600 0.1000000015
8666  -33.254  -62.898  -20.489 0.1000000015
15077  -26.055  -54.164  -23.729 0.1000000015
15930  -27.215  -53.261  -24.559 0.1000000015
15929  -26.712  -53.743  -24.361 0.1000000015
16733  -27.727  -52.706  -24.764 0.1000000015
15939  -27.828  -53.118  -25.162 0.1000000015
15940  -28.513  -53.268  -25.869 0.1000000015
11809  -27.518  -58.712  -21.203 0.1000000015
11067  -27.963  -59.537  -21.430 0.1000000015
11068  -28.933  -59.544  -21.313 0.1000000015
11069  -30.046  -59.445  -20.853 0.1000000015
11785  -27.011  -58.443  -20.935 0.1000000015
11047  -30.747  -59.946  -20.772 0.1000000015
11807  -24.940  -58.544  -20.862 0.1000000015
11046  -25.561  -58.741  -20.761 0.1000000015
11065  -26.073  -59.335  -20.899 0.1000000015
10215  -27.423  -60.315  -21.502 0.1000000015
10196  -31.201  -60.275  -20.798 0.1000000015
15898  -26.083  -53.939  -22.864 0.1000000015
15054  -25.621  -54.438  -22.518 0.1000000015
12618  -24.522  -57.280  -21.409 0.1000000015
10212  -24.453  -60.149  -21.388 0.1000000015
10213  -25.394  -60.175  -21.155 0.1000000015
10198  -32.768  -60.615  -20.512 0.1000000015
15916  -26.093  -54.003  -23.362 0.1000000015
8665  -33.097  -62.542  -20.891 0.1000000015
7923  -33.133  -63.337  -20.241 0.1000000015
15917  -26.598  -53.469  -23.610 0.1000000015
15918  -27.138  -52.827  -23.922 0.1000000015
16723  -27.668  -52.256  -24.218 0.1000000015
17477  -28.521  -51.231  -24.784 0.1000000015
16734  -28.282  -52.242  -25.082 0.1000000015
18283  -29.144  -50.269  -25.134 0.1000000015
16735  -29.018  -52.305  -25.807 0.1000000015
11070  -30.588  -58.782  -20.935 0.1000000015
15033  -25.929  -54.438  -21.464 0.1000000015
13402  -25.280  -56.253  -20.995 0.1000000015
12596  -25.326  -57.174  -20.794 0.1000000015
11784  -26.337  -58.395  -20.784 0.1000000015
16710  -26.860  -52.987  -23.027 0.1000000015
16692  -26.997  -52.805  -22.783 0.1000000015
15899  -26.721  -53.330  -22.376 0.1000000015
14194  -24.708  -56.073  -21.765 0.1000000015
13423  -24.912  -56.305  -21.304 0.1000000015
11806  -24.418  -58.226  -21.225 0.1000000015
10220  -32.267  -61.103  -20.901 0.1000000015
17456  -27.713  -51.617  -23.289 0.1000000015
17470  -28.172  -51.176  -23.929 0.1000000015
19168  -28.630  -49.698  -23.731 0.1000000015
18269  -28.658  -50.086  -24.170 0.1000000015
19169  -29.011  -49.219  -23.944 0.1000000015
18282  -28.566  -50.659  -24.529 0.1000000015
20185  -29.626  -48.517  -24.272 0.1000000015
19189  -29.746  -49.273  -25.420 0.1000000015
12599  -28.183  -57.676  -21.120 0.1000000015
11810  -28.411  -58.725  -21.529 0.1000000015
11811  -29.374  -58.535  -21.650 0.1000000015
11833  -29.917  -58.040  -22.058 0.1000000015
12598  -27.385  -57.801  -20.852 0.1000000015
12597  -26.247  -57.434  -20.627 0.1000000015
17457  -28.005  -50.989  -22.973 0.1000000015
17443  -27.666  -51.768  -22.595 0.1000000015
18253  -28.427  -50.167  -23.353 0.1000000015
20165  -29.476  -48.503  -23.534 0.1000000015
20206  -29.899  -48.444  -24.892 0.1000000015
21214  -30.542  -47.691  -25.322 0.1000000015
12620  -28.051  -58.153  -21.261 0.1000000015
12622  -29.444  -57.643  -21.995 0.1000000015
13404  -27.124  -56.658  -20.518 0.1000000015
17425  -27.636  -52.146  -22.125 0.1000000015
16669  -27.604  -52.557  -21.659 0.1000000015
14196  -25.682  -55.012  -21.303 0.1000000015
14174  -25.731  -55.620  -20.911 0.1000000015
19131  -28.819  -49.640  -22.829 0.1000000015
19149  -29.109  -49.018  -23.148 0.1000000015
21171  -29.823  -47.929  -23.795 0.1000000015
21192  -29.839  -48.060  -24.244 0.1000000015
22184  -30.554  -47.112  -24.705 0.1000000015
13405  -28.511  -56.871  -20.955 0.1000000015
14175  -26.701  -55.621  -20.520 0.1000000015
14176  -27.823  -55.718  -20.481 0.1000000015
14177  -28.956  -55.665  -20.592 0.1000000015
18219  -28.442  -50.995  -21.823 0.1000000015
17426  -28.048  -51.757  -21.817 0.1000000015
15877  -27.089  -53.266  -21.308 0.1000000015
15854  -26.874  -54.062  -20.911 0.1000000015
15012  -27.289  -54.744  -20.578 0.1000000015
18235  -28.498  -50.404  -22.417 0.1000000015
22148  -30.510  -47.047  -23.499 0.1000000015
22149  -30.926  -46.443  -23.658 0.1000000015
23061  -31.386  -45.763  -23.544 0.1000000015
22165  -30.814  -46.607  -24.414 0.1000000015
15856  -28.707  -53.839  -20.475 0.1000000015
16670  -28.432  -52.459  -21.129 0.1000000015
15878  -27.814  -53.008  -21.019 0.1000000015
15855  -27.734  -53.778  -20.623 0.1000000015
18236  -29.135  -49.842  -22.254 0.1000000015
20144  -29.684  -48.399  -22.828 0.1000000015
21144  -29.760  -48.068  -23.284 0.1000000015
23039  -31.797  -45.531  -23.286 0.1000000015
23040  -32.421  -45.058  -23.037 0.1000000015
19117  -29.824  -49.528  -21.888 0.1000000015
19132  -29.351  -49.140  -22.474 0.1000000015
20145  -30.337  -48.078  -22.390 0.1000000015
21146  -30.917  -47.255  -22.556 0.1000000015
22124  -30.784  -46.862  -23.070 0.1000000015
22125  -31.519  -46.186  -22.877 0.1000000015
23041  -33.405  -45.068  -22.549 0.1000000015
20119  -29.878  -48.719  -22.217 0.1000000015
22126  -32.608  -46.073  -22.505 0.1000000015
2088  -23.659  -72.587  -24.922 0.1000000015
2495  -24.518  -71.923  -25.437 0.1000000015
2527  -24.233  -72.162  -25.847 0.1000000015
2952  -25.500  -71.092  -25.391 0.1000000015
2985  -24.377  -71.804  -26.107 0.1000000015
2968  -23.508  -71.538  -26.041 0.1000000015
4668  -26.246  -68.952  -24.612 0.1000000015
4024  -25.175  -70.235  -24.573 0.1000000015
2970  -25.532  -71.141  -25.771 0.1000000015
3479  -26.175  -70.483  -26.317 0.1000000015
6050  -24.444  -67.049  -26.837 0.1000000015
6027  -24.431  -67.118  -26.401 0.1000000015
5953  -26.529  -66.673  -24.090 0.1000000015
5971  -27.353  -67.277  -24.438 0.1000000015
6605  -27.286  -65.767  -23.615 0.2000000030
4670  -28.005  -68.693  -25.035 0.1000000015
7289  -24.988  -64.345  -25.844 0.1000000015
6711  -27.162  -66.239  -28.518 0.1000000015
6072  -25.732  -66.594  -29.084 0.1000000015
6712  -28.110  -66.352  -28.516 0.1000000015
5404  -27.875  -67.595  -28.450 0.1000000015
5382  -27.433  -67.850  -27.629 0.1000000015
4728  -27.415  -68.281  -27.190 0.1000000015
4710  -26.485  -68.947  -26.679 0.1000000015
6592  -29.251  -65.097  -22.871 0.2000000030
6608  -30.969  -65.633  -23.371 0.1000000015
4672  -29.072  -68.081  -25.615 0.1000000015
4713  -28.470  -68.632  -26.582 0.1000000015
6661  -27.122  -65.455  -27.037 0.1000000015
6662  -28.234  -65.455  -27.083 0.1000000015
6688  -29.609  -66.066  -27.448 0.1000000015
4712  -27.999  -68.829  -26.836 0.1000000015
5958  -31.453  -65.596  -24.285 0.1000000015
7998  -24.874  -63.498  -24.711 0.1000000015
5363  -30.268  -66.755  -26.228 0.1000000015
11880  -24.090  -58.788  -24.683 0.1000000015
7292  -28.221  -64.401  -25.746 0.1000000015
7318  -29.812  -65.101  -26.342 0.1000000015
4731  -29.095  -67.775  -27.106 0.1000000015
11919  -25.047  -58.958  -26.140 0.1000000015
8692  -31.529  -62.996  -22.454 0.1000000015
7969  -32.622  -63.633  -22.158 0.1000000015
7986  -32.209  -64.159  -23.010 0.1000000015
7940  -30.402  -63.218  -20.776 0.2000000030
7272  -31.115  -64.816  -24.851 0.1000000015
8700  -28.945  -62.941  -23.403 0.1000000015
7270  -29.858  -64.198  -24.854 0.1000000015
7271  -30.294  -64.569  -25.077 0.1000000015
6638  -31.210  -65.500  -25.183 0.1000000015
8698  -26.990  -62.718  -23.386 0.1000000015
8025  -28.619  -63.919  -25.108 0.1000000015
8002  -28.930  -63.595  -24.502 0.1000000015
15098  -27.412  -54.109  -25.547 0.1000000015
14289  -27.353  -55.513  -26.545 0.1000000015
15089  -26.830  -53.971  -24.816 0.1000000015
15118  -27.787  -54.684  -26.320 0.1000000015
10214  -26.417  -60.247  -21.288 0.1000000015
11066  -27.028  -59.498  -21.247 0.1000000015
17478  -28.956  -51.421  -25.438 0.1000000015
18284  -29.717  -49.905  -25.707 0.1000000015
13403  -26.043  -56.450  -20.627 0.1000000015
15815  -40.765  -53.760  -17.505 0.5000000000
13256  -37.794  -56.483  -12.656 0.5000000000
13257  -38.731  -56.487  -12.561 0.5000000000
15814  -39.770  -53.622  -17.667 0.5000000000
15816  -41.665  -54.092  -17.321 0.5000000000
13273  -38.482  -56.447  -13.487 0.5000000000
15827  -38.252  -53.262  -18.517 0.5000000000
15813  -38.881  -53.670  -17.864 0.5000000000
13296  -40.052  -56.648  -14.511 0.5000000000
15828  -39.111  -53.164  -18.569 0.5000000000
15829  -40.146  -53.462  -18.486 0.5000000000
15838  -40.490  -53.704  -19.336 0.4000000060
13292  -36.411  -56.670  -14.500 0.5000000000
13290  -35.124  -56.883  -14.566 0.5000000000
12485  -36.007  -56.922  -15.189 0.5000000000
12511  -36.358  -57.295  -15.955 0.5000000000
12537  -36.640  -57.688  -17.010 0.5000000000
12553  -36.674  -58.177  -18.153 0.4000000060
12569  -37.186  -57.849  -18.842 0.4000000060
11653  -38.955  -58.092  -10.621 0.1000000015
12454  -38.038  -56.890  -11.869 0.5000000000
15785  -39.221  -54.107  -16.960 0.5000000000
15786  -40.227  -54.014  -16.656 0.5000000000
13274  -39.417  -56.494  -13.441 0.5000000000
15812  -38.059  -53.940  -17.940 0.5000000000
15826  -37.346  -53.514  -18.531 0.5000000000
16618  -36.554  -52.915  -18.942 0.5000000000
16619  -37.509  -52.754  -18.986 0.3000000119
16620  -38.342  -52.820  -19.052 0.5000000000
16621  -38.856  -52.932  -19.173 0.4000000060
15837  -39.291  -53.199  -19.402 0.4000000060
15839  -41.388  -54.123  -19.333 0.6999999881
16629  -36.715  -52.071  -19.308 0.3000000119
16630  -37.609  -52.252  -19.533 0.3000000119
16632  -38.909  -52.971  -19.405 0.4000000060
15862  -41.329  -54.460  -20.030 0.6000000238
14131  -41.130  -55.180  -17.956 0.6000000238
13337  -41.295  -55.627  -16.408 0.6000000238
13295  -39.055  -56.735  -14.344 0.5000000000
13270  -35.909  -56.713  -13.849 0.3000000119
16631  -38.538  -52.847  -19.632 0.3000000119
15860  -39.766  -53.945  -20.079 0.4000000060
15861  -40.744  -54.240  -20.073 0.5000000000
14144  -40.924  -55.038  -18.756 0.6000000238
13335  -39.132  -56.613  -16.504 0.6000000238
12488  -38.613  -57.004  -15.109 0.5000000000
12487  -37.760  -57.092  -15.127 0.5000000000
16650  -38.291  -52.952  -20.013 0.4000000060
15859  -38.584  -53.420  -20.213 0.4000000060
15018  -40.771  -54.902  -20.491 0.5000000000
13354  -39.473  -55.873  -17.668 0.5000000000
13334  -38.628  -56.689  -16.827 0.5000000000
12512  -37.267  -57.302  -15.957 0.5000000000
16649  -37.699  -52.664  -20.279 0.4000000060
15858  -38.028  -53.227  -20.474 0.4000000060
15016  -39.195  -54.428  -20.852 0.5000000000
15041  -40.310  -55.054  -21.086 0.5000000000
14155  -40.091  -55.506  -19.799 0.4000000060
13353  -38.309  -56.638  -17.500 0.5000000000
12555  -37.944  -56.976  -17.108 0.5000000000
15884  -38.370  -54.256  -21.044 0.4000000060
14179  -39.920  -55.739  -20.339 0.5000000000
13388  -39.578  -55.860  -20.071 0.4000000060
13352  -37.803  -56.908  -17.943 0.4000000060
12554  -37.388  -57.174  -17.735 0.5000000000
15062  -39.489  -55.585  -22.040 0.5000000000
13408  -39.630  -56.258  -20.883 0.4000000060
13386  -38.003  -56.700  -19.482 0.4000000060
13427  -39.685  -56.333  -21.823 0.3000000119
12605  -39.057  -56.931  -21.116 0.4000000060
12604  -38.615  -57.294  -20.845 0.3000000119
11771  -37.889  -57.835  -20.053 0.3000000119
11633  -39.353  -58.189  -9.708 0.1000000015
10886  -38.309  -59.257  -10.092 0.1000000015
12410  -39.902  -57.429  -10.034 0.1000000015
11654  -39.350  -57.945  -10.250 0.1000000015
12457  -40.237  -56.795  -11.200 0.4000000060
12456  -39.656  -56.862  -11.519 0.4000000060
12430  -38.207  -57.530  -11.279 0.4000000060
12455  -38.884  -56.885  -11.729 0.5000000000
13259  -40.550  -56.415  -12.110 0.4000000060
13258  -39.631  -56.533  -12.434 0.5000000000
15787  -41.220  -54.072  -16.406 0.4000000060
13275  -40.352  -56.376  -13.321 0.5000000000
14981  -37.649  -54.404  -17.459 0.5000000000
14982  -38.205  -54.281  -17.434 0.5000000000
15810  -36.733  -54.203  -18.014 0.5000000000
15811  -37.159  -54.128  -18.029 0.5000000000
13338  -41.952  -55.188  -16.135 0.6000000238
16628  -35.757  -52.198  -19.287 0.4000000060
17396  -35.909  -51.246  -19.432 0.2000000030
17398  -37.250  -52.004  -20.048 0.4000000060
17397  -36.666  -51.443  -19.825 0.3000000119
18195  -36.319  -50.597  -20.262 0.3000000119
17409  -36.815  -51.746  -20.519 0.4000000060
17410  -37.280  -52.125  -20.262 0.4000000060
16648  -37.029  -52.500  -20.748 0.4000000060
15883  -37.730  -53.648  -20.973 0.4000000060
15038  -37.805  -54.637  -21.661 0.4000000060
16676  -36.388  -52.650  -21.340 0.3000000119
15037  -37.326  -54.300  -21.659 0.3000000119
15039  -38.581  -54.951  -21.742 0.4000000060
15060  -37.415  -54.798  -22.042 0.3000000119
14220  -38.104  -55.867  -22.280 0.3000000119
13439  -39.149  -56.511  -22.293 0.4000000060
12629  -38.751  -57.359  -21.488 0.3000000119
14218  -36.965  -54.933  -22.718 0.2000000030
14219  -37.396  -55.258  -22.405 0.2000000030
13438  -38.459  -56.518  -22.363 0.3000000119
14237  -37.071  -55.248  -23.448 0.1000000015
14239  -38.005  -56.367  -22.860 0.2000000030
12645  -38.537  -57.249  -22.283 0.4000000060
15103  -37.217  -54.628  -26.132 0.1000000015
12411  -40.489  -56.794  -10.219 0.1000000015
12433  -40.223  -56.903  -10.625 0.1000000015
13239  -41.009  -56.389  -10.998 0.2000000030
13260  -41.488  -55.917  -12.160 0.5000000000
13276  -41.173  -55.940  -13.130 0.4000000060
15768  -39.395  -54.314  -15.750 0.5000000000
15769  -40.642  -54.171  -15.525 0.4000000060
15770  -41.571  -54.191  -15.268 0.4000000060
15789  -42.433  -54.482  -15.587 0.4000000060
14099  -42.280  -54.935  -15.580 0.5000000000
13298  -41.782  -55.588  -13.921 0.5000000000
14958  -38.344  -54.528  -16.833 0.5000000000
14959  -38.932  -54.387  -16.399 0.4000000060
13320  -41.729  -55.569  -15.196 0.4000000060
15824  -35.157  -53.928  -18.313 0.4000000060
14991  -36.091  -54.348  -17.919 0.4000000060
16627  -34.929  -52.365  -19.177 0.4000000060
15825  -36.343  -53.914  -18.317 0.5000000000
16617  -35.502  -53.086  -18.891 0.4000000060
17391  -34.282  -52.016  -19.122 0.3000000119
17395  -34.872  -51.425  -19.317 0.3000000119
18193  -35.108  -50.372  -19.547 0.2000000030
18194  -35.911  -50.411  -19.860 0.2000000030
19091  -35.264  -49.434  -19.915 0.1000000015
19092  -35.970  -49.507  -20.285 0.1000000015
18207  -36.198  -50.601  -20.837 0.3000000119
19093  -36.150  -50.038  -20.522 0.2000000030
16697  -35.963  -52.662  -22.175 0.2000000030
18224  -35.954  -51.095  -22.036 0.2000000030
15904  -36.195  -53.585  -22.301 0.2000000030
17447  -35.835  -51.346  -22.433 0.2000000030
15903  -35.828  -52.831  -22.957 0.1000000015
15080  -36.482  -54.491  -22.999 0.2000000030
16714  -35.933  -52.021  -23.597 0.1000000015
15922  -36.001  -53.649  -23.438 0.1000000015
15091  -36.372  -54.461  -24.097 0.1000000015
14253  -37.653  -56.088  -24.285 0.1000000015
15933  -36.186  -53.230  -24.549 0.1000000015
15102  -36.667  -54.238  -25.294 0.1000000015
14252  -36.945  -55.189  -24.763 0.1000000015
14272  -36.980  -54.988  -25.532 0.1000000015
15960  -37.488  -54.017  -26.980 0.1000000015
15977  -37.921  -54.400  -27.574 0.1000000015
13224  -41.606  -55.899  -10.355 0.3000000119
13261  -42.075  -55.459  -12.342 0.3000000119
14883  -40.676  -54.373  -11.058 0.3000000119
14884  -41.653  -54.713  -11.438 0.3000000119
14063  -42.171  -55.056  -12.333 0.3000000119
13277  -41.769  -55.579  -12.981 0.3000000119
15712  -40.774  -54.258  -12.665 0.3000000119
15713  -41.559  -54.393  -12.552 0.3000000119
14922  -42.261  -54.657  -14.124 0.5000000000
14082  -42.256  -55.041  -14.592 0.5000000000
15746  -38.874  -54.356  -14.513 0.4000000060
15747  -40.009  -54.332  -14.570 0.5000000000
15748  -41.048  -54.238  -14.439 0.4000000060
14944  -42.410  -54.507  -15.164 0.5000000000
14955  -35.096  -54.662  -16.381 0.4000000060
14940  -36.768  -54.768  -15.910 0.4000000060
14941  -37.799  -54.747  -15.986 0.5000000000
15767  -38.306  -54.494  -15.292 0.5000000000
15822  -33.442  -53.694  -17.727 0.4000000060
15823  -34.070  -53.769  -18.112 0.4000000060
14979  -35.536  -54.603  -17.558 0.4000000060
14956  -36.194  -54.860  -16.694 0.5000000000
16616  -34.319  -52.924  -18.770 0.4000000060
16615  -33.151  -53.025  -18.304 0.4000000060
17394  -33.986  -51.365  -19.203 0.3000000119
18192  -34.042  -50.467  -19.391 0.3000000119
20093  -34.566  -48.424  -19.975 0.1000000015
20094  -35.422  -48.457  -20.155 0.1000000015
20101  -35.967  -48.576  -20.613 0.1000000015
19103  -36.122  -49.470  -20.928 0.2000000030
20102  -36.188  -48.427  -21.404 0.2000000030
19121  -36.161  -49.210  -21.960 0.2000000030
18239  -35.944  -50.742  -22.544 0.1000000015
18240  -36.209  -49.856  -22.788 0.1000000015
17461  -36.212  -51.094  -23.775 0.1000000015
16727  -36.305  -52.133  -24.433 0.1000000015
15944  -36.720  -53.200  -25.482 0.1000000015
17481  -36.769  -51.725  -25.036 0.1000000015
16738  -36.688  -52.363  -25.254 0.1000000015
16749  -37.489  -52.809  -27.036 0.1000000015
17490  -37.466  -52.047  -26.593 0.1000000015
16763  -37.917  -53.517  -27.760 0.1000000015
17504  -38.527  -52.266  -28.095 0.1000000015
16765  -39.329  -52.886  -29.215 0.1000000015
16784  -40.162  -52.905  -30.027 0.1000000015
14842  -40.427  -54.778  -9.446 0.3000000119
14843  -40.978  -54.986  -9.307 0.2000000030
14882  -39.714  -54.311  -10.992 0.3000000119
15711  -39.834  -54.193  -12.698 0.4000000060
15710  -38.786  -54.166  -12.694 0.3000000119
15764  -35.204  -54.276  -15.471 0.3000000119
14939  -35.802  -54.702  -15.872 0.3000000119
15765  -36.209  -54.440  -15.164 0.4000000060
15745  -37.761  -54.282  -14.371 0.4000000060
15781  -33.309  -53.884  -16.780 0.3000000119
15783  -34.666  -54.329  -15.899 0.3000000119
15724  -37.166  -54.024  -13.472 0.4000000060
15709  -37.712  -54.031  -12.651 0.3000000119
16607  -32.164  -52.599  -17.137 0.3000000119
16614  -32.444  -52.682  -17.827 0.3000000119
17388  -31.827  -51.802  -17.913 0.3000000119
17389  -32.329  -51.983  -18.325 0.3000000119
18187  -32.523  -50.828  -18.858 0.3000000119
18188  -33.394  -50.976  -19.159 0.3000000119
18191  -33.149  -50.270  -19.265 0.3000000119
19089  -33.427  -49.448  -19.411 0.2000000030
21098  -33.999  -47.385  -19.703 0.1000000015
22081  -35.221  -46.396  -20.123 0.1000000015
21110  -35.552  -47.480  -20.461 0.1000000015
21111  -36.122  -47.523  -20.989 0.1000000015
20123  -36.593  -48.398  -22.174 0.2000000030
20150  -37.024  -48.507  -22.899 0.1000000015
19152  -36.834  -49.270  -23.238 0.1000000015
18273  -37.041  -50.511  -24.397 0.1000000015
19153  -37.475  -49.333  -23.838 0.1000000015
17474  -37.361  -50.879  -25.109 0.1000000015
18274  -37.543  -50.283  -24.719 0.1000000015
17482  -37.384  -51.401  -25.797 0.1000000015
17483  -38.053  -51.046  -26.432 0.1000000015
16750  -38.087  -52.616  -27.798 0.1000000015
17505  -39.353  -51.897  -28.586 0.1000000015
17492  -39.013  -51.382  -27.729 0.1000000015
18320  -39.385  -51.275  -27.870 0.1000000015
17520  -39.848  -52.639  -29.535 0.1000000015
18321  -40.010  -51.013  -28.031 0.1000000015
17521  -40.572  -52.167  -29.771 0.1000000015
17506  -40.647  -51.422  -28.836 0.1000000015
17532  -40.614  -52.094  -30.618 0.1000000015
14789  -39.418  -55.331  -7.858 0.2000000030
14011  -40.347  -55.415  -8.056 0.2000000030
14815  -39.129  -55.021  -8.408 0.2000000030
14861  -39.182  -54.584  -10.140 0.3000000119
14814  -38.127  -55.012  -8.342 0.2000000030
14840  -38.659  -54.848  -9.254 0.3000000119
15744  -36.658  -54.198  -14.332 0.3000000119
15694  -38.229  -54.126  -11.865 0.3000000119
15763  -34.267  -53.958  -15.535 0.3000000119
15743  -35.563  -53.989  -14.470 0.3000000119
16588  -32.716  -53.172  -16.489 0.3000000119
15723  -36.010  -53.898  -13.523 0.3000000119
15708  -36.576  -53.994  -12.459 0.3000000119
15692  -36.793  -54.152  -11.956 0.2000000030
15693  -37.250  -54.133  -11.917 0.2000000030
16586  -31.813  -51.976  -16.693 0.2000000030
16606  -31.908  -52.197  -16.848 0.2000000030
17379  -31.719  -51.799  -17.258 0.3000000119
18186  -31.627  -51.040  -18.069 0.3000000119
19086  -32.571  -49.582  -19.076 0.3000000119
20091  -32.855  -48.527  -19.235 0.2000000030
20092  -33.703  -48.433  -19.612 0.1000000015
21097  -33.213  -47.410  -19.249 0.1000000015
22080  -34.292  -46.113  -19.493 0.1000000015
22994  -35.276  -45.202  -19.551 0.1000000015
23833  -34.924  -44.660  -18.391 0.1000000015
23816  -36.413  -44.041  -17.430 0.1000000015
23846  -35.953  -44.343  -19.306 0.1000000015
24628  -37.743  -43.642  -18.249 0.1000000015
23818  -38.060  -43.836  -17.142 0.1000000015
23773  -39.925  -44.592  -15.964 0.1000000015
23005  -35.698  -45.847  -20.264 0.1000000015
23006  -36.511  -45.388  -20.610 0.1000000015
23848  -37.959  -44.099  -19.755 0.1000000015
24639  -37.777  -43.758  -19.037 0.1000000015
23819  -39.814  -43.967  -17.427 0.1000000015
22094  -36.512  -46.606  -21.160 0.1000000015
21125  -36.712  -47.507  -21.704 0.2000000030
21150  -37.117  -47.793  -22.475 0.1000000015
20151  -37.441  -48.013  -22.895 0.1000000015
20169  -37.262  -48.873  -23.332 0.1000000015
19154  -38.042  -48.946  -23.905 0.1000000015
19172  -37.631  -49.718  -24.320 0.1000000015
18275  -38.206  -49.988  -25.031 0.1000000015
18288  -38.388  -50.419  -25.841 0.1000000015
18303  -38.410  -50.923  -26.712 0.1000000015
18304  -39.171  -50.823  -27.160 0.1000000015
14837  -35.384  -55.051  -9.260 0.2000000030
14839  -37.625  -55.012  -9.279 0.2000000030
14860  -38.171  -54.799  -10.219 0.3000000119
14881  -38.707  -54.397  -11.033 0.3000000119
14836  -34.217  -54.890  -9.272 0.2000000030
14859  -37.091  -54.954  -10.336 0.2000000030
14880  -37.674  -54.547  -11.180 0.3000000119
16573  -33.686  -53.379  -15.073 0.3000000119
15742  -34.586  -53.662  -14.756 0.3000000119
15722  -34.709  -53.583  -13.713 0.3000000119
15707  -35.385  -53.895  -12.765 0.3000000119
16572  -32.795  -52.891  -15.497 0.3000000119
16559  -33.905  -53.317  -14.295 0.3000000119
17360  -31.879  -51.857  -15.755 0.2000000030
16571  -32.225  -52.275  -15.484 0.3000000119
14879  -36.560  -54.464  -11.471 0.2000000030
17359  -31.627  -51.549  -16.386 0.2000000030
18175  -31.337  -50.797  -17.040 0.2000000030
19074  -31.342  -49.838  -17.605 0.3000000119
19085  -31.849  -49.822  -18.466 0.3000000119
20085  -31.584  -49.003  -17.991 0.2000000030
21096  -32.567  -47.780  -18.838 0.2000000030
21087  -32.807  -47.065  -18.631 0.2000000030
22979  -33.881  -45.629  -18.636 0.1000000015
23007  -37.780  -45.117  -20.951 0.1000000015
24641  -39.056  -43.947  -19.302 0.1000000015
23850  -39.633  -44.307  -19.350 0.1000000015
23023  -37.404  -45.899  -21.389 0.1000000015
23008  -38.799  -45.062  -20.936 0.1000000015
23863  -40.032  -44.827  -20.069 0.1000000015
22105  -37.086  -46.617  -21.682 0.1000000015
22106  -37.948  -46.565  -22.125 0.1000000015
23025  -39.328  -45.589  -21.484 0.1000000015
21126  -37.311  -47.141  -22.203 0.1000000015
22130  -38.146  -46.928  -22.489 0.1000000015
22131  -38.590  -46.842  -22.532 0.1000000015
21152  -39.108  -47.344  -23.103 0.1000000015
21151  -37.962  -47.409  -22.769 0.1000000015
20170  -37.777  -48.425  -23.390 0.1000000015
21176  -38.513  -47.908  -23.408 0.1000000015
21177  -39.179  -47.977  -23.601 0.1000000015
19173  -38.221  -49.421  -24.492 0.1000000015
14809  -32.866  -54.272  -8.713 0.3000000119
14856  -33.757  -54.885  -10.442 0.3000000119
14857  -34.835  -54.988  -10.349 0.3000000119
14858  -35.960  -54.944  -10.354 0.2000000030
14877  -34.355  -54.797  -11.369 0.3000000119
14878  -35.398  -54.718  -11.329 0.3000000119
16558  -33.119  -52.934  -14.556 0.3000000119
15720  -32.967  -53.400  -13.238 0.3000000119
14894  -33.900  -54.448  -12.226 0.3000000119
14895  -34.871  -54.395  -12.149 0.3000000119
17347  -31.812  -51.953  -15.156 0.2000000030
16546  -32.335  -52.901  -13.850 0.3000000119
16536  -32.404  -53.376  -13.185 0.3000000119
17346  -31.490  -51.290  -15.597 0.2000000030
18155  -31.289  -50.729  -16.179 0.2000000030
20069  -31.251  -48.611  -17.173 0.3000000119
20070  -31.662  -48.177  -17.855 0.2000000030
21086  -32.224  -47.427  -18.094 0.2000000030
20172  -39.695  -48.325  -24.000 0.1000000015
19174  -39.096  -49.361  -24.808 0.1000000015
19193  -38.671  -49.812  -25.098 0.1000000015
15639  -31.842  -53.577  -7.442 0.1000000015
15656  -31.393  -53.567  -8.275 0.2000000030
15657  -32.433  -53.911  -8.223 0.3000000119
15675  -32.399  -54.294  -9.104 0.3000000119
14834  -32.148  -54.542  -9.963 0.3000000119
14855  -32.774  -54.755  -10.695 0.3000000119
15705  -33.413  -53.910  -12.772 0.3000000119
14875  -32.520  -54.383  -11.771 0.3000000119
17323  -31.639  -52.643  -14.046 0.3000000119
16535  -31.840  -53.388  -13.104 0.3000000119
15704  -32.451  -54.010  -12.657 0.3000000119
17322  -31.084  -52.383  -14.172 0.2000000030
17336  -31.077  -51.478  -14.826 0.2000000030
18141  -30.962  -50.347  -15.468 0.1000000015
19061  -31.040  -49.708  -16.500 0.2000000030
18140  -30.560  -49.738  -15.347 0.1000000015
20057  -30.971  -48.386  -16.164 0.2000000030
21070  -31.242  -47.928  -16.681 0.3000000119
15674  -31.544  -54.037  -9.240 0.3000000119
15685  -31.355  -54.322  -10.427 0.3000000119
14874  -31.972  -54.290  -11.599 0.3000000119
16534  -30.920  -53.322  -12.873 0.3000000119
15703  -31.535  -53.832  -12.389 0.3000000119
16544  -30.468  -52.699  -13.514 0.2000000030
17321  -30.282  -51.900  -14.185 0.2000000030
18131  -30.176  -50.154  -14.973 0.1000000015
19051  -30.723  -49.287  -15.697 0.1000000015
15684  -30.661  -53.934  -9.896 0.3000000119
15683  -30.127  -53.524  -9.512 0.2000000030
15689  -30.625  -54.060  -10.961 0.3000000119
15690  -31.417  -54.207  -11.521 0.3000000119
16533  -29.696  -53.081  -12.410 0.2000000030
16543  -29.529  -52.286  -13.552 0.2000000030
17319  -28.348  -51.286  -13.478 0.1000000015
16542  -28.946  -51.847  -13.582 0.1000000015
17320  -29.371  -51.279  -14.113 0.1000000015
17334  -29.756  -50.674  -14.560 0.1000000015
18113  -28.857  -50.723  -13.986 0.1000000015
18130  -29.268  -50.150  -14.418 0.1000000015
19050  -30.301  -49.203  -15.216 0.1000000015
16523  -29.482  -53.267  -9.876 0.2000000030
16529  -29.291  -53.321  -11.028 0.2000000030
15688  -29.980  -53.720  -10.439 0.2000000030
15701  -30.030  -53.630  -11.379 0.2000000030
16528  -28.311  -52.596  -11.637 0.1000000015
16532  -28.699  -52.313  -12.947 0.2000000030
17310  -27.892  -51.996  -12.479 0.1000000015
19036  -29.127  -49.190  -14.404 0.1000000015
19037  -29.694  -49.260  -14.834 0.1000000015
17318  -27.795  -50.508  -13.454 0.1000000015
18112  -28.446  -50.115  -13.913 0.1000000015
18098  -27.273  -50.054  -13.296 0.1000000015
19012  -27.607  -49.318  -13.495 0.1000000015
19013  -28.153  -49.341  -13.736 0.1000000015
15831  -41.807  -54.135  -18.402 0.4000000060
15830  -41.157  -53.736  -18.428 0.5000000000
15788  -41.765  -54.116  -16.053 0.4000000060
13272  -37.566  -56.485  -13.580 0.5000000000
14960  -41.945  -54.317  -16.929 0.4000000060
14158  -41.793  -54.724  -18.655 0.5000000000
14146  -41.912  -54.723  -18.046 0.6000000238
13271  -36.715  -56.608  -13.721 0.3000000119
13269  -35.148  -56.871  -14.048 0.5000000000
13319  -40.794  -56.249  -15.440 0.5000000000
12452  -36.059  -57.236  -12.419 0.5000000000
13293  -37.274  -56.686  -14.430 0.4000000060
12538  -37.629  -57.177  -16.682 0.5000000000
11725  -36.184  -58.354  -17.764 0.4000000060
13371  -37.733  -56.889  -18.558 0.4000000060
12582  -37.724  -57.492  -19.516 0.4000000060
12432  -39.598  -57.334  -10.740 0.2000000030
14983  -42.039  -54.471  -17.577 0.4000000060
15836  -38.841  -53.097  -19.751 0.3000000119
14997  -41.613  -54.610  -19.602 0.6000000238
15019  -41.300  -54.733  -20.085 0.6000000238
13355  -40.689  -55.615  -17.361 0.6000000238
13356  -41.396  -55.334  -17.272 0.6000000238
14113  -41.836  -55.102  -16.907 0.6000000238
13318  -39.815  -56.689  -15.670 0.5000000000
13294  -38.161  -56.705  -14.360 0.5000000000
15017  -40.142  -54.621  -20.720 0.5000000000
14130  -40.326  -55.343  -18.311 0.6000000238
14156  -40.715  -55.110  -19.566 0.5000000000
12514  -38.956  -56.956  -15.872 0.5000000000
13336  -40.254  -56.182  -16.522 0.5000000000
12513  -38.148  -57.146  -15.864 0.5000000000
12515  -39.405  -56.881  -15.642 0.5000000000
14180  -40.385  -55.501  -20.448 0.5000000000
13373  -39.530  -55.652  -19.122 0.4000000060
14143  -40.320  -55.289  -19.119 0.5000000000
12539  -38.459  -56.881  -16.556 0.5000000000
16677  -37.093  -53.058  -20.906 0.3000000119
14203  -40.195  -55.605  -21.254 0.5000000000
13372  -38.553  -56.227  -18.736 0.4000000060
15040  -39.684  -55.150  -21.557 0.5000000000
13409  -40.160  -55.908  -20.997 0.4000000060
13387  -38.803  -56.395  -20.063 0.4000000060
14221  -39.179  -56.021  -22.328 0.4000000060
14202  -39.772  -55.738  -21.919 0.4000000060
13407  -39.011  -56.697  -20.751 0.4000000060
13297  -41.035  -56.089  -14.257 0.5000000000
14980  -36.647  -54.505  -17.640 0.5000000000
14114  -42.262  -54.752  -16.558 0.5000000000
17432  -36.125  -51.447  -21.440 0.3000000119
15882  -36.826  -53.715  -21.462 0.3000000119
15059  -36.939  -54.488  -22.211 0.3000000119
14200  -37.562  -55.022  -22.108 0.3000000119
14238  -37.852  -55.816  -23.079 0.2000000030
13452  -37.828  -56.711  -22.503 0.2000000030
14254  -37.996  -56.272  -23.468 0.2000000030
14273  -37.239  -55.720  -25.861 0.1000000015
15750  -42.224  -54.457  -14.533 0.4000000060
14961  -42.394  -54.488  -16.105 0.5000000000
14957  -37.265  -54.746  -16.762 0.5000000000
15809  -34.673  -54.284  -17.733 0.4000000060
19090  -34.356  -49.431  -19.676 0.1000000015
19102  -36.050  -49.177  -20.547 0.2000000030
18225  -36.002  -50.327  -21.766 0.2000000030
16675  -35.970  -52.093  -21.878 0.2000000030
16696  -35.777  -51.991  -22.568 0.1000000015
17460  -35.872  -51.287  -23.030 0.1000000015
15921  -35.957  -52.829  -23.788 0.1000000015
15932  -36.073  -52.671  -24.201 0.1000000015
16715  -36.288  -51.574  -24.107 0.1000000015
15945  -37.065  -53.580  -26.194 0.1000000015
14053  -42.135  -55.132  -11.590 0.3000000119
14862  -40.132  -54.504  -10.151 0.3000000119
14864  -41.515  -55.026  -10.070 0.3000000119
15697  -41.028  -54.347  -11.898 0.3000000119
14052  -41.930  -55.284  -10.716 0.3000000119
14898  -42.040  -54.734  -12.304 0.3000000119
14921  -42.103  -54.500  -13.518 0.3000000119
15728  -41.322  -54.289  -13.460 0.3000000119
15727  -40.435  -54.279  -13.569 0.3000000119
15696  -40.240  -54.226  -11.848 0.3000000119
15749  -41.901  -54.339  -14.208 0.3000000119
15725  -38.279  -54.206  -13.539 0.4000000060
15726  -39.387  -54.288  -13.592 0.4000000060
14978  -34.739  -54.511  -17.160 0.4000000060
15766  -37.260  -54.534  -15.146 0.4000000060
14954  -34.459  -54.493  -16.788 0.4000000060
17390  -33.371  -51.917  -18.913 0.3000000119
21099  -34.822  -47.357  -20.049 0.1000000015
18256  -36.092  -50.594  -23.236 0.1000000015
18257  -36.780  -50.176  -23.896 0.1000000015
17473  -36.817  -51.067  -24.603 0.1000000015
16739  -37.010  -52.530  -26.124 0.1000000015
17491  -38.220  -51.645  -27.255 0.1000000015
14816  -40.240  -55.111  -8.461 0.2000000030
14841  -39.650  -54.776  -9.277 0.2000000030
14013  -41.070  -55.693  -8.636 0.2000000030
15695  -39.260  -54.182  -11.846 0.3000000119
15762  -33.421  -53.669  -15.911 0.3000000119
22093  -35.924  -46.535  -20.613 0.1000000015
19135  -36.471  -48.999  -22.647 0.1000000015
18287  -37.652  -50.729  -25.374 0.1000000015
16587  -32.136  -52.309  -16.273 0.3000000119
22079  -33.642  -46.718  -19.402 0.1000000015
22993  -34.606  -45.450  -19.300 0.1000000015
22981  -34.969  -44.778  -18.844 0.1000000015
23834  -35.485  -44.315  -18.582 0.1000000015
23835  -36.386  -43.816  -18.653 0.1000000015
24613  -37.629  -43.709  -17.590 0.1000000015
24627  -37.052  -43.721  -18.016 0.1000000015
22995  -36.105  -44.710  -19.821 0.1000000015
23847  -36.842  -44.117  -19.653 0.1000000015
24638  -37.134  -43.696  -18.742 0.1000000015
24614  -38.405  -43.617  -17.664 0.1000000015
24615  -39.150  -43.732  -17.999 0.1000000015
23792  -39.341  -44.101  -16.626 0.1000000015
24640  -38.548  -43.834  -19.207 0.1000000015
23860  -37.465  -44.591  -20.320 0.1000000015
24630  -39.144  -43.832  -18.795 0.1000000015
23836  -39.829  -44.082  -18.332 0.1000000015
23793  -40.489  -44.446  -16.696 0.1000000015
23022  -36.854  -46.111  -21.244 0.1000000015
14838  -36.529  -55.116  -9.286 0.2000000030
16547  -33.341  -53.224  -13.857 0.3000000119
15706  -34.353  -53.830  -12.792 0.3000000119
15721  -33.790  -53.489  -13.355 0.3000000119
14896  -35.753  -54.213  -12.021 0.3000000119
16557  -32.365  -52.512  -14.826 0.3000000119
20086  -32.057  -48.590  -18.639 0.2000000030
22066  -33.393  -46.192  -18.753 0.1000000015
22067  -33.941  -45.727  -18.950 0.1000000015
23861  -38.345  -44.527  -20.378 0.1000000015
23862  -39.259  -44.556  -20.274 0.1000000015
23837  -40.406  -44.617  -18.684 0.1000000015
23024  -38.344  -45.680  -21.566 0.1000000015
20190  -38.848  -49.024  -24.469 0.1000000015
14835  -33.087  -54.611  -9.456 0.3000000119
14810  -33.580  -54.313  -8.114 0.3000000119
14876  -33.372  -54.719  -11.500 0.3000000119
14893  -33.035  -54.371  -12.264 0.3000000119
17337  -31.720  -52.349  -14.511 0.3000000119
15623  -32.069  -53.827  -6.502 0.1000000015
14854  -32.015  -54.448  -11.007 0.3000000119
16545  -31.386  -52.892  -13.603 0.3000000119
18132  -30.625  -50.769  -15.017 0.1000000015
15673  -30.569  -53.508  -8.896 0.3000000119
17335  -30.204  -51.071  -14.671 0.1000000015
15702  -30.686  -53.729  -11.952 0.3000000119
16522  -28.665  -52.935  -10.306 0.2000000030
17301  -27.879  -52.174  -11.941 0.1000000015
18129  -28.857  -49.668  -14.222 0.1000000015
18111  -27.823  -49.887  -13.634 0.1000000015
12469  -34.409  -57.200  -13.589 0.3000000119
10948  -32.007  -59.362  -13.848 0.3000000119
12467  -33.136  -58.249  -13.501 0.3000000119
5866  -29.889  -66.498  -17.341 0.2000000030
3913  -28.972  -69.154  -18.310 0.2000000030
10106  -31.783  -60.758  -13.988 0.4000000060
8581  -30.707  -62.022  -14.808 0.3000000119
12481  -32.635  -57.933  -14.080 0.4000000060
9299  -30.970  -61.622  -14.616 0.3000000119
7868  -30.541  -63.533  -15.363 0.3000000119
12482  -33.530  -57.257  -14.360 0.4000000060
10117  -30.146  -60.427  -14.828 0.4000000060
7887  -30.157  -63.908  -15.793 0.3000000119
5886  -29.523  -67.027  -17.832 0.2000000030
12506  -31.908  -57.804  -14.867 0.4000000060
11690  -31.252  -58.554  -14.648 0.4000000060
8592  -29.087  -62.431  -15.838 0.4000000060
12507  -32.711  -57.320  -15.073 0.4000000060
12484  -35.229  -56.908  -15.073 0.4000000060
9312  -29.343  -61.353  -15.407 0.4000000060
7886  -29.383  -63.652  -16.117 0.3000000119
5865  -29.140  -66.226  -17.626 0.3000000119
10957  -30.086  -59.682  -14.938 0.4000000060
7187  -28.965  -65.066  -17.201 0.4000000060
12509  -34.646  -57.051  -15.651 0.4000000060
10956  -29.470  -59.283  -15.747 0.4000000060
7885  -28.571  -63.568  -16.610 0.3000000119
12536  -35.765  -57.648  -16.548 0.4000000060
12532  -32.058  -57.534  -15.638 0.4000000060
11702  -30.345  -58.679  -15.384 0.4000000060
10115  -28.705  -60.282  -15.999 0.4000000060
12535  -34.987  -57.464  -16.391 0.4000000060
9322  -28.086  -61.247  -16.444 0.3000000119
11721  -31.786  -57.754  -16.496 0.4000000060
11719  -29.793  -58.608  -16.295 0.4000000060
11722  -32.646  -57.772  -17.020 0.4000000060
11734  -31.189  -58.193  -17.217 0.4000000060
11733  -30.319  -58.412  -17.036 0.4000000060
10975  -29.171  -59.043  -16.474 0.4000000060
9321  -27.633  -61.726  -16.900 0.3000000119
12552  -34.712  -57.781  -16.936 0.4000000060
10992  -29.499  -58.917  -17.456 0.4000000060
10974  -28.683  -59.508  -16.801 0.4000000060
10125  -27.954  -60.246  -17.024 0.3000000119
8613  -26.874  -62.411  -17.791 0.2000000030
11724  -35.783  -58.162  -17.295 0.3000000119
12550  -33.478  -57.780  -17.092 0.4000000060
12551  -34.253  -57.933  -17.188 0.4000000060
11736  -33.107  -58.400  -17.612 0.4000000060
10993  -30.736  -58.711  -17.835 0.4000000060
10991  -28.582  -59.742  -17.778 0.4000000060
9334  -27.164  -61.546  -17.559 0.2000000030
9333  -26.779  -61.783  -18.198 0.2000000030
7906  -26.201  -63.509  -18.816 0.3000000119
11738  -34.992  -58.519  -17.533 0.3000000119
11737  -34.022  -58.568  -17.648 0.3000000119
11009  -29.416  -59.662  -18.404 0.3000000119
9352  -27.278  -61.103  -18.519 0.2000000030
10152  -27.700  -60.519  -18.253 0.2000000030
8626  -26.371  -62.612  -18.757 0.2000000030
7205  -25.810  -65.058  -19.830 0.2000000030
11739  -35.793  -58.932  -17.814 0.3000000119
10994  -31.782  -58.744  -17.943 0.4000000060
9353  -27.844  -60.646  -18.685 0.1000000015
12568  -36.784  -58.384  -18.713 0.3000000119
10998  -35.412  -59.650  -17.920 0.3000000119
11013  -33.063  -59.607  -18.188 0.2000000030
10156  -31.501  -60.307  -18.797 0.2000000030
8643  -26.403  -62.626  -19.533 0.1000000015
7216  -25.503  -64.951  -20.447 0.2000000030
9336  -34.920  -61.003  -18.076 0.2000000030
10158  -33.393  -60.427  -18.337 0.2000000030
9355  -31.580  -61.173  -19.135 0.1000000015
9369  -28.406  -61.043  -19.276 0.1000000015
8659  -26.311  -63.056  -20.105 0.1000000015
7935  -25.754  -64.127  -20.570 0.1000000015
11770  -37.484  -58.405  -19.900 0.2000000030
11014  -36.463  -59.778  -18.478 0.3000000119
10144  -35.714  -60.360  -18.073 0.3000000119
11793  -38.032  -58.112  -20.677 0.2000000030
11754  -36.934  -58.638  -19.090 0.3000000119
10161  -36.071  -60.662  -18.404 0.2000000030
9356  -32.665  -61.255  -18.836 0.1000000015
9370  -29.737  -61.402  -19.664 0.1000000015
8660  -26.923  -62.774  -20.439 0.1000000015
7936  -26.282  -63.408  -20.613 0.1000000015
11792  -37.682  -58.690  -20.661 0.2000000030
11015  -36.794  -59.573  -18.940 0.2000000030
10162  -36.583  -60.310  -18.786 0.2000000030
9359  -35.342  -61.397  -18.335 0.1000000015
10159  -34.193  -61.176  -18.261 0.1000000015
9371  -30.741  -61.759  -19.610 0.1000000015
8661  -27.912  -62.505  -20.513 0.1000000015
7950  -26.712  -63.559  -21.277 0.1000000015
6587  -24.829  -66.020  -22.380 0.1000000015
11034  -37.051  -59.394  -19.672 0.1000000015
9360  -35.904  -61.180  -18.613 0.2000000030
8652  -35.132  -61.931  -18.590 0.1000000015
8628  -33.351  -62.185  -18.942 0.1000000015
8648  -31.481  -62.590  -19.895 0.1000000015
7938  -28.585  -62.693  -20.751 0.1000000015
7952  -28.283  -63.105  -21.146 0.1000000015
7243  -25.922  -64.877  -22.368 0.1000000015
5289  -24.256  -67.157  -22.847 0.1000000015
8629  -34.217  -62.319  -18.589 0.1000000015
7921  -32.213  -63.113  -19.906 0.1000000015
8664  -30.793  -62.844  -20.322 0.1000000015
6590  -26.677  -65.187  -23.006 0.1000000015
6603  -25.556  -65.770  -23.075 0.1000000015
7953  -29.702  -63.495  -21.294 0.1000000015
21071  -31.641  -47.398  -17.026 0.2000000030
11818  -38.215  -58.001  -21.737 0.2000000030
11054  -37.252  -59.085  -20.573 0.1000000015
10180  -36.138  -60.877  -19.054 0.1000000015
11033  -36.526  -60.016  -19.698 0.1000000015
9376  -35.370  -61.662  -18.866 0.1000000015
8649  -32.591  -62.547  -19.446 0.1000000015
7230  -26.404  -64.147  -21.788 0.1000000015
7939  -29.297  -62.857  -20.859 0.1000000015
10105  -30.881  -60.520  -14.494 0.3000000119
11691  -32.017  -58.822  -13.906 0.4000000060
6515  -29.936  -65.304  -16.691 0.3000000119
8593  -30.240  -62.472  -15.164 0.3000000119
9313  -30.261  -61.241  -14.936 0.3000000119
6532  -29.475  -65.603  -17.165 0.3000000119
11689  -30.753  -58.785  -14.889 0.4000000060
8604  -28.813  -63.015  -16.264 0.3000000119
12508  -33.685  -57.099  -15.400 0.4000000060
10116  -29.593  -60.339  -15.240 0.4000000060
8591  -28.447  -61.874  -16.101 0.3000000119
12533  -32.871  -57.361  -16.195 0.4000000060
11735  -32.173  -58.192  -17.447 0.4000000060
10139  -27.516  -60.713  -17.695 0.2000000030
7898  -26.535  -62.962  -18.204 0.2000000030
10995  -32.710  -58.948  -17.997 0.3000000119
11010  -30.471  -59.465  -18.446 0.2000000030
7920  -25.961  -63.588  -19.844 0.2000000030
11740  -36.280  -59.020  -18.186 0.3000000119
10997  -34.622  -59.567  -17.909 0.3000000119
10154  -29.164  -60.217  -18.796 0.2000000030
9368  -27.322  -61.609  -19.367 0.1000000015
11012  -32.477  -59.531  -18.303 0.4000000060
10143  -35.178  -60.538  -18.025 0.2000000030
10157  -32.320  -60.204  -18.531 0.2000000030
10175  -29.437  -60.741  -19.260 0.1000000015
10176  -30.240  -61.129  -19.382 0.1000000015
8644  -27.166  -62.160  -19.914 0.1000000015
8646  -29.208  -61.850  -20.009 0.1000000015
8673  -27.406  -63.013  -20.904 0.1000000015
7229  -25.444  -64.720  -21.403 0.1000000015
9358  -34.554  -61.752  -18.286 0.1000000015
9372  -31.630  -61.893  -19.430 0.1000000015
8663  -29.831  -62.535  -20.421 0.1000000015
6588  -25.224  -65.623  -22.611 0.1000000015
5952  -25.172  -66.391  -23.347 0.1000000015
8651  -34.783  -62.296  -18.842 0.1000000015
10925  -36.188  -59.322  -11.845 0.3000000119
10083  -34.945  -60.509  -12.477 0.2000000030
9287  -34.164  -61.610  -12.962 0.3000000119
10094  -33.772  -60.876  -13.037 0.2000000030
12429  -37.521  -57.544  -11.541 0.4000000060
10924  -35.254  -59.504  -12.254 0.3000000119
8562  -33.166  -62.190  -13.595 0.2000000030
12453  -37.109  -57.003  -12.013 0.4000000060
10923  -34.342  -59.615  -12.666 0.2000000030
9285  -32.748  -61.581  -13.633 0.2000000030
7844  -32.915  -63.024  -13.923 0.1000000015
8583  -32.511  -62.375  -14.025 0.2000000030
7843  -32.546  -63.561  -14.268 0.1000000015
11671  -34.549  -58.654  -12.586 0.3000000119
7129  -32.449  -64.666  -14.163 0.1000000015
7151  -32.069  -65.155  -14.850 0.1000000015
6497  -31.509  -65.961  -15.693 0.1000000015
7128  -32.108  -64.383  -14.811 0.1000000015
7150  -31.550  -65.102  -15.446 0.1000000015
4528  -30.165  -67.766  -16.597 0.1000000015
5188  -30.973  -66.983  -16.356 0.1000000015
5849  -31.246  -66.431  -16.179 0.1000000015
4547  -28.968  -68.688  -17.346 0.1000000015
4549  -30.234  -67.907  -16.954 0.1000000015
10093  -32.893  -60.693  -13.422 0.2000000030
8582  -31.413  -62.730  -14.628 0.2000000030
7842  -31.883  -63.687  -14.654 0.2000000030
7869  -31.322  -63.900  -15.046 0.2000000030
4548  -29.677  -68.387  -17.397 0.1000000015
4546  -28.095  -68.868  -17.569 0.1000000015
12451  -34.992  -57.650  -12.767 0.2000000030
11682  -33.675  -58.659  -13.048 0.3000000119
10107  -32.328  -60.974  -13.693 0.2000000030
7170  -30.879  -65.131  -15.960 0.2000000030
5211  -30.624  -67.353  -16.995 0.1000000015
9300  -31.627  -61.584  -14.283 0.3000000119
13254  -36.186  -56.775  -13.178 0.2000000030
6516  -30.562  -65.551  -16.404 0.2000000030
5867  -30.532  -66.718  -17.029 0.1000000015
3894  -27.718  -69.723  -18.064 0.1000000015
3896  -29.230  -68.868  -17.851 0.1000000015
5232  -29.843  -67.639  -17.842 0.1000000015
3317  -26.732  -70.341  -18.237 0.1000000015
11683  -34.171  -57.898  -13.016 0.2000000030
3932  -28.750  -69.288  -18.711 0.1000000015
4565  -29.155  -68.357  -18.649 0.1000000015
3331  -26.348  -70.915  -18.497 0.1000000015
3332  -27.297  -70.387  -18.601 0.1000000015
12470  -35.414  -56.986  -13.246 0.2000000030
5231  -29.098  -67.721  -18.450 0.1000000015
4581  -28.866  -68.757  -18.981 0.1000000015
5230  -28.495  -67.273  -18.595 0.1000000015
2831  -24.932  -71.561  -18.602 0.1000000015
3333  -27.862  -70.085  -18.975 0.1000000015
3930  -27.745  -69.867  -19.590 0.1000000015
7186  -28.326  -64.604  -17.288 0.3000000119
2857  -26.769  -71.024  -19.373 0.1000000015
11673  -36.726  -58.151  -11.760 0.3000000119
11672  -35.595  -58.384  -12.180 0.2000000030
10092  -32.170  -60.274  -13.738 0.3000000119
5233  -30.303  -67.572  -17.509 0.1000000015
3911  -27.775  -69.981  -18.387 0.1000000015
8594  -30.896  -63.164  -15.061 0.2000000030
10936  -33.472  -59.757  -13.063 0.3000000119
5848  -30.822  -66.259  -16.546 0.1000000015
3330  -25.632  -71.003  -18.425 0.1000000015
3350  -27.369  -70.466  -19.349 0.1000000015
3329  -24.919  -70.752  -18.585 0.1000000015
2833  -26.423  -71.324  -18.953 0.1000000015
6550  -28.466  -65.890  -17.845 0.2000000030
3956  -26.721  -70.095  -20.142 0.1000000015
2882  -25.711  -71.360  -20.136 0.1000000015
3955  -25.918  -69.972  -20.433 0.2000000030
2432  -24.397  -72.434  -20.332 0.1000000015
5249  -27.191  -68.150  -19.736 0.2000000030
4579  -27.060  -68.839  -19.949 0.2000000030
3370  -25.353  -70.763  -20.517 0.2000000030
5271  -26.269  -68.065  -20.260 0.1000000015
2452  -24.292  -72.035  -20.591 0.1000000015
4602  -25.511  -68.941  -20.646 0.2000000030
5921  -26.082  -67.359  -20.129 0.1000000015
5884  -28.010  -66.811  -18.604 0.2000000030
5906  -27.234  -66.469  -18.960 0.1000000015
3954  -24.933  -69.869  -20.760 0.1000000015
7185  -27.631  -64.701  -17.821 0.2000000030
6549  -27.614  -65.671  -18.325 0.2000000030
5905  -26.479  -67.020  -19.766 0.1000000015
5270  -25.382  -67.939  -20.745 0.1000000015
6564  -26.968  -65.708  -18.859 0.1000000015
5904  -25.899  -66.652  -20.075 0.1000000015
7884  -27.911  -63.173  -16.952 0.2000000030
7200  -26.871  -64.320  -18.319 0.2000000030
5920  -25.569  -66.951  -20.462 0.1000000015
6563  -26.398  -65.667  -19.367 0.1000000015
8602  -27.459  -62.469  -17.164 0.2000000030
7206  -26.062  -64.470  -19.327 0.1000000015
4614  -24.831  -68.345  -21.016 0.1000000015
5250  -28.095  -67.717  -19.127 0.1000000015
4604  -27.250  -69.578  -19.923 0.1000000015
11651  -37.625  -58.387  -11.279 0.2000000030
9271  -34.765  -61.383  -12.431 0.1000000015
14844  -41.365  -55.273  -9.256 0.2000000030
12377  -40.317  -56.998  -8.778 0.1000000015
14811  -34.849  -54.733  -8.168 0.1000000015
13977  -38.232  -55.697  -7.035 0.1000000015
13991  -39.015  -55.781  -7.398 0.1000000015
14813  -37.107  -54.996  -8.298 0.1000000015
14788  -38.526  -55.247  -7.564 0.1000000015
14783  -33.824  -54.223  -7.426 0.2000000030
14784  -34.354  -54.341  -7.101 0.1000000015
13146  -36.541  -56.200  -6.524 0.1000000015
14785  -35.593  -54.703  -7.271 0.1000000015
14772  -36.277  -55.101  -6.682 0.1000000015
14773  -37.198  -55.193  -6.865 0.1000000015
13976  -37.625  -55.649  -6.761 0.1000000015
13223  -40.964  -56.400  -9.947 0.1000000015
14787  -37.609  -55.045  -7.512 0.1000000015
14812  -36.018  -54.962  -8.233 0.1000000015
15658  -33.049  -54.030  -7.648 0.2000000030
13189  -41.124  -56.025  -8.913 0.1000000015
13167  -38.313  -56.346  -7.166 0.1000000015
13147  -37.488  -56.097  -6.693 0.1000000015
14786  -36.660  -54.918  -7.402 0.1000000015
14771  -35.197  -54.916  -6.445 0.1000000015
10906  -37.011  -59.302  -11.395 0.1000000015
16510  -29.031  -52.689  -9.118 0.1000000015
16498  -29.844  -52.775  -8.226 0.1000000015
16495  -30.574  -53.001  -7.584 0.1000000015
16479  -30.494  -53.133  -6.457 0.1000000015
16512  -30.288  -53.265  -8.740 0.1000000015
16499  -30.369  -53.095  -8.443 0.1000000015
16497  -29.173  -52.328  -7.982 0.1000000015
16493  -29.091  -52.419  -6.912 0.1000000015
16477  -29.003  -52.559  -5.863 0.1000000015
16457  -29.586  -52.886  -5.207 0.1000000015
16478  -29.704  -52.840  -6.184 0.1000000015
16445  -29.996  -53.194  -4.649 0.1000000015
16443  -28.649  -52.543  -4.373 0.1000000015
17263  -28.446  -52.029  -7.626 0.1000000015
17243  -28.363  -52.170  -6.525 0.1000000015
16444  -29.361  -52.939  -4.351 0.1000000015
17278  -28.377  -52.368  -9.271 0.1000000015
16509  -28.323  -52.560  -9.747 0.1000000015
17228  -27.577  -51.800  -5.087 0.1000000015
17229  -28.342  -52.231  -5.308 0.1000000015
17262  -27.701  -51.745  -7.236 0.1000000015
22044  -32.468  -46.588  -17.231 0.1000000015
22045  -33.309  -45.930  -17.452 0.1000000015
17277  -27.740  -52.070  -9.609 0.1000000015
16521  -27.982  -52.525  -10.523 0.1000000015
22065  -32.809  -46.619  -18.058 0.1000000015
22023  -32.045  -46.433  -16.198 0.1000000015
22936  -34.665  -45.525  -16.719 0.1000000015
22046  -34.095  -45.570  -17.228 0.1000000015
17224  -28.055  -52.045  -4.267 0.1000000015
22959  -33.852  -45.475  -18.069 0.1000000015
15638  -31.172  -53.329  -7.668 0.1000000015
15622  -31.233  -53.432  -6.856 0.1000000015
16494  -29.837  -52.683  -7.230 0.1000000015
16458  -30.252  -53.286  -5.418 0.1000000015
17268  -28.433  -52.168  -8.665 0.1000000015
17267  -27.723  -51.749  -8.374 0.1000000015
22960  -34.622  -45.044  -17.503 0.1000000015
11838  -37.998  -57.953  -22.809 0.1000000015
12662  -38.065  -57.331  -23.084 0.1000000015
8515  -34.011  -62.189  -11.016 0.1000000015
8516  -34.692  -61.822  -11.313 0.1000000015
8541  -34.621  -61.810  -12.056 0.1000000015
8493  -33.664  -62.426  -10.215 0.1000000015
7761  -33.306  -62.652  -11.193 0.1000000015
8517  -35.249  -61.453  -11.256 0.1000000015
7729  -32.551  -63.018  -9.504 0.1000000015
8494  -34.465  -61.964  -10.344 0.1000000015
8495  -35.221  -61.518  -10.635 0.1000000015
7747  -32.131  -63.419  -10.069 0.1000000015
7728  -32.131  -63.316  -9.091 0.1000000015
8474  -34.112  -62.152  -9.448 0.1000000015
7710  -31.514  -63.804  -8.456 0.1000000015
8473  -33.129  -62.670  -9.280 0.1000000015
9994  -23.988  -60.868  -9.331 0.1000000015
10843  -24.620  -60.147  -9.148 0.1000000015
8470  -25.905  -63.053  -9.706 0.1000000015
7721  -26.075  -64.008  -9.753 0.1000000015
7722  -26.495  -63.916  -8.972 0.1000000015
7016  -26.912  -64.915  -8.580 0.1000000015
9253  -35.118  -61.424  -11.752 0.1000000015
6389  -27.211  -65.753  -9.408 0.1000000015
7706  -27.079  -64.230  -8.204 0.1000000015
7038  -31.270  -64.091  -9.035 0.1000000015
7020  -30.566  -64.308  -8.445 0.1000000015
8564  -34.332  -61.974  -12.575 0.1000000015
7055  -27.492  -65.050  -10.016 0.1000000015
7724  -28.182  -64.409  -8.984 0.1000000015
7709  -28.670  -64.280  -8.486 0.1000000015
7037  -30.533  -63.998  -9.527 0.1000000015
7007  -30.072  -64.526  -7.686 0.1000000015
7008  -30.726  -64.236  -7.906 0.1000000015
7711  -31.867  -63.418  -8.563 0.1000000015
8563  -33.743  -62.474  -13.136 0.1000000015
7755  -26.959  -63.741  -11.432 0.1000000015
8491  -28.489  -63.150  -10.597 0.1000000015
7019  -29.534  -64.166  -8.398 0.1000000015
7677  -29.747  -64.299  -7.024 0.1000000015
9995  -24.771  -60.626  -9.466 0.1000000015
10018  -24.619  -61.209  -9.775 0.1000000015
9255  -36.448  -60.866  -10.602 0.1000000015
10072  -36.941  -60.309  -10.874 0.1000000015
9254  -35.942  -61.078  -11.252 0.1000000015
8471  -26.474  -63.021  -9.105 0.1000000015
9272  -35.399  -61.014  -12.041 0.1000000015
7035  -28.122  -64.991  -8.363 0.1000000015
7018  -28.548  -64.752  -7.972 0.1000000015
7006  -29.090  -64.722  -7.639 0.1000000015
8434  -31.239  -63.324  -7.740 0.1000000015
7004  -28.168  -64.497  -6.979 0.1000000015
6993  -28.447  -64.453  -6.809 0.1000000015
6995  -29.153  -64.601  -7.058 0.1000000015
8433  -30.475  -63.231  -7.410 0.1000000015
10860  -24.571  -59.275  -9.287 0.1000000015
10877  -24.604  -59.011  -9.894 0.1000000015
11610  -23.821  -58.773  -9.569 0.1000000015
10885  -37.812  -59.761  -10.317 0.1000000015
9996  -25.121  -60.466  -9.394 0.1000000015
10861  -25.411  -60.000  -9.294 0.1000000015
8475  -35.045  -61.698  -9.608 0.1000000015
10907  -37.794  -59.309  -10.792 0.1000000015
10019  -25.398  -60.975  -9.506 0.1000000015
8458  -35.127  -61.592  -9.046 0.1000000015
10071  -36.359  -60.489  -11.442 0.1000000015
9202  -26.315  -62.042  -9.128 0.1000000015
9172  -27.048  -62.174  -8.469 0.1000000015
7707  -27.679  -63.814  -7.610 0.1000000015
7017  -27.656  -65.083  -7.896 0.1000000015
7691  -29.096  -63.664  -6.952 0.1000000015
8453  -30.270  -62.619  -7.712 0.1000000015
8430  -28.206  -63.126  -7.434 0.1000000015
8431  -28.870  -63.071  -7.230 0.1000000015
11627  -24.438  -58.717  -10.419 0.1000000015
9236  -37.145  -60.509  -9.787 0.1000000015
10878  -25.065  -59.212  -10.062 0.1000000015
11628  -25.009  -58.964  -10.732 0.1000000015
12423  -24.573  -57.542  -11.846 0.1000000015
9210  -36.409  -60.834  -9.334 0.1000000015
10053  -37.939  -59.802  -9.899 0.1000000015
10879  -25.908  -59.580  -10.172 0.1000000015
10897  -25.443  -59.183  -10.778 0.1000000015
8456  -33.589  -62.185  -8.778 0.1000000015
10085  -36.522  -60.013  -11.549 0.1000000015
10020  -26.384  -60.825  -8.982 0.1000000015
10862  -26.473  -60.084  -9.512 0.1000000015
9178  -31.940  -62.134  -8.371 0.1000000015
8455  -32.247  -62.861  -8.378 0.1000000015
9997  -26.878  -61.542  -8.638 0.1000000015
9176  -29.911  -62.024  -8.246 0.1000000015
8450  -27.669  -62.568  -7.958 0.1000000015
8451  -28.502  -62.411  -7.653 0.1000000015
11663  -25.471  -58.145  -12.031 0.1000000015
11646  -26.036  -58.890  -11.784 0.1000000015
9180  -34.117  -61.603  -8.663 0.1000000015
11652  -38.363  -58.302  -10.946 0.1000000015
9177  -30.909  -62.165  -8.300 0.1000000015
9203  -28.479  -61.343  -8.630 0.1000000015
10021  -27.242  -60.596  -9.147 0.1000000015
9998  -27.259  -61.163  -8.537 0.1000000015
9999  -27.832  -61.088  -8.700 0.1000000015
10001  -34.468  -61.001  -9.000 0.1000000015
10003  -36.595  -60.268  -8.928 0.1000000015
10000  -33.712  -61.403  -8.842 0.1000000015
10898  -26.203  -59.361  -11.205 0.1000000015
9205  -30.516  -61.700  -8.933 0.1000000015
9206  -31.493  -61.682  -8.999 0.1000000015
9207  -32.415  -61.646  -8.889 0.1000000015
10880  -26.882  -59.985  -10.359 0.1000000015
9204  -29.379  -61.397  -9.078 0.1000000015
10863  -27.023  -60.247  -9.691 0.1000000015
10022  -28.251  -60.884  -9.313 0.1000000015
9231  -29.589  -61.095  -9.984 0.1000000015
10002  -35.584  -60.372  -9.179 0.1000000015
10847  -37.338  -59.453  -8.847 0.1000000015
10025  -32.603  -61.243  -9.512 0.1000000015
10026  -33.618  -60.966  -9.523 0.1000000015
10917  -26.770  -59.038  -11.972 0.1000000015
10070  -31.872  -60.294  -10.976 0.1000000015
10048  -32.776  -60.566  -10.402 0.1000000015
9232  -30.357  -61.299  -9.690 0.1000000015
10047  -31.485  -61.127  -10.069 0.1000000015
10043  -27.562  -60.437  -9.882 0.1000000015
11595  -37.292  -58.944  -8.975 0.1000000015
10028  -35.370  -59.794  -9.624 0.1000000015
10049  -33.727  -60.195  -10.248 0.1000000015
10864  -34.969  -59.515  -10.094 0.1000000015
11664  -26.083  -58.353  -12.187 0.1000000015
10045  -29.119  -60.725  -10.521 0.1000000015
10899  -27.461  -59.749  -11.360 0.1000000015
11613  -36.978  -58.537  -9.295 0.1000000015
11644  -24.102  -58.065  -11.101 0.1000000015
14033  -22.924  -55.351  -10.877 0.1000000015
14045  -23.418  -55.761  -11.399 0.1000000015
13232  -24.645  -56.594  -12.105 0.1000000015
13230  -23.054  -56.773  -11.176 0.1000000015
9201  -25.159  -62.022  -9.973 0.1000000015
8449  -26.995  -63.119  -8.489 0.1000000015
6377  -27.317  -65.711  -8.603 0.1000000015
7034  -27.720  -65.253  -8.880 0.1000000015
7723  -27.775  -64.744  -9.344 0.1000000015
7743  -28.286  -63.529  -9.986 0.1000000015
7725  -29.041  -63.782  -9.255 0.1000000015
7036  -29.744  -63.872  -9.179 0.1000000015
7745  -30.358  -63.595  -10.763 0.1000000015
8454  -31.217  -62.707  -7.857 0.1000000015
9175  -28.946  -61.853  -8.168 0.1000000015
9181  -35.051  -61.246  -8.944 0.1000000015
9179  -33.065  -61.900  -8.645 0.1000000015
10024  -32.024  -61.437  -9.327 0.1000000015
10046  -30.127  -60.834  -10.653 0.1000000015
10846  -36.621  -59.510  -9.162 0.1000000015
14044  -22.718  -55.973  -10.987 0.1000000015
2962  -15.824  -71.016  -25.964 0.1000000015
3453  -15.445  -70.277  -25.592 0.1000000015
3009  -16.927  -72.144  -28.528 0.1000000015
2561  -16.636  -72.007  -28.687 0.1000000015
2552  -16.724  -72.602  -28.096 0.1000000015
2551  -16.226  -72.171  -27.993 0.1000000015
2978  -15.330  -71.090  -27.313 0.1000000015
3010  -17.183  -71.799  -28.506 0.1000000015
3491  -17.488  -71.289  -28.051 0.1000000015
4085  -17.226  -70.568  -27.882 0.1000000015
2963  -16.319  -71.397  -25.522 0.1000000015
3454  -16.049  -70.705  -25.174 0.1000000015
3431  -16.202  -70.127  -24.361 0.1000000015
2980  -16.197  -71.744  -26.280 0.1000000015
2538  -16.150  -72.172  -27.600 0.1000000015
2521  -16.108  -72.048  -27.105 0.1000000015
2979  -15.633  -71.234  -26.829 0.1000000015
3430  -15.753  -70.008  -24.977 0.1000000015
2553  -17.254  -72.535  -28.065 0.1000000015
2996  -15.714  -71.595  -27.712 0.1000000015
3474  -17.815  -71.148  -26.778 0.1000000015
2878  -19.522  -71.263  -20.413 0.1000000015
2405  -16.999  -72.090  -20.071 0.1000000015
2877  -18.471  -71.450  -20.129 0.1000000015
2944  -17.139  -71.645  -24.309 0.1000000015
2929  -17.032  -71.063  -23.927 0.1000000015
3402  -17.156  -70.930  -22.962 0.1000000015
2900  -17.261  -71.743  -21.287 0.1000000015
2448  -17.008  -71.944  -20.702 0.1000000015
2489  -16.954  -71.906  -24.944 0.1000000015
2915  -16.959  -71.062  -21.808 0.1000000015
2505  -17.129  -72.683  -25.476 0.1000000015
4016  -15.952  -69.659  -24.121 0.1000000015
2099  -17.029  -73.216  -26.739 0.1000000015
2522  -16.509  -72.547  -26.540 0.1000000015
2997  -17.857  -72.244  -27.538 0.1000000015
2851  -17.851  -72.101  -19.903 0.1000000015
2916  -17.460  -71.456  -22.161 0.1000000015
2449  -17.720  -72.390  -21.337 0.1000000015
2427  -17.404  -72.791  -20.412 0.1000000015
2464  -17.919  -72.357  -22.218 0.1000000015
2476  -17.881  -72.437  -23.256 0.1000000015
2117  -16.944  -73.224  -27.346 0.1000000015
2131  -17.187  -73.015  -27.762 0.1000000015
2540  -17.673  -73.147  -27.578 0.1000000015
2082  -16.967  -72.844  -26.010 0.1000000015
2850  -16.952  -71.704  -19.829 0.1000000015
2490  -17.257  -72.249  -24.641 0.1000000015
2069  -17.726  -73.196  -24.252 0.1000000015
2876  -17.430  -71.253  -19.941 0.1000000015
1664  -18.024  -74.112  -24.316 0.1000000015
1665  -18.506  -74.683  -24.033 0.1000000015
1278  -18.806  -74.993  -23.218 0.1000000015
2406  -17.559  -72.579  -20.011 0.1000000015
2053  -18.080  -73.525  -23.426 0.1000000015
2025  -18.134  -73.998  -21.536 0.1000000015
1647  -18.428  -74.436  -23.247 0.1000000015
2024  -17.880  -73.417  -21.087 0.1000000015
2005  -17.841  -73.670  -20.519 0.1000000015
1599  -18.141  -74.597  -20.560 0.1000000015
2038  -18.182  -73.270  -22.227 0.1000000015
1682  -18.438  -74.598  -24.972 0.1000000015
2039  -18.326  -74.235  -22.276 0.1000000015
1618  -17.963  -74.153  -20.878 0.1000000015
1646  -18.169  -74.054  -23.485 0.1000000015
2054  -18.294  -73.922  -22.939 0.1000000015
2104  -23.423  -72.633  -25.414 0.1000000015
2105  -23.896  -72.463  -25.055 0.1000000015
2130  -16.952  -73.074  -27.635 0.1000000015
2395  -26.029  -71.720  -19.232 0.1000000015
2504  -16.761  -72.113  -25.528 0.1000000015
2511  -24.146  -72.237  -25.464 0.1000000015
2512  -24.466  -72.006  -25.804 0.1000000015
2539  -16.501  -72.750  -27.441 0.1000000015
2560  -16.334  -72.000  -28.459 0.1000000015
2834  -27.002  -70.842  -19.051 0.1000000015
2856  -26.254  -71.477  -19.438 0.1000000015
2881  -24.825  -71.659  -20.496 0.1000000015
2903  -24.122  -71.671  -20.805 0.1000000015
2930  -17.288  -71.361  -23.655 0.1000000015
2943  -16.775  -71.332  -24.563 0.1000000015
2984  -23.521  -71.952  -26.015 0.1000000015
2987  -25.664  -70.919  -26.176 0.1000000015
3019  -17.018  -71.710  -28.815 0.1000000015
3318  -27.206  -70.113  -18.191 0.1000000015
3351  -27.844  -70.018  -19.269 0.1000000015
3371  -26.213  -70.684  -20.196 0.1000000015
3401  -16.581  -70.587  -22.153 0.1000000015
3414  -16.885  -70.566  -23.506 0.1000000015
3415  -17.137  -70.940  -23.372 0.1000000015
3437  -24.354  -70.837  -24.394 0.1000000015
3441  -27.045  -69.916  -25.210 0.1000000015
3460  -25.746  -70.931  -25.508 0.1000000015
3462  -27.042  -70.077  -25.570 0.1000000015
3477  -24.718  -70.971  -26.348 0.1000000015
3895  -28.594  -69.232  -17.930 0.1000000015
3912  -28.198  -69.715  -18.507 0.1000000015
3931  -28.259  -69.590  -19.126 0.1000000015
4025  -26.002  -69.907  -24.786 0.1000000015
4041  -15.399  -69.763  -25.137 0.1000000015
4048  -27.576  -69.601  -25.931 0.1000000015
4526  -29.300  -68.248  -17.049 0.1000000015
4527  -29.792  -67.998  -16.795 0.1000000015
4566  -29.536  -68.533  -18.247 0.1000000015
4567  -30.146  -67.968  -17.519 0.1000000015
4582  -29.064  -68.952  -18.559 0.1000000015
4603  -26.506  -69.277  -20.253 0.2000000030
4648  -25.562  -68.556  -24.342 0.1000000015
4694  -28.572  -68.656  -26.077 0.1000000015
4711  -27.322  -68.868  -26.934 0.1000000015
5187  -30.494  -67.413  -16.440 0.1000000015
5210  -30.255  -67.153  -17.525 0.1000000015
5212  -30.917  -67.071  -16.705 0.1000000015
5251  -28.886  -68.174  -18.853 0.1000000015
5302  -24.464  -67.483  -23.404 0.1000000015
5304  -26.365  -67.364  -24.305 0.1000000015
5319  -26.646  -67.943  -24.547 0.1000000015
5344  -29.398  -67.836  -25.907 0.1000000015
5362  -29.689  -67.337  -26.658 0.1000000015
5384  -28.796  -67.663  -27.647 0.1000000015
5405  -28.606  -67.484  -28.360 0.1000000015
5406  -28.975  -67.408  -27.960 0.1000000015
5425  -27.559  -67.544  -29.249 0.1000000015
5426  -28.207  -67.396  -29.091 0.1000000015
5868  -30.910  -66.821  -16.651 0.1000000015
5885  -28.592  -66.732  -18.102 0.2000000030
5941  -24.551  -66.535  -22.590 0.1000000015
5942  -24.909  -66.111  -22.733 0.1000000015
5951  -24.556  -66.842  -23.072 0.1000000015
5972  -28.522  -67.238  -24.693 0.1000000015
6001  -31.152  -65.893  -25.436 0.1000000015
6029  -30.477  -66.223  -26.391 0.1000000015
6051  -29.139  -66.540  -28.103 0.1000000015
6052  -29.762  -66.691  -27.440 0.1000000015
6053  -30.203  -66.256  -26.953 0.1000000015
6075  -28.515  -66.973  -28.874 0.1000000015
6098  -28.038  -67.244  -29.534 0.1000000015
6376  -27.112  -65.429  -8.406 0.1000000015
6517  -31.158  -65.782  -16.055 0.1000000015
6530  -28.170  -65.275  -17.749 0.2000000030
6531  -28.771  -65.458  -17.477 0.4000000060
6533  -30.245  -66.009  -16.891 0.2000000030
6548  -26.651  -65.023  -18.793 0.1000000015
6562  -25.753  -65.991  -20.074 0.1000000015
6578  -24.701  -66.205  -22.169 0.1000000015
6589  -25.868  -65.424  -22.892 0.1000000015
6610  -32.135  -64.852  -22.994 0.1000000015
6994  -28.682  -64.559  -6.855 0.1000000015
6996  -29.606  -64.500  -7.287 0.1000000015
7005  -28.549  -64.857  -7.282 0.1000000015
7021  -31.077  -64.103  -8.328 0.1000000015
7149  -30.801  -64.394  -15.651 0.2000000030
7167  -28.561  -64.153  -16.930 0.3000000119
7168  -29.181  -64.591  -16.776 0.4000000060
7169  -30.160  -64.654  -16.227 0.3000000119
7218  -32.428  -64.314  -21.022 0.1000000015
7231  -27.607  -63.776  -21.797 0.1000000015
7237  -32.850  -64.155  -21.368 0.1000000015
7242  -25.281  -65.173  -22.069 0.1000000015
7257  -32.134  -64.681  -23.185 0.1000000015
7288  -24.566  -64.200  -25.936 0.1000000015
7319  -30.219  -65.267  -26.304 0.1000000015
7675  -28.637  -64.213  -6.839 0.1000000015
7676  -29.190  -64.199  -6.882 0.1000000015
7678  -30.007  -64.421  -7.261 0.1000000015
7690  -28.404  -63.748  -7.075 0.1000000015
7692  -29.889  -63.582  -7.050 0.1000000015
7693  -30.440  -63.975  -7.442 0.1000000015
7694  -31.213  -63.770  -7.955 0.1000000015
7695  -31.698  -63.429  -8.219 0.1000000015
7708  -28.385  -64.692  -8.398 0.1000000015
7727  -31.737  -63.734  -8.892 0.1000000015
7742  -27.812  -64.198  -9.755 0.1000000015
7746  -31.762  -63.795  -9.458 0.1000000015
7867  -29.894  -63.197  -15.669 0.3000000119
7899  -27.307  -63.567  -17.582 0.2000000030
7900  -28.132  -63.818  -17.060 0.2000000030
7919  -25.731  -64.389  -20.003 0.2000000030
7937  -26.908  -63.185  -20.894 0.1000000015
7949  -26.054  -63.959  -21.125 0.1000000015
7951  -27.368  -63.290  -21.227 0.1000000015
7955  -31.530  -64.196  -21.210 0.1000000015
7970  -32.808  -64.071  -21.862 0.1000000015
7982  -29.320  -63.358  -23.936 0.1000000015
7983  -30.079  -63.537  -23.876 0.1000000015
8043  -24.147  -64.040  -26.135 0.1000000015
8432  -29.670  -63.095  -7.220 0.1000000015
8435  -31.609  -63.336  -8.000 0.1000000015
8452  -29.372  -62.477  -7.613 0.1000000015
8457  -34.554  -61.794  -8.956 0.1000000015
8472  -32.546  -62.967  -9.001 0.1000000015
8584  -33.144  -62.714  -13.671 0.1000000015
8603  -28.176  -62.446  -16.449 0.3000000119
8612  -26.516  -62.281  -18.347 0.2000000030
8627  -32.788  -62.006  -19.120 0.1000000015
8630  -34.853  -62.039  -18.475 0.1000000015
8645  -28.105  -61.863  -19.962 0.1000000015
8647  -30.319  -62.171  -19.987 0.1000000015
8662  -28.826  -62.351  -20.452 0.1000000015
8674  -27.617  -62.825  -20.763 0.1000000015
9173  -27.355  -61.768  -8.280 0.1000000015
9174  -27.992  -61.655  -8.145 0.1000000015
9182  -35.846  -60.836  -9.043 0.1000000015
9208  -33.116  -61.432  -8.976 0.1000000015
9209  -35.587  -61.267  -9.266 0.1000000015
9233  -30.981  -61.448  -9.397 0.1000000015
9234  -35.962  -61.200  -10.090 0.1000000015
9235  -36.801  -60.657  -10.092 0.1000000015
9286  -33.449  -61.612  -13.317 0.2000000030
9301  -32.169  -61.478  -13.875 0.2000000030
9311  -28.644  -61.417  -15.866 0.3000000119
9335  -34.698  -61.249  -18.153 0.1000000015
9351  -26.682  -61.941  -18.889 0.2000000030
9354  -30.916  -61.297  -19.307 0.1000000015
9357  -33.791  -61.592  -18.549 0.1000000015
9367  -26.825  -62.046  -19.426 0.1000000015
9373  -32.292  -61.808  -19.210 0.1000000015
9377  -35.762  -61.394  -18.710 0.2000000030
9389  -33.367  -62.143  -20.432 0.1000000015
9424  -25.206  -61.528  -22.053 0.1000000015
9439  -23.806  -61.421  -23.135 0.1000000015
9440  -24.258  -61.723  -22.896 0.1000000015
9450  -23.531  -61.524  -24.115 0.1000000015
10023  -28.937  -60.963  -9.831 0.1000000015
10027  -34.601  -60.268  -9.674 0.1000000015
10051  -37.085  -60.471  -10.395 0.1000000015
10052  -37.402  -60.253  -10.119 0.1000000015
10065  -27.707  -60.290  -10.612 0.1000000015
10073  -37.501  -59.947  -10.553 0.1000000015
10095  -34.413  -60.993  -12.786 0.3000000119
10124  -27.582  -61.039  -17.088 0.3000000119
10140  -27.900  -60.191  -17.849 0.2000000030
10141  -33.814  -60.187  -18.144 0.2000000030
10142  -34.330  -60.517  -18.069 0.2000000030
10153  -28.327  -60.261  -18.532 0.1000000015
10155  -30.342  -60.438  -19.045 0.1000000015
10160  -35.645  -60.829  -18.123 0.2000000030
10174  -28.810  -60.543  -18.971 0.1000000015
10181  -36.702  -60.104  -19.227 0.1000000015
10197  -31.900  -60.305  -20.712 0.1000000015
10234  -24.085  -60.549  -21.929 0.1000000015
10844  -24.970  -60.311  -9.271 0.1000000015
10908  -38.493  -58.754  -10.545 0.1000000015
10922  -33.890  -59.283  -12.874 0.3000000119
10934  -32.065  -59.861  -13.795 0.3000000119
10935  -32.377  -59.650  -13.639 0.3000000119
10937  -34.199  -60.382  -12.799 0.2000000030
10946  -30.754  -59.252  -14.650 0.4000000060
10947  -31.681  -59.660  -14.059 0.3000000119
10955  -28.942  -59.474  -16.224 0.4000000060
10996  -33.652  -59.521  -18.047 0.3000000119
10999  -36.004  -59.788  -18.120 0.3000000119
11008  -28.821  -59.908  -18.398 0.3000000119
11011  -31.542  -59.424  -18.412 0.4000000060
11045  -25.177  -58.648  -20.773 0.1000000015
11064  -24.982  -59.160  -20.962 0.1000000015
11611  -24.355  -58.930  -9.799 0.1000000015
11614  -37.431  -58.524  -8.956 0.1000000015
11632  -38.914  -58.565  -10.139 0.1000000015
11643  -23.572  -57.868  -10.952 0.1000000015
11645  -25.220  -58.569  -11.466 0.1000000015
11670  -34.094  -59.057  -12.755 0.3000000119
11681  -32.833  -58.811  -13.462 0.3000000119
11701  -29.821  -58.799  -15.798 0.4000000060
11703  -31.235  -57.895  -15.530 0.4000000060
11720  -30.698  -58.123  -16.328 0.4000000060
11723  -35.259  -57.863  -16.979 0.3000000119
11753  -36.605  -58.944  -18.625 0.3000000119
11782  -24.943  -57.742  -20.903 0.1000000015
11783  -25.331  -58.117  -20.726 0.1000000015
11805  -24.067  -58.851  -21.582 0.1000000015
11808  -26.804  -58.886  -20.962 0.1000000015
11831  -23.856  -58.620  -22.048 0.1000000015
11832  -24.027  -58.084  -21.815 0.1000000015
12392  -37.485  -58.047  -8.979 0.1000000015
12424  -25.172  -57.978  -11.955 0.1000000015
12468  -33.545  -57.782  -13.553 0.3000000119
12480  -31.927  -58.237  -14.374 0.4000000060
12483  -34.508  -56.947  -14.653 0.5000000000
12486  -36.872  -57.007  -15.193 0.5000000000
12489  -39.361  -56.899  -15.181 0.5000000000
12510  -35.499  -57.161  -15.819 0.4000000060
12534  -34.072  -57.404  -16.433 0.4000000060
12540  -38.875  -56.854  -16.293 0.5000000000
12583  -38.140  -57.286  -20.144 0.4000000060
12595  -24.813  -57.452  -21.090 0.1000000015
12619  -24.876  -56.818  -21.176 0.1000000015
12630  -39.211  -56.956  -21.633 0.4000000060
12636  -24.103  -57.446  -22.061 0.1000000015
12646  -39.009  -56.779  -22.116 0.4000000060
12654  -23.788  -58.112  -22.519 0.1000000015
12705  -24.934  -57.503  -25.380 0.1000000015
12745  -26.854  -57.444  -26.962 0.1000000015
13148  -37.957  -55.947  -6.770 0.1000000015
13207  -40.831  -56.443  -9.153 0.1000000015
13208  -41.349  -56.008  -9.505 0.1000000015
13216  -22.345  -56.574  -10.699 0.1000000015
13231  -23.862  -56.661  -11.689 0.1000000015
13240  -41.914  -55.638  -11.411 0.3000000119
13241  -42.276  -55.340  -11.891 0.3000000119
13255  -36.890  -56.666  -12.873 0.5000000000
13291  -35.633  -56.770  -14.535 0.5000000000
13317  -39.360  -56.830  -15.908 0.5000000000
13422  -24.568  -56.509  -21.655 0.1000000015
13428  -40.043  -56.094  -21.284 0.4000000060
13506  -27.198  -56.327  -26.923 0.1000000015
14012  -40.651  -55.584  -8.149 0.2000000030
14026  -41.323  -55.638  -9.134 0.1000000015
14038  -41.604  -55.500  -9.796 0.2000000030
14046  -24.339  -55.736  -11.789 0.1000000015
14059  -25.058  -55.962  -12.118 0.1000000015
14069  -42.136  -55.141  -13.337 0.3000000119
14083  -42.397  -54.754  -15.141 0.5000000000
14100  -42.479  -54.718  -15.519 0.5000000000
14101  -43.092  -54.787  -15.947 0.5000000000
14115  -42.438  -54.684  -15.886 0.5000000000
14116  -42.732  -54.835  -15.774 0.5000000000
14132  -41.696  -54.989  -17.665 0.6000000238
14133  -42.016  -54.787  -17.363 0.6000000238
14145  -41.545  -54.909  -18.394 0.6000000238
14157  -41.421  -54.830  -19.168 0.6000000238
14173  -25.330  -55.845  -21.103 0.1000000015
14181  -41.088  -54.906  -19.937 0.5000000000
14195  -25.052  -55.705  -21.507 0.1000000015
14201  -37.824  -55.167  -22.117 0.3000000119
14213  -25.100  -55.143  -22.585 0.1000000015
14233  -25.249  -55.179  -23.654 0.1000000015
14248  -25.586  -55.307  -24.798 0.1000000015
14267  -25.828  -55.730  -25.547 0.1000000015
14288  -26.829  -55.645  -26.273 0.1000000015
14774  -37.872  -55.312  -7.050 0.1000000015
14817  -41.027  -55.269  -8.683 0.2000000030
14818  -41.245  -55.447  -8.883 0.2000000030
14863  -40.958  -54.687  -10.209 0.3000000119
14885  -42.083  -54.880  -11.901 0.3000000119
14892  -32.649  -54.297  -12.276 0.3000000119
14897  -41.855  -54.572  -12.284 0.3000000119
14907  -41.987  -54.519  -12.843 0.3000000119
14908  -42.137  -54.749  -13.078 0.3000000119
14923  -42.381  -54.727  -14.804 0.5000000000
14938  -35.364  -54.590  -15.869 0.3000000119
14942  -38.600  -54.555  -16.052 0.5000000000
14943  -42.328  -54.510  -14.763 0.4000000060
14945  -42.496  -54.507  -15.543 0.5000000000
14962  -42.493  -54.503  -15.771 0.5000000000
14990  -35.788  -54.227  -18.054 0.4000000060
14992  -41.931  -54.514  -18.486 0.5000000000
14998  -41.786  -54.639  -19.024 0.5000000000
15011  -26.349  -54.663  -20.922 0.1000000015
15032  -25.515  -54.766  -21.883 0.1000000015
15055  -26.007  -54.102  -22.068 0.1000000015
15061  -39.048  -55.485  -22.103 0.5000000000
15087  -25.742  -54.662  -23.981 0.1000000015
15119  -28.558  -54.471  -26.789 0.1000000015
15655  -30.805  -53.286  -8.166 0.1000000015
15672  -30.202  -53.424  -9.097 0.1000000015
15691  -31.964  -54.173  -12.024 0.3000000119
15729  -41.841  -54.394  -13.322 0.3000000119
15771  -42.031  -54.288  -14.821 0.4000000060
15772  -42.213  -54.283  -15.235 0.5000000000
15773  -42.660  -54.266  -15.529 0.5000000000
15782  -34.121  -54.276  -16.338 0.4000000060
15784  -38.596  -54.127  -17.429 0.5000000000
15790  -42.560  -54.335  -15.765 0.5000000000
15807  -33.367  -53.824  -17.311 0.4000000060
15808  -33.954  -54.236  -17.285 0.4000000060
15840  -41.785  -54.387  -19.012 0.5000000000
15853  -26.534  -54.200  -21.044 0.1000000015
15876  -26.430  -53.939  -21.384 0.1000000015
15900  -27.110  -52.876  -21.911 0.1000000015
16511  -29.970  -53.201  -8.963 0.2000000030
16548  -33.932  -53.388  -13.813 0.3000000119
16608  -32.846  -53.363  -17.408 0.3000000119
16645  -28.326  -53.176  -20.674 0.1000000015
16693  -27.229  -52.520  -22.389 0.1000000015
16711  -27.224  -52.417  -23.286 0.1000000015
16724  -28.134  -51.708  -24.516 0.1000000015
16726  -36.017  -52.424  -24.012 0.1000000015
16764  -38.587  -53.087  -28.620 0.1000000015
17380  -32.015  -52.221  -17.739 0.3000000119
17431  -35.897  -51.602  -22.051 0.2000000030
17444  -28.038  -51.118  -22.283 0.1000000015
17469  -27.680  -51.856  -23.670 0.1000000015
18258  -37.353  -49.881  -24.186 0.1000000015
18270  -28.997  -49.642  -24.508 0.1000000015
19148  -28.745  -49.515  -23.405 0.1000000015
19188  -29.425  -49.140  -24.691 0.1000000015
20171  -38.694  -48.580  -23.989 0.1000000015
20186  -29.845  -48.161  -24.472 0.1000000015
20191  -39.434  -48.846  -24.467 0.1000000015
20205  -29.647  -48.694  -24.623 0.1000000015
21145  -30.191  -47.573  -23.087 0.1000000015
21172  -30.188  -47.419  -23.764 0.1000000015
21193  -30.102  -47.694  -24.421 0.1000000015
22164  -30.486  -47.022  -24.072 0.1000000015
23849  -38.816  -44.127  -19.752 0.1000000015
24589  -38.629  -43.858  -17.020 0.1000000015
24590  -39.089  -43.770  -17.326 0.1000000015
24612  -37.121  -43.824  -17.514 0.1000000015
24629  -38.474  -43.637  -18.495 0.1000000015
