#!ascii label  , from subject 201818 vox2ras=TkReg
921
54711  -19.229  -12.420  -32.955 0.4285714328
55789  -20.484  -11.847  -33.875 0.2857142985
55788  -19.405  -11.442  -33.687 0.4285714328
55790  -21.025  -12.100  -34.017 0.4285714328
54750  -21.892  -11.916  -34.544 0.4285714328
56866  -20.799  -10.683  -34.731 0.2857142985
55807  -21.244  -11.550  -34.422 0.4285714328
55808  -22.251  -11.377  -35.030 0.4285714328
56881  -21.182  -10.182  -35.205 0.4285714328
56882  -22.064  -10.441  -35.424 0.4285714328
59147  -21.590  -9.186  -36.168 0.4285714328
58009  -22.578  -9.404  -36.530 0.4285714328
60311  -21.489  -7.701  -37.187 0.5714285970
59156  -21.818  -8.739  -36.654 0.5714285970
59157  -22.948  -8.633  -37.115 0.2857142985
60312  -22.253  -8.190  -37.140 0.7142857313
59176  -23.101  -8.156  -37.351 0.7142857313
60330  -23.921  -7.558  -37.832 0.7142857313
60331  -24.952  -7.302  -38.034 0.4285714328
60329  -22.798  -7.631  -37.492 0.7142857313
60350  -25.223  -6.711  -38.317 0.5714285970
61473  -23.531  -6.847  -38.072 0.5714285970
61496  -24.536  -6.414  -38.532 0.5714285970
61497  -25.609  -6.367  -38.693 0.5714285970
61498  -26.478  -6.456  -38.441 0.4285714328
62700  -26.282  -5.162  -39.261 0.5714285970
63826  -27.215  -4.778  -39.327 0.5714285970
62683  -24.101  -5.126  -38.913 0.7142857313
64979  -26.972  -4.067  -40.043 0.7142857313
63827  -28.049  -4.370  -39.538 0.5714285970
62684  -25.355  -5.576  -39.146 0.5714285970
63807  -23.243  -4.572  -39.102 0.5714285970
63824  -25.483  -4.280  -39.630 0.8571428657
64980  -27.697  -4.040  -39.899 0.7142857313
64981  -28.295  -3.564  -39.648 0.5714285970
63823  -24.446  -4.189  -39.499 0.7142857313
66135  -28.028  -3.119  -40.239 0.7142857313
64978  -26.136  -3.923  -40.222 0.7142857313
64993  -27.558  -3.615  -40.397 0.7142857313
67262  -28.329  -2.118  -40.514 0.5714285970
64992  -26.872  -3.516  -40.731 0.7142857313
67246  -28.718  -2.424  -39.790 0.5714285970
64991  -25.982  -3.227  -40.827 0.5714285970
67261  -27.479  -2.389  -41.118 0.7142857313
68342  -28.904  -1.206  -40.821 0.7142857313
67263  -29.149  -1.428  -40.257 0.7142857313
66146  -26.770  -2.105  -41.597 0.7142857313
67273  -27.184  -2.258  -41.275 0.7142857313
67275  -28.332  -1.274  -41.233 0.7142857313
68355  -28.694  -0.404  -41.142 0.7142857313
66147  -26.963  -1.696  -42.114 0.7142857313
66132  -25.894  -2.381  -41.182 0.5714285970
69405  -28.844  0.432  -41.071 0.5714285970
70400  -29.521  1.793  -40.743 0.5714285970
67286  -27.268  -1.423  -41.989 0.8571428657
66158  -26.729  -2.714  -42.398 0.8571428657
70416  -28.804  1.321  -41.278 0.7142857313
69404  -28.185  0.455  -41.793 0.7142857313
68354  -27.844  -0.694  -41.711 0.8571428657
69403  -27.548  0.072  -41.953 0.7142857313
71448  -27.838  2.069  -42.389 0.8571428657
71433  -29.110  2.247  -41.211 0.5714285970
70415  -28.250  1.388  -42.045 0.8571428657
70432  -27.531  1.134  -42.380 0.8571428657
69419  -27.615  0.505  -42.186 0.8571428657
73526  -27.917  3.538  -43.015 0.8571428657
73527  -28.432  4.145  -42.259 0.8571428657
73541  -27.633  4.518  -43.503 0.8571428657
72522  -27.314  3.451  -43.580 0.8571428657
73540  -27.002  4.012  -44.086 1.0000000000
72507  -27.628  2.750  -43.047 0.8571428657
74630  -27.195  5.612  -44.390 1.0000000000
74642  -25.641  5.476  -45.427 0.7142857313
73557  -26.859  4.868  -44.472 1.0000000000
73556  -26.078  4.672  -45.032 1.0000000000
74629  -26.787  5.761  -45.050 1.0000000000
77971  -26.119  8.542  -46.284 1.0000000000
76869  -25.134  7.752  -46.772 0.8571428657
78988  -25.352  9.670  -47.633 0.8571428657
78976  -26.215  9.402  -46.904 1.0000000000
81805  -26.328  12.299  -48.232 0.8571428657
80847  -26.450  11.427  -47.488 0.8571428657
79929  -25.997  10.803  -47.670 1.0000000000
82720  -26.798  13.707  -49.030 0.8571428657
82712  -26.403  12.914  -48.607 0.8571428657
82719  -26.170  13.373  -49.037 0.7142857313
81809  -25.051  13.070  -48.755 0.5714285970
83579  -25.489  14.442  -49.380 0.7142857313
83587  -26.253  14.610  -50.237 0.5714285970
83570  -24.809  14.336  -48.211 0.5714285970
82717  -24.665  13.487  -48.696 0.5714285970
83571  -25.083  14.921  -48.701 0.4285714328
84509  -24.903  15.462  -49.291 0.4285714328
84518  -24.948  15.411  -50.532 0.4285714328
84486  -24.864  15.580  -46.827 0.2857142985
85449  -25.176  16.476  -47.699 0.2857142985
84499  -24.805  15.368  -48.024 0.2857142985
55806  -20.274  -11.129  -34.268 0.2857142985
64994  -27.944  -3.629  -40.119 0.5714285970
71432  -28.590  2.100  -41.892 0.8571428657
72508  -28.363  2.948  -42.346 0.8571428657
75736  -26.308  6.498  -45.721 0.8571428657
86413  -25.939  17.294  -46.559 0.1428571492
55805  -19.719  -10.813  -34.189 0.2857142985
56865  -19.971  -10.388  -34.695 0.2857142985
56867  -21.506  -10.864  -34.978 0.4285714328
56883  -22.932  -10.391  -35.698 0.4285714328
57995  -20.572  -9.528  -35.535 0.2857142985
58008  -21.973  -9.372  -36.205 0.4285714328
57998  -22.980  -9.896  -36.200 0.4285714328
59155  -20.783  -8.302  -36.589 0.5714285970
59177  -23.542  -8.210  -37.485 0.4285714328
60328  -21.961  -7.076  -37.527 0.2857142985
61474  -24.246  -6.998  -38.031 0.4285714328
61495  -23.356  -5.966  -38.430 0.5714285970
62686  -27.307  -5.627  -38.621 0.4285714328
62685  -26.319  -5.833  -38.993 0.7142857313
62701  -26.774  -5.352  -39.051 0.5714285970
63825  -26.305  -4.547  -39.678 0.7142857313
63808  -23.833  -4.397  -39.096 0.5714285970
64977  -25.163  -3.672  -40.249 0.5714285970
66119  -29.013  -2.899  -39.228 0.5714285970
66133  -26.855  -2.609  -41.049 0.7142857313
66134  -27.553  -2.918  -40.738 0.7142857313
72491  -28.876  2.751  -41.630 0.5714285970
70431  -26.754  1.163  -42.844 1.0000000000
73558  -27.357  5.196  -44.017 1.0000000000
72521  -26.471  3.347  -43.955 1.0000000000
74643  -26.266  5.630  -45.287 0.8571428657
75735  -25.181  6.317  -46.051 0.7142857313
76857  -26.460  7.354  -45.877 1.0000000000
76858  -26.908  7.363  -45.255 1.0000000000
76870  -26.000  7.638  -46.363 0.7142857313
75746  -24.687  7.034  -46.531 0.7142857313
77970  -25.515  8.661  -46.686 0.8571428657
80846  -25.784  11.431  -48.127 0.8571428657
79916  -26.484  10.462  -47.151 1.0000000000
78977  -26.818  9.937  -46.777 1.0000000000
82718  -25.351  13.518  -48.919 0.5714285970
83578  -25.060  13.941  -48.835 0.7142857313
83558  -23.869  14.517  -47.238 0.4285714328
85456  -24.846  16.415  -48.968 0.2857142985
85467  -24.354  16.207  -50.082 0.4285714328
83586  -25.528  14.692  -50.643 0.4285714328
85466  -24.243  16.037  -51.064 0.4285714328
61472  -22.351  -6.448  -38.081 0.4285714328
61494  -22.651  -5.817  -38.524 0.4285714328
54726  -20.071  -12.387  -33.318 0.4285714328
54727  -20.754  -12.476  -33.687 0.4285714328
54728  -21.592  -12.431  -34.035 0.4285714328
57996  -21.582  -9.560  -35.680 0.4285714328
57997  -22.395  -9.775  -35.867 0.4285714328
59146  -21.018  -9.012  -36.119 0.4285714328
62699  -25.707  -4.835  -39.314 0.7142857313
63809  -27.513  -5.073  -38.959 0.5714285970
62698  -25.025  -4.801  -39.286 0.7142857313
62682  -22.929  -5.289  -38.849 0.7142857313
66118  -28.406  -2.782  -39.829 0.5714285970
66145  -26.025  -1.786  -41.497 0.8571428657
69418  -27.079  0.420  -42.312 0.8571428657
71462  -26.866  2.819  -43.291 1.0000000000
73570  -26.444  5.203  -45.060 1.0000000000
81811  -26.077  12.616  -48.918 0.8571428657
83580  -26.466  14.099  -49.475 0.7142857313
84498  -24.601  14.730  -47.563 0.4285714328
85442  -25.241  16.592  -46.432 0.2857142985
56880  -20.482  -10.176  -35.146 0.2857142985
75747  -25.503  6.988  -46.412 1.0000000000
88325  -25.119  19.505  -51.185 0.2857142985
86444  -24.635  17.576  -51.054 0.2857142985
87427  -25.456  18.466  -51.476 0.2857142985
87418  -25.225  18.486  -50.599 0.1428571492
88323  -25.048  19.635  -50.265 0.1428571492
86433  -24.625  17.420  -49.951 0.1428571492
86432  -24.146  16.800  -50.746 0.2857142985
87411  -25.316  18.563  -49.618 0.1428571492
87428  -25.898  18.174  -52.122 0.2857142985
87415  -29.830  18.324  -50.229 0.2857142985
87420  -27.553  18.033  -51.190 0.2857142985
85477  -24.246  16.042  -51.865 0.2857142985
85470  -27.737  16.677  -49.427 0.2857142985
86455  -26.004  17.197  -52.074 0.2857142985
86453  -24.601  16.479  -51.804 0.2857142985
85451  -29.392  16.337  -47.785 0.1428571492
86435  -27.796  17.258  -50.068 0.2857142985
86446  -26.914  17.119  -51.173 0.2857142985
85478  -26.290  16.184  -51.197 0.2857142985
84534  -25.029  15.941  -52.459 0.2857142985
84513  -32.005  15.450  -48.358 0.1428571492
85461  -30.975  16.411  -48.478 0.1428571492
86427  -29.018  17.183  -49.113 0.4285714328
84519  -26.553  15.377  -50.335 0.2857142985
82685  -29.183  13.639  -45.791 0.2857142985
83572  -27.830  14.722  -48.064 0.4285714328
84520  -26.985  15.188  -49.639 0.2857142985
82686  -30.281  13.527  -45.345 0.1428571492
84488  -29.675  15.194  -46.815 0.2857142985
84510  -27.682  15.449  -48.709 0.4285714328
82714  -27.964  14.070  -47.616 0.5714285970
83581  -27.195  14.345  -49.075 0.7142857313
80822  -29.648  11.848  -44.604 0.1428571492
81778  -29.554  12.722  -44.911 0.1428571492
83588  -26.754  14.489  -49.685 0.4285714328
81794  -28.009  12.993  -46.088 0.4285714328
79882  -29.438  10.754  -43.757 0.2857142985
79881  -28.634  10.728  -44.484 0.7142857313
82699  -27.456  13.019  -47.186 0.7142857313
80820  -27.934  11.749  -45.401 0.8571428657
81793  -27.602  12.671  -46.601 0.5714285970
78922  -30.762  9.772  -43.068 0.2857142985
79854  -30.348  10.507  -43.578 0.2857142985
80837  -27.380  11.603  -46.413 0.7142857313
80845  -25.088  11.334  -48.510 0.5714285970
80848  -26.964  11.578  -47.075 0.8571428657
79880  -28.161  10.077  -44.760 0.7142857313
77920  -30.385  8.878  -42.858 0.1428571492
71458  -23.568  2.261  -43.122 0.5714285970
72534  -25.852  3.837  -44.531 0.8571428657
73555  -25.308  4.387  -44.863 0.8571428657
72533  -25.042  3.671  -44.474 0.4285714328
74628  -25.509  4.855  -45.165 0.5714285970
77956  -26.597  8.002  -46.006 0.8571428657
76842  -27.680  7.305  -44.420 0.8571428657
78960  -26.635  8.798  -46.189 0.8571428657
77895  -30.221  8.144  -42.513 0.2857142985
77941  -28.161  8.701  -44.196 0.8571428657
78945  -27.723  9.338  -44.972 0.8571428657
80836  -26.805  11.132  -46.885 0.8571428657
76809  -30.820  7.633  -42.146 0.4285714328
78920  -28.845  8.906  -43.695 0.7142857313
78946  -28.435  9.726  -44.037 0.7142857313
72520  -25.604  2.995  -44.136 0.5714285970
72519  -24.734  2.995  -44.012 0.5714285970
72535  -26.509  4.078  -44.532 0.8571428657
75724  -27.316  6.412  -44.742 0.8571428657
75737  -26.863  6.600  -45.274 0.8571428657
77940  -27.603  8.182  -44.782 0.8571428657
76807  -29.404  7.716  -42.587 0.4285714328
76829  -28.097  7.381  -43.761 0.8571428657
76843  -28.030  7.931  -44.180 0.8571428657
75692  -30.300  6.968  -41.886 0.4285714328
67272  -24.477  -1.109  -41.415 0.7142857313
68353  -23.404  0.002  -41.732 0.4285714328
66144  -25.178  -1.610  -41.161 0.7142857313
67299  -25.783  -0.236  -42.368 0.8571428657
68393  -24.084  -0.013  -43.418 0.5714285970
70443  -23.432  1.100  -42.991 0.5714285970
70428  -22.858  1.534  -42.309 0.4285714328
69416  -25.596  0.852  -42.913 0.8571428657
70444  -23.961  1.084  -43.638 0.5714285970
71459  -24.371  2.174  -43.670 0.5714285970
71447  -27.046  1.966  -42.978 0.8571428657
71461  -26.141  2.284  -43.449 0.7142857313
73528  -29.046  5.154  -41.800 0.7142857313
73542  -28.321  5.257  -42.658 0.7142857313
74612  -27.799  5.827  -43.659 0.7142857313
75708  -27.822  6.804  -43.975 0.8571428657
74580  -31.443  5.299  -41.120 0.2857142985
74599  -30.829  6.138  -41.501 0.4285714328
74598  -29.494  6.153  -41.837 0.5714285970
64976  -23.977  -3.179  -40.164 0.4285714328
66130  -23.763  -2.015  -40.557 0.4285714328
67258  -23.175  -0.990  -40.799 0.4285714328
68380  -27.204  -0.474  -42.232 0.7142857313
67311  -26.335  -1.453  -42.223 0.7142857313
68364  -26.769  -0.176  -42.361 0.7142857313
70430  -25.947  1.339  -43.174 0.8571428657
73511  -29.570  4.165  -41.283 0.7142857313
74579  -30.144  5.302  -41.165 0.2857142985
66117  -23.098  -2.456  -39.941 0.5714285970
66131  -24.861  -1.929  -41.086 0.5714285970
65021  -26.480  -2.374  -43.334 0.7142857313
71418  -29.596  2.408  -40.885 0.4285714328
72493  -30.486  3.533  -40.814 0.4285714328
73512  -30.863  4.451  -40.835 0.4285714328
67247  -29.305  -2.065  -39.755 0.4285714328
69387  -30.658  0.886  -39.958 0.4285714328
68356  -29.157  0.053  -40.784 0.4285714328
70402  -31.238  1.636  -40.076 0.4285714328
71419  -30.019  2.302  -40.586 0.4285714328
58010  -23.532  -9.628  -36.706 0.1428571492
68328  -29.734  -1.275  -39.817 0.4285714328
68329  -30.554  -0.727  -39.582 0.4285714328
69372  -31.165  0.153  -39.645 0.4285714328
59158  -24.017  -8.948  -37.293 0.1428571492
59159  -25.051  -8.911  -37.261 0.1428571492
60352  -26.207  -6.952  -38.173 0.2857142985
63812  -29.705  -4.411  -38.082 0.2857142985
66107  -31.736  -2.744  -38.515 0.2857142985
66106  -30.718  -2.893  -38.470 0.2857142985
63810  -28.035  -4.899  -39.002 0.4285714328
67236  -31.714  -2.020  -38.913 0.2857142985
67234  -30.267  -2.394  -38.822 0.2857142985
64964  -29.229  -3.617  -38.658 0.2857142985
67249  -31.225  -1.361  -38.877 0.2857142985
58011  -24.601  -9.678  -36.853 0.1428571492
59179  -25.480  -8.093  -37.600 0.2857142985
59180  -26.373  -7.795  -37.344 0.2857142985
61477  -28.160  -6.245  -37.505 0.2857142985
62667  -29.621  -5.682  -37.618 0.2857142985
62688  -29.173  -5.064  -37.935 0.2857142985
62665  -27.905  -5.856  -38.101 0.2857142985
58012  -25.590  -9.465  -36.580 0.1428571492
60314  -27.900  -7.549  -36.776 0.2857142985
59160  -26.020  -8.626  -36.943 0.2857142985
60313  -27.112  -7.459  -37.148 0.2857142985
60334  -27.598  -6.852  -37.324 0.2857142985
56884  -23.711  -10.705  -35.796 0.1428571492
55824  -22.589  -10.850  -35.421 0.2857142985
56899  -24.179  -10.304  -36.340 0.1428571492
53614  -20.388  -12.877  -33.371 0.2857142985
53592  -19.786  -13.444  -32.972 0.2857142985
53591  -18.972  -12.996  -32.588 0.2857142985
55825  -23.099  -11.106  -35.438 0.2857142985
53593  -20.940  -13.785  -33.234 0.1428571492
53575  -18.537  -13.600  -32.046 0.1428571492
59161  -27.094  -8.248  -36.610 0.2857142985
60335  -28.517  -6.873  -36.958 0.2857142985
62689  -30.079  -5.100  -37.814 0.2857142985
62666  -28.665  -5.652  -37.683 0.2857142985
64965  -30.243  -3.662  -38.219 0.2857142985
64982  -28.713  -3.522  -39.111 0.4285714328
66120  -29.684  -2.361  -39.089 0.4285714328
67235  -30.990  -2.178  -38.791 0.2857142985
67250  -32.293  -1.461  -39.082 0.2857142985
67282  -24.160  -0.365  -41.741 0.7142857313
70446  -25.585  1.810  -43.398 0.5714285970
69386  -29.559  0.736  -40.466 0.4285714328
72492  -29.511  3.027  -41.028 0.4285714328
75690  -28.744  6.661  -42.676 0.7142857313
78961  -27.070  9.570  -46.090 0.8571428657
81810  -25.494  12.828  -48.912 0.4285714328
81804  -25.627  12.009  -48.930 0.5714285970
81806  -27.073  12.265  -47.343 0.7142857313
75693  -31.459  6.924  -41.814 0.2857142985
79899  -27.747  10.597  -45.443 0.8571428657
78947  -29.005  10.320  -43.819 0.5714285970
84527  -26.062  15.132  -51.025 0.2857142985
82701  -29.003  14.126  -46.344 0.4285714328
88320  -25.533  19.705  -49.334 0.1428571492
85459  -29.239  16.782  -48.414 0.2857142985
85452  -30.216  16.206  -47.719 0.1428571492
87429  -26.773  18.305  -51.825 0.2857142985
53615  -20.844  -13.124  -33.589 0.1428571492
55787  -18.399  -11.229  -33.360 0.2857142985
54729  -22.475  -12.848  -34.197 0.1428571492
58013  -26.555  -9.144  -36.182 0.1428571492
60332  -25.951  -7.443  -38.028 0.2857142985
60333  -26.681  -6.897  -37.755 0.2857142985
62668  -30.640  -5.618  -37.699 0.2857142985
63813  -30.809  -4.695  -37.789 0.2857142985
62687  -28.311  -5.263  -38.298 0.2857142985
68331  -32.622  -0.591  -39.441 0.2857142985
67283  -24.832  -0.797  -41.770 0.7142857313
66156  -25.737  -1.178  -41.693 0.5714285970
69415  -23.132  0.699  -42.198 0.4285714328
68362  -23.823  0.244  -42.245 0.5714285970
68330  -31.674  -0.536  -39.135 0.4285714328
71457  -22.715  2.587  -42.973 0.2857142985
71445  -22.998  1.990  -42.726 0.5714285970
69373  -32.152  0.163  -39.575 0.2857142985
68343  -29.514  -0.522  -40.379 0.4285714328
69427  -24.403  0.572  -43.555 0.7142857313
72518  -23.747  3.190  -43.939 0.2857142985
70403  -32.272  1.538  -40.072 0.1428571492
71421  -31.850  2.367  -40.346 0.4285714328
72475  -30.319  2.794  -40.758 0.4285714328
72477  -31.963  3.065  -40.632 0.1428571492
72494  -31.550  3.703  -40.649 0.1428571492
75691  -29.307  6.998  -42.428 0.5714285970
77919  -29.391  8.394  -42.970 0.7142857313
77897  -31.762  8.214  -42.817 0.2857142985
77921  -31.375  8.983  -42.771 0.1428571492
78921  -29.551  9.678  -43.413 0.4285714328
77896  -31.066  8.246  -42.572 0.4285714328
79855  -31.214  10.344  -43.679 0.1428571492
80782  -31.293  10.789  -43.965 0.1428571492
80803  -29.308  11.360  -44.264 0.1428571492
81779  -30.648  12.714  -44.989 0.1428571492
81760  -30.201  12.149  -44.616 0.1428571492
83546  -30.143  14.087  -45.867 0.1428571492
85458  -28.301  16.443  -48.792 0.2857142985
84501  -28.653  15.544  -47.729 0.2857142985
83560  -29.718  14.511  -46.297 0.2857142985
84490  -31.044  14.843  -46.742 0.1428571492
84504  -31.326  15.433  -47.386 0.1428571492
84512  -31.570  15.908  -48.124 0.1428571492
86437  -29.564  17.825  -49.558 0.2857142985
86438  -30.757  17.734  -49.508 0.1428571492
85471  -31.292  17.032  -49.124 0.1428571492
56885  -24.579  -10.882  -35.780 0.1428571492
64966  -31.303  -3.658  -38.162 0.2857142985
74581  -32.482  5.110  -41.455 0.2857142985
85472  -31.795  16.538  -49.243 0.1428571492
55769  -18.668  -11.833  -33.027 0.2857142985
53616  -21.721  -13.293  -33.705 0.1428571492
54751  -22.454  -12.170  -34.601 0.1428571492
55809  -23.164  -11.821  -35.111 0.1428571492
59178  -24.491  -8.214  -37.655 0.2857142985
60351  -25.742  -6.925  -38.354 0.2857142985
64990  -25.052  -2.817  -40.705 0.4285714328
70401  -30.223  1.663  -40.214 0.4285714328
69417  -26.342  0.643  -42.653 0.7142857313
74613  -28.515  6.118  -42.694 0.7142857313
75723  -26.891  6.281  -45.287 0.8571428657
82713  -27.069  13.463  -48.065 0.7142857313
84526  -25.262  14.992  -51.509 0.2857142985
73510  -28.925  3.412  -41.702 0.4285714328
56898  -23.478  -10.188  -36.145 0.1428571492
61476  -27.360  -6.240  -37.989 0.2857142985
67248  -30.239  -1.736  -39.212 0.4285714328
71460  -25.251  2.225  -43.745 0.5714285970
77957  -27.128  8.518  -45.598 0.8571428657
79917  -27.086  10.525  -46.507 0.8571428657
83593  -25.686  14.722  -51.102 0.2857142985
68363  -26.028  0.125  -42.648 0.8571428657
86454  -25.177  17.096  -51.674 0.2857142985
86436  -28.629  17.729  -49.699 0.2857142985
87419  -26.932  17.749  -51.462 0.2857142985
86447  -27.474  17.399  -50.718 0.2857142985
85469  -27.111  16.236  -50.059 0.2857142985
86426  -28.295  17.093  -49.373 0.2857142985
85457  -27.566  15.996  -49.318 0.2857142985
85488  -25.772  16.335  -51.681 0.2857142985
86445  -26.322  16.847  -51.614 0.2857142985
85450  -28.766  16.229  -48.144 0.2857142985
86429  -30.459  17.077  -48.743 0.1428571492
85460  -30.061  16.761  -48.251 0.1428571492
85479  -26.857  16.432  -50.761 0.2857142985
85462  -31.628  16.085  -48.532 0.1428571492
84503  -30.374  15.675  -47.193 0.1428571492
86428  -29.887  17.284  -48.871 0.1428571492
83573  -28.443  14.645  -47.309 0.4285714328
84500  -28.066  15.422  -48.138 0.5714285970
83548  -31.359  13.820  -46.006 0.1428571492
84502  -29.544  15.752  -47.318 0.2857142985
84489  -30.502  15.089  -46.714 0.2857142985
83559  -28.939  14.637  -46.651 0.4285714328
82700  -28.230  13.634  -46.782 0.5714285970
80821  -28.840  11.746  -44.907 0.4285714328
81777  -28.477  12.677  -45.512 0.5714285970
73554  -24.380  4.360  -44.743 0.4285714328
72532  -24.321  3.603  -44.370 0.4285714328
76828  -27.834  7.165  -44.043 0.8571428657
77918  -28.520  8.146  -43.616 0.8571428657
76808  -29.953  7.605  -42.270 0.5714285970
75710  -28.740  6.992  -42.790 0.7142857313
67259  -24.037  -1.311  -41.023 0.5714285970
67271  -23.836  -0.551  -41.173 0.4285714328
67298  -25.135  -0.409  -42.163 0.7142857313
68377  -24.721  0.449  -42.772 0.7142857313
69426  -23.302  0.196  -43.070 0.4285714328
70460  -23.419  0.415  -43.777 0.5714285970
69414  -22.695  1.173  -41.923 0.2857142985
70429  -25.521  1.199  -43.107 0.7142857313
73543  -28.836  5.761  -42.226 0.5714285970
74614  -28.945  6.109  -42.272 0.7142857313
64989  -24.410  -2.505  -40.661 0.5714285970
73513  -32.044  4.435  -40.998 0.2857142985
66105  -29.739  -2.929  -38.658 0.2857142985
68344  -30.301  0.107  -40.028 0.4285714328
69388  -31.688  0.869  -39.872 0.4285714328
71420  -30.777  2.337  -40.336 0.4285714328
63811  -28.794  -4.515  -38.461 0.2857142985
56900  -25.145  -10.256  -36.186 0.1428571492
52538  -19.749  -14.130  -32.516 0.1428571492
72476  -31.156  2.990  -40.546 0.2857142985
53594  -21.862  -13.971  -33.406 0.1428571492
54730  -23.271  -12.950  -34.084 0.1428571492
86424  -25.280  17.569  -48.612 0.1428571492
79915  -23.456  10.246  -47.255 0.5714285970
77968  -23.623  8.958  -46.772 0.4285714328
78973  -22.796  9.715  -46.545 0.4285714328
78987  -24.451  9.755  -47.696 0.5714285970
77969  -24.686  8.685  -46.993 0.4285714328
77978  -24.267  9.302  -47.223 0.5714285970
79928  -25.503  10.618  -48.001 0.4285714328
75734  -24.206  6.534  -46.006 0.4285714328
75745  -23.829  7.195  -46.355 0.4285714328
76856  -22.605  7.412  -45.940 0.4285714328
76868  -24.200  7.866  -46.694 0.5714285970
77980  -25.204  9.107  -47.166 0.5714285970
74627  -24.906  5.010  -45.145 0.5714285970
64968  -33.023  -3.586  -39.118 0.1428571492
66121  -32.326  -2.282  -38.905 0.1428571492
66122  -33.188  -2.339  -39.336 0.1428571492
60310  -20.562  -7.562  -36.759 0.2857142985
63829  -34.228  -4.934  -40.054 0.1428571492
63815  -32.758  -4.577  -38.703 0.1428571492
63837  -34.681  -4.547  -40.754 0.1428571492
63828  -33.622  -4.577  -39.480 0.1428571492
63792  -31.604  -5.167  -37.852 0.1428571492
62691  -32.424  -5.538  -38.108 0.1428571492
62692  -33.285  -5.585  -38.945 0.1428571492
61512  -35.375  -6.299  -40.217 0.1428571492
62702  -34.099  -5.611  -39.548 0.1428571492
63816  -35.840  -4.388  -38.380 0.1428571492
62704  -36.414  -5.270  -39.878 0.1428571492
63830  -36.193  -4.434  -39.350 0.1428571492
59154  -20.206  -7.974  -36.429 0.2857142985
60297  -19.342  -7.921  -35.933 0.2857142985
60336  -29.550  -6.995  -36.818 0.1428571492
61479  -30.116  -6.453  -37.380 0.1428571492
61478  -29.098  -6.310  -37.334 0.1428571492
61500  -33.014  -6.608  -38.550 0.1428571492
61481  -32.221  -6.678  -37.768 0.1428571492
61511  -34.584  -6.486  -39.781 0.1428571492
60365  -35.701  -7.058  -39.801 0.1428571492
61482  -36.083  -6.625  -38.163 0.1428571492
62670  -35.644  -5.346  -37.638 0.1428571492
62693  -36.185  -5.434  -38.796 0.1428571492
59145  -19.921  -8.505  -35.819 0.2857142985
59144  -19.215  -8.134  -35.652 0.2857142985
59132  -18.870  -8.711  -35.258 0.2857142985
59162  -28.244  -8.291  -36.199 0.1428571492
60316  -29.941  -7.870  -36.588 0.1428571492
60337  -30.611  -7.331  -37.007 0.1428571492
61480  -31.200  -6.622  -37.404 0.1428571492
59203  -34.817  -7.943  -39.402 0.1428571492
60355  -36.186  -7.276  -38.929 0.1428571492
59204  -35.390  -7.778  -39.426 0.1428571492
63793  -34.867  -4.057  -36.871 0.1428571492
63794  -35.325  -4.217  -37.510 0.1428571492
60315  -28.911  -7.669  -36.581 0.1428571492
60317  -30.897  -8.174  -36.720 0.1428571492
59164  -30.293  -8.674  -36.403 0.1428571492
59182  -32.916  -8.788  -37.926 0.1428571492
59193  -33.429  -8.353  -38.584 0.1428571492
60338  -31.831  -7.945  -37.280 0.1428571492
59194  -34.172  -8.578  -39.113 0.1428571492
59196  -35.648  -8.097  -38.803 0.1428571492
62647  -35.047  -5.522  -36.657 0.1428571492
61457  -35.531  -6.442  -37.083 0.1428571492
58015  -28.718  -9.194  -35.895 0.1428571492
58017  -30.678  -9.403  -36.300 0.1428571492
59163  -29.329  -8.451  -36.183 0.1428571492
60318  -31.392  -8.478  -36.879 0.1428571492
59183  -33.639  -9.029  -38.514 0.1428571492
58002  -31.047  -9.928  -36.091 0.1428571492
58001  -30.321  -9.841  -35.819 0.1428571492
58016  -29.789  -9.234  -36.048 0.1428571492
58019  -32.093  -10.203  -37.298 0.1428571492
58018  -31.530  -9.759  -36.711 0.1428571492
58028  -33.584  -9.675  -38.022 0.1428571492
58027  -32.792  -9.790  -37.489 0.1428571492
60340  -35.999  -7.693  -38.207 0.1428571492
58037  -34.674  -9.428  -38.716 0.1428571492
59181  -32.226  -9.013  -37.421 0.1428571492
60339  -32.837  -7.666  -38.185 0.1428571492
63772  -35.110  -4.733  -36.963 0.1428571492
64950  -35.020  -3.347  -37.168 0.1428571492
61502  -36.460  -6.366  -39.273 0.1428571492
64967  -32.255  -3.647  -38.499 0.1428571492
64983  -33.775  -3.453  -39.808 0.1428571492
57994  -19.888  -9.296  -35.361 0.2857142985
63771  -34.622  -4.511  -36.183 0.1428571492
64931  -34.603  -3.435  -36.385 0.1428571492
74640  -23.627  6.082  -45.504 0.4285714328
64951  -35.461  -3.390  -38.023 0.1428571492
62713  -36.080  -4.919  -40.223 0.1428571492
64969  -35.815  -3.462  -39.011 0.1428571492
67251  -33.015  -1.303  -39.572 0.1428571492
79926  -23.949  10.535  -47.589 0.4285714328
80844  -24.238  11.449  -47.973 0.4285714328
86448  -31.134  18.317  -50.921 0.1428571492
79927  -24.761  10.517  -48.017 0.4285714328
66108  -32.537  -2.909  -38.839 0.1428571492
58014  -27.612  -9.021  -35.970 0.1428571492
62690  -30.514  -5.136  -37.749 0.1428571492
69389  -32.648  0.729  -40.066 0.1428571492
63814  -31.897  -4.527  -38.113 0.1428571492
63836  -34.035  -4.254  -40.256 0.1428571492
62703  -34.780  -5.525  -40.037 0.1428571492
62711  -35.296  -5.385  -40.377 0.1428571492
63845  -35.199  -3.968  -41.205 0.1428571492
62712  -35.835  -5.353  -40.281 0.1428571492
62669  -31.577  -5.815  -37.716 0.1428571492
61522  -35.769  -5.996  -40.313 0.1428571492
61513  -36.151  -6.299  -40.126 0.1428571492
61501  -33.839  -6.560  -39.199 0.1428571492
60364  -35.046  -7.225  -39.771 0.1428571492
60354  -34.346  -7.430  -39.427 0.1428571492
59205  -35.894  -7.502  -39.363 0.1428571492
60353  -33.584  -7.565  -38.920 0.1428571492
59165  -31.076  -8.905  -36.678 0.1428571492
59166  -31.636  -8.952  -37.083 0.1428571492
58036  -34.121  -9.570  -38.571 0.1428571492
59195  -35.024  -8.553  -39.052 0.1428571492
59184  -35.432  -8.370  -37.892 0.1428571492
58026  -32.017  -9.560  -37.245 0.1428571492
54694  -17.211  -12.420  -31.837 0.1428571492
54710  -18.291  -12.461  -32.390 0.1428571492
55743  -16.539  -11.773  -31.857 0.1428571492
54709  -17.659  -11.916  -32.344 0.1428571492
55768  -17.959  -11.639  -32.815 0.1428571492
55786  -17.716  -11.064  -33.174 0.1428571492
56845  -18.627  -10.822  -33.861 0.1428571492
56862  -17.742  -10.198  -33.915 0.1428571492
57985  -17.909  -9.768  -34.256 0.1428571492
56864  -19.142  -10.410  -34.287 0.1428571492
57987  -19.405  -9.619  -34.977 0.1428571492
57968  -16.980  -9.725  -33.461 0.1428571492
57986  -18.545  -9.619  -34.576 0.1428571492
60278  -17.824  -7.684  -34.843 0.1428571492
60308  -19.114  -6.936  -36.346 0.2857142985
60309  -19.636  -7.508  -36.464 0.1428571492
61455  -20.896  -7.160  -37.066 0.1428571492
61471  -21.169  -6.607  -37.510 0.2857142985
64962  -22.389  -3.825  -39.118 0.4285714328
63822  -23.491  -3.968  -39.450 0.4285714328
64975  -22.685  -3.282  -39.499 0.4285714328
73553  -23.416  4.743  -44.654 0.2857142985
74625  -22.707  5.652  -45.043 0.2857142985
74641  -24.584  5.727  -45.616 0.2857142985
78958  -20.781  9.455  -45.244 0.2857142985
78972  -21.970  9.645  -46.288 0.2857142985
78974  -23.301  9.806  -47.004 0.2857142985
79914  -22.930  10.521  -46.896 0.4285714328
61452  -18.714  -6.373  -36.289 0.1428571492
61453  -19.472  -6.382  -36.873 0.2857142985
57969  -17.392  -9.755  -33.970 0.1428571492
59130  -17.374  -8.316  -34.238 0.1428571492
60295  -18.127  -7.122  -35.352 0.1428571492
60296  -18.706  -7.513  -35.706 0.1428571492
61436  -18.169  -6.616  -35.720 0.1428571492
62641  -19.019  -5.659  -36.759 0.2857142985
61454  -20.339  -6.856  -36.946 0.2857142985
61470  -20.179  -6.151  -37.372 0.2857142985
62663  -21.491  -5.879  -38.050 0.2857142985
62681  -22.052  -5.389  -38.434 0.4285714328
63805  -21.310  -4.549  -38.529 0.4285714328
64961  -21.640  -3.541  -39.043 0.2857142985
73539  -23.735  3.987  -44.428 0.2857142985
74611  -22.813  4.976  -44.473 0.2857142985
74626  -23.932  5.239  -45.145 0.2857142985
74624  -21.589  5.858  -44.652 0.2857142985
74639  -22.986  6.368  -45.443 0.2857142985
75733  -23.245  6.872  -45.994 0.2857142985
77955  -21.955  8.399  -46.017 0.2857142985
77953  -20.518  8.648  -45.128 0.2857142985
77966  -21.807  8.996  -46.029 0.2857142985
62662  -20.669  -5.613  -37.908 0.2857142985
73537  -21.862  4.420  -43.548 0.2857142985
75722  -21.879  6.160  -45.166 0.2857142985
76841  -20.522  7.378  -44.685 0.2857142985
75732  -22.280  6.769  -45.427 0.2857142985
75731  -21.635  7.251  -45.273 0.2857142985
76853  -20.255  7.997  -44.908 0.2857142985
76866  -22.362  7.950  -46.222 0.2857142985
74623  -20.964  6.186  -44.392 0.2857142985
75720  -20.221  6.662  -44.187 0.2857142985
75721  -21.251  6.726  -44.907 0.2857142985
63806  -22.346  -4.461  -38.880 0.4285714328
63821  -22.822  -4.043  -39.230 0.4285714328
56844  -17.960  -10.721  -33.715 0.1428571492
76855  -21.915  7.753  -45.627 0.2857142985
60279  -18.316  -8.175  -35.009 0.1428571492
56820  -16.767  -10.642  -32.898 0.1428571492
56843  -17.252  -10.460  -33.377 0.1428571492
56863  -18.273  -10.306  -34.197 0.1428571492
59131  -17.771  -8.917  -34.426 0.1428571492
77954  -21.312  8.641  -45.614 0.2857142985
62680  -21.278  -5.264  -38.185 0.4285714328
75719  -19.552  7.187  -43.897 0.2857142985
66116  -22.116  -2.280  -39.775 0.2857142985
66129  -22.734  -1.703  -40.254 0.2857142985
89206  -28.487  20.441  -53.059 0.1428571492
88331  -29.307  19.966  -52.912 0.1428571492
88330  -28.659  19.665  -52.722 0.1428571492
87421  -28.516  18.637  -51.194 0.1428571492
87422  -29.389  18.772  -51.110 0.1428571492
89194  -28.944  20.457  -52.345 0.1428571492
87430  -27.959  19.003  -52.292 0.1428571492
87439  -26.418  18.907  -52.254 0.1428571492
89191  -26.248  20.365  -51.683 0.1428571492
87423  -30.232  18.566  -50.995 0.1428571492
87414  -29.021  18.352  -50.272 0.1428571492
87431  -28.947  19.257  -52.049 0.1428571492
87413  -28.208  18.035  -50.439 0.1428571492
88338  -27.357  19.876  -53.044 0.1428571492
88337  -26.652  19.642  -52.330 0.1428571492
88328  -25.744  19.560  -52.004 0.1428571492
87438  -25.991  18.895  -51.910 0.1428571492
88340  -28.798  20.175  -53.075 0.1428571492
89193  -28.042  20.389  -51.882 0.1428571492
87441  -27.681  19.450  -52.849 0.1428571492
87440  -27.156  19.195  -52.498 0.1428571492
87432  -29.684  19.313  -52.045 0.1428571492
74609  -20.772  5.509  -43.835 0.1428571492
74610  -22.133  5.145  -44.236 0.1428571492
76840  -19.777  7.751  -44.303 0.1428571492
77911  -18.176  8.681  -42.992 0.1428571492
77934  -18.521  9.095  -43.476 0.1428571492
73538  -22.904  4.235  -44.133 0.1428571492
79847  -18.674  10.271  -43.661 0.1428571492
79872  -19.104  10.273  -44.221 0.1428571492
80795  -19.528  10.693  -44.403 0.2857142985
69402  -22.932  0.392  -41.727 0.2857142985
69401  -22.298  0.713  -41.495 0.1428571492
72506  -22.177  3.071  -42.958 0.1428571492
72517  -22.716  3.356  -43.393 0.1428571492
74608  -19.902  5.898  -43.527 0.1428571492
79897  -20.877  10.352  -45.343 0.1428571492
79896  -20.278  10.563  -45.108 0.1428571492
80817  -20.534  10.881  -45.263 0.2857142985
81790  -22.109  11.780  -46.520 0.2857142985
83556  -22.292  14.269  -46.295 0.2857142985
84471  -21.968  14.755  -45.775 0.2857142985
79925  -23.372  10.803  -47.252 0.2857142985
80818  -21.031  11.371  -45.549 0.2857142985
81791  -22.534  12.147  -46.944 0.2857142985
81803  -24.752  12.532  -48.293 0.2857142985
81774  -22.113  13.060  -46.740 0.2857142985
82682  -21.611  13.597  -46.427 0.2857142985
82711  -23.970  13.511  -47.825 0.2857142985
82696  -22.027  13.935  -46.498 0.2857142985
83543  -21.778  14.364  -46.289 0.2857142985
84485  -24.494  14.879  -46.998 0.1428571492
84458  -22.453  15.026  -45.012 0.2857142985
86420  -25.495  17.422  -47.332 0.1428571492
83528  -21.509  14.346  -45.461 0.1428571492
83509  -21.482  13.656  -44.834 0.1428571492
80796  -20.313  11.135  -44.732 0.2857142985
83544  -23.551  14.731  -46.438 0.2857142985
84473  -24.012  14.964  -46.136 0.1428571492
79819  -18.442  10.793  -42.376 0.2857142985
85408  -23.013  14.802  -44.025 0.1428571492
84461  -24.976  15.081  -44.978 0.1428571492
84460  -24.070  14.775  -45.328 0.1428571492
78877  -19.536  9.000  -42.472 0.1428571492
76810  -31.763  7.622  -42.357 0.1428571492
71444  -22.150  2.361  -42.481 0.1428571492
73525  -21.382  4.145  -43.060 0.1428571492
75694  -32.570  6.707  -42.413 0.1428571492
73524  -20.551  4.354  -42.860 0.1428571492
75682  -19.095  6.066  -42.649 0.1428571492
75702  -19.236  6.654  -43.305 0.1428571492
76822  -18.510  7.773  -43.080 0.1428571492
77935  -19.137  8.711  -43.948 0.1428571492
79829  -18.467  10.530  -43.127 0.1428571492
78940  -20.130  9.448  -44.814 0.1428571492
80774  -19.143  10.865  -43.950 0.2857142985
80797  -20.671  11.842  -45.255 0.1428571492
81772  -20.937  12.425  -45.578 0.1428571492
81773  -21.783  12.399  -46.097 0.2857142985
83541  -21.272  13.602  -45.572 0.1428571492
82681  -21.266  13.256  -45.827 0.1428571492
84441  -23.344  14.800  -44.427 0.1428571492
85407  -22.644  15.048  -44.112 0.2857142985
84459  -23.263  14.886  -45.141 0.1428571492
84474  -24.874  15.437  -45.875 0.1428571492
74600  -32.032  5.975  -41.670 0.1428571492
83557  -23.122  14.167  -46.273 0.2857142985
83545  -23.950  14.856  -46.716 0.2857142985
80843  -23.478  11.387  -47.531 0.2857142985
70427  -22.237  1.599  -41.908 0.1428571492
81801  -23.013  11.818  -47.431 0.2857142985
78959  -21.354  9.584  -45.774 0.1428571492
79898  -21.509  10.455  -45.975 0.1428571492
73536  -20.995  4.648  -43.364 0.1428571492
75703  -19.979  6.140  -43.779 0.1428571492
74590  -19.757  5.390  -43.045 0.1428571492
74591  -20.499  4.956  -43.308 0.1428571492
76839  -19.050  7.726  -43.728 0.1428571492
77912  -18.675  8.435  -43.383 0.1428571492
78938  -18.715  9.645  -43.890 0.1428571492
78939  -19.364  9.522  -44.444 0.1428571492
72516  -21.961  3.730  -43.050 0.1428571492
79874  -20.376  10.041  -45.011 0.1428571492
72505  -21.403  3.413  -42.683 0.1428571492
80834  -22.391  11.259  -46.733 0.2857142985
80819  -21.772  11.294  -46.291 0.2857142985
82698  -23.337  13.862  -47.071 0.2857142985
84457  -21.747  14.554  -45.136 0.1428571492
84472  -22.948  14.727  -45.780 0.2857142985
85432  -25.605  16.121  -45.535 0.1428571492
81802  -23.354  12.415  -47.753 0.2857142985
82683  -22.052  13.581  -46.746 0.2857142985
82710  -23.235  13.277  -47.218 0.2857142985
83527  -21.406  13.818  -45.283 0.1428571492
86425  -25.925  18.001  -47.945 0.1428571492
82680  -20.971  13.114  -45.356 0.2857142985
62639  -18.173  -5.461  -35.990 0.1428571492
62660  -19.394  -5.569  -37.172 0.1428571492
62661  -19.893  -5.458  -37.517 0.1428571492
64921  -18.422  -4.224  -36.182 0.1428571492
66059  -18.437  -3.612  -36.646 0.1428571492
64942  -19.054  -3.911  -37.322 0.1428571492
63788  -19.330  -4.772  -37.429 0.1428571492
66082  -19.017  -3.270  -37.713 0.1428571492
66101  -19.385  -2.798  -38.191 0.1428571492
64960  -20.516  -3.706  -38.526 0.1428571492
66100  -18.688  -2.683  -37.849 0.1428571492
66102  -20.156  -2.730  -38.593 0.1428571492
66115  -21.217  -2.468  -39.300 0.1428571492
67257  -22.217  -0.964  -40.502 0.1428571492
80775  -19.981  11.091  -44.025 0.1428571492
63762  -18.459  -4.885  -36.294 0.1428571492
63787  -18.954  -4.439  -37.112 0.1428571492
84439  -22.560  14.366  -44.221 0.1428571492
68341  -23.134  -0.316  -41.243 0.1428571492
62640  -18.545  -5.541  -36.387 0.1428571492
63790  -20.826  -4.909  -38.124 0.1428571492
64974  -21.895  -2.928  -39.454 0.1428571492
63764  -19.097  -5.245  -37.093 0.1428571492
63763  -18.825  -4.954  -36.872 0.1428571492
64943  -19.783  -3.771  -37.818 0.1428571492
64944  -20.227  -4.183  -38.183 0.1428571492
63789  -20.205  -4.722  -37.862 0.1428571492
64959  -19.965  -3.236  -38.259 0.1428571492
63804  -20.606  -4.427  -38.267 0.1428571492
66103  -20.826  -2.961  -38.860 0.1428571492
67203  -18.272  -2.758  -37.041 0.1428571492
63738  -17.657  -5.557  -35.338 0.1428571492
57988  -20.023  -9.847  -35.218 0.2857142985
59113  -17.233  -9.313  -33.848 0.1428571492
59133  -19.532  -9.003  -35.307 0.2857142985
60319  -35.281  -7.040  -36.697 0.1428571492
60366  -36.174  -6.958  -39.552 0.1428571492
61469  -19.704  -5.899  -37.264 0.2857142985
61475  -26.864  -6.449  -38.129 0.2857142985
61499  -27.005  -6.216  -38.324 0.2857142985
61521  -35.588  -5.809  -40.325 0.1428571492
62664  -27.528  -5.926  -38.263 0.2857142985
62705  -36.197  -4.705  -40.198 0.1428571492
63791  -31.171  -5.321  -37.751 0.1428571492
64963  -28.594  -4.130  -39.154 0.4285714328
65011  -26.034  -2.385  -43.187 0.7142857313
65012  -26.433  -2.812  -43.063 0.7142857313
65013  -26.912  -2.954  -42.862 0.8571428657
65020  -26.055  -2.021  -43.466 0.7142857313
65022  -27.023  -2.815  -43.324 0.7142857313
66104  -29.305  -3.119  -38.814 0.4285714328
66157  -26.151  -2.012  -42.376 0.7142857313
66159  -27.026  -2.278  -42.503 0.8571428657
66170  -25.876  -0.960  -41.849 0.7142857313
66171  -26.074  -1.783  -42.647 0.7142857313
66172  -26.384  -1.726  -42.942 0.7142857313
66173  -26.998  -2.115  -43.185 0.7142857313
66178  -26.001  -0.679  -41.949 0.7142857313
66179  -26.158  -1.354  -41.893 0.7142857313
66180  -26.036  -1.538  -42.521 0.7142857313
67260  -27.219  -2.703  -40.842 0.7142857313
67274  -27.539  -1.731  -41.429 0.7142857313
67284  -25.723  -0.079  -42.581 0.8571428657
67285  -26.228  -0.274  -42.454 0.7142857313
67297  -24.343  -0.317  -42.256 0.7142857313
67300  -26.479  -0.880  -42.263 0.7142857313
67301  -26.772  -1.466  -42.137 0.7142857313
67309  -25.769  -0.589  -42.015 0.7142857313
67310  -26.162  -0.824  -41.994 0.7142857313
68365  -27.214  -0.561  -42.154 0.7142857313
68376  -24.171  0.446  -42.717 0.5714285970
68378  -25.416  0.371  -42.784 0.7142857313
68379  -26.893  -0.815  -42.254 0.7142857313
68394  -24.267  0.231  -43.137 0.5714285970
69428  -25.002  0.747  -43.036 0.7142857313
69442  -23.725  -0.120  -43.659 0.5714285970
69443  -24.279  -0.025  -43.688 0.5714285970
70445  -25.032  1.358  -43.284 0.7142857313
70461  -23.894  0.258  -44.056 0.5714285970
71446  -26.486  1.667  -43.159 0.8571428657
72474  -29.864  2.632  -40.846 0.4285714328
73569  -26.120  5.229  -45.213 0.8571428657
74597  -28.987  6.408  -42.371 0.7142857313
75709  -28.311  6.762  -43.202 0.7142857313
75744  -23.422  7.254  -46.279 0.4285714328
76830  -28.723  7.512  -42.993 0.4285714328
76831  -32.463  7.679  -42.909 0.1428571492
76854  -21.060  7.764  -45.165 0.2857142985
76867  -23.215  7.759  -46.372 0.4285714328
77894  -29.735  7.974  -42.553 0.2857142985
77936  -19.849  8.678  -44.601 0.1428571492
77967  -22.551  8.774  -46.274 0.2857142985
77979  -24.805  9.333  -47.306 0.5714285970
78914  -18.268  9.764  -43.261 0.1428571492
78975  -25.581  9.203  -47.126 1.0000000000
78986  -23.762  9.688  -47.417 0.5714285970
78989  -25.991  10.123  -47.626 0.7142857313
79873  -19.815  10.276  -44.697 0.1428571492
79900  -28.294  11.194  -45.075 0.7142857313
79913  -22.178  10.473  -46.519 0.1428571492
80835  -22.956  11.329  -47.120 0.2857142985
81775  -22.298  13.378  -46.935 0.2857142985
81776  -27.740  12.402  -45.898 0.5714285970
81792  -22.684  13.001  -47.044 0.2857142985
82684  -28.442  13.261  -46.007 0.5714285970
82697  -22.626  13.678  -46.720 0.2857142985
83542  -21.482  14.112  -45.803 0.1428571492
83547  -30.891  13.954  -45.922 0.1428571492
83561  -30.656  14.475  -46.346 0.1428571492
83594  -25.897  14.647  -50.840 0.4285714328
84420  -21.900  15.088  -43.408 0.2857142985
84440  -22.995  14.536  -44.297 0.2857142985
84456  -21.615  14.107  -45.128 0.1428571492
84470  -21.566  14.583  -45.563 0.1428571492
84483  -22.067  14.611  -46.161 0.2857142985
84484  -22.434  14.631  -46.099 0.2857142985
84487  -28.991  15.236  -47.062 0.2857142985
84511  -28.286  15.835  -48.274 0.2857142985
84517  -24.553  15.523  -51.480 0.2857142985
84525  -24.749  15.603  -52.113 0.2857142985
84535  -25.380  15.683  -52.087 0.2857142985
84536  -25.744  15.602  -51.541 0.2857142985
85386  -21.965  15.348  -43.113 0.2857142985
85387  -22.447  15.538  -43.052 0.2857142985
85388  -23.071  15.189  -43.517 0.2857142985
85396  -21.907  15.480  -43.481 0.2857142985
85397  -22.326  15.322  -43.642 0.2857142985
85398  -23.163  15.003  -43.873 0.1428571492
85406  -22.213  15.213  -44.034 0.2857142985
85453  -30.757  15.955  -47.662 0.1428571492
85468  -26.557  15.859  -50.676 0.2857142985
85486  -24.756  16.286  -52.159 0.2857142985
85487  -25.324  16.393  -52.049 0.2857142985
86434  -27.263  16.874  -50.573 0.2857142985
86443  -24.412  16.647  -51.405 0.2857142985
86456  -26.597  17.442  -51.699 0.2857142985
87412  -27.812  17.664  -50.622 0.1428571492
88336  -26.170  19.250  -52.165 0.1428571492
88339  -28.154  19.888  -53.018 0.1428571492
