#!ascii label  , from subject 201818 vox2ras=TkReg
806
63957  12.096  4.098  37.716 0.0000000000
50926  7.837  -5.798  28.452 0.0000000000
56800  5.878  -0.454  38.900 0.0000000000
58188  5.179  0.569  32.219 0.0000000000
62931  6.821  5.066  24.547 0.0000000000
61545  7.782  2.478  38.380 0.0000000000
64026  6.093  3.459  36.179 0.0000000000
59217  15.300  2.735  37.916 0.0000000000
56796  10.955  0.574  38.266 0.0000000000
55506  7.030  -1.713  39.174 0.0000000000
62851  4.372  4.079  30.430 0.0000000000
59365  6.625  1.692  27.812 0.0000000000
66573  4.522  6.620  27.456 0.0000000000
53118  4.118  -3.993  37.877 0.0000000000
55540  6.788  -1.554  35.861 0.0000000000
58144  4.955  0.806  35.471 0.0000000000
62812  5.298  3.235  32.791 0.0000000000
55656  9.172  -0.989  31.229 0.0000000000
57062  10.804  -0.392  25.820 0.0000000000
59435  6.705  1.760  22.356 0.0000000000
65497  4.902  6.857  21.048 0.0000000000
62708  10.158  3.509  38.555 0.0000000000
63980  8.782  3.648  37.042 0.0000000000
62689  13.680  3.415  38.758 0.0000000000
58068  12.820  1.452  38.325 0.0000000000
60393  11.293  2.284  38.771 0.0000000000
60395  9.569  2.005  39.257 0.0000000000
64193  4.054  5.222  29.186 0.0000000000
55518  5.166  -2.074  38.184 0.0000000000
56824  5.751  -0.944  37.440 0.0000000000
59253  5.195  0.791  37.349 0.0000000000
64092  6.825  3.988  33.787 0.0000000000
62781  5.228  3.169  34.648 0.0000000000
56792  6.136  -1.057  39.530 0.0000000000
54280  6.104  -2.808  39.178 0.0000000000
54269  5.078  -2.554  39.109 0.0000000000
53107  4.228  -3.898  38.566 0.0000000000
56899  6.176  -0.047  33.687 0.0000000000
56897  7.793  -0.580  33.592 0.0000000000
56945  6.696  -0.135  31.696 0.0000000000
60548  7.248  2.958  26.765 0.0000000000
59380  9.404  1.267  27.442 0.0000000000
60579  9.568  2.791  25.100 0.0000000000
57095  8.848  0.418  23.537 0.0000000000
61748  8.514  3.624  22.678 0.0000000000
60399  6.553  1.300  38.878 0.0000000000
60422  5.928  2.314  38.018 0.0000000000
62727  6.768  2.764  37.569 0.0000000000
64023  7.802  3.660  35.742 0.0000000000
58094  16.143  2.677  36.500 0.0000000000
58143  14.480  1.188  35.184 0.0000000000
56809  13.734  1.192  36.782 0.0000000000
55523  11.667  0.172  37.054 0.0000000000
56798  9.151  -0.154  38.908 0.0000000000
58063  7.698  0.354  39.410 0.0000000000
59325  4.596  2.114  30.953 0.0000000000
56990  5.383  0.568  29.947 0.0000000000
59349  4.402  2.425  28.903 0.0000000000
60551  4.653  3.348  27.105 0.0000000000
62920  5.066  4.774  26.054 0.0000000000
65318  13.966  4.267  37.103 0.0000000000
58138  19.928  2.170  35.280 0.0000000000
59246  20.867  2.398  36.723 0.0000000000
60421  17.162  3.186  37.281 0.0000000000
62702  15.716  3.945  37.946 0.0000000000
51902  3.811  -5.063  36.859 0.0000000000
53168  5.114  -4.087  35.903 0.0000000000
54336  5.562  -2.922  36.826 0.0000000000
56859  6.030  -0.039  35.755 0.0000000000
58173  4.935  1.132  33.728 0.0000000000
60436  4.931  2.181  35.947 0.0000000000
60452  4.596  2.082  34.046 0.0000000000
59304  4.595  1.917  32.363 0.0000000000
61611  4.644  3.244  31.592 0.0000000000
53183  7.002  -3.169  34.475 0.0000000000
53211  8.579  -3.289  32.552 0.0000000000
53224  9.830  -3.338  30.870 0.0000000000
56987  8.008  0.100  29.807 0.0000000000
57005  10.554  -0.925  28.324 0.0000000000
53280  10.674  -3.306  27.272 0.0000000000
54455  8.423  -2.274  25.091 0.0000000000
55802  6.335  -1.113  23.878 0.0000000000
67651  4.748  8.518  26.922 0.0000000000
64268  5.257  6.232  24.569 0.0000000000
67676  4.499  8.700  23.142 0.0000000000
64287  6.621  6.022  22.343 0.0000000000
61767  5.903  3.936  21.301 0.0000000000
63940  10.641  3.671  38.033 0.0000000000
63959  10.246  3.811  37.624 0.0000000000
63977  11.786  4.187  37.258 0.0000000000
62705  12.675  3.656  38.390 0.0000000000
61530  12.530  3.001  38.870 0.0000000000
62692  11.348  3.160  38.592 0.0000000000
62693  10.527  3.049  38.658 0.0000000000
50945  6.759  -5.795  27.676 0.0000000000
50944  7.846  -5.198  27.627 0.0000000000
56807  5.615  -0.769  38.178 0.0000000000
56808  5.708  -0.030  37.909 0.0000000000
58082  5.591  0.413  37.943 0.0000000000
58141  16.635  1.954  34.759 0.0000000000
56793  5.794  -0.956  39.222 0.0000000000
55492  5.763  -1.743  39.515 0.0000000000
56794  5.406  -1.392  39.101 0.0000000000
55507  5.134  -1.822  38.580 0.0000000000
56922  5.522  0.393  32.895 0.0000000000
56921  6.288  -0.102  32.690 0.0000000000
56946  5.664  0.216  31.762 0.0000000000
61698  7.182  4.239  25.711 0.0000000000
60563  8.280  3.213  26.154 0.0000000000
61718  8.606  4.040  24.575 0.0000000000
61732  9.097  3.640  23.564 0.0000000000
62929  8.455  4.463  23.741 0.0000000000
60398  7.124  1.712  38.822 0.0000000000
61548  6.425  2.224  38.215 0.0000000000
62712  7.142  2.254  37.959 0.0000000000
64002  8.169  3.561  36.336 0.0000000000
64067  8.159  3.815  34.228 0.0000000000
59233  15.592  2.703  37.355 0.0000000000
58095  15.113  2.182  36.749 0.0000000000
58077  13.873  1.651  37.643 0.0000000000
58069  11.811  1.192  38.482 0.0000000000
56804  12.082  0.704  37.678 0.0000000000
56805  11.184  0.297  37.841 0.0000000000
56797  9.982  0.211  38.580 0.0000000000
60396  8.640  1.903  39.263 0.0000000000
58062  8.500  0.585  39.351 0.0000000000
60397  7.865  1.704  38.970 0.0000000000
59212  7.422  0.991  39.230 0.0000000000
60495  4.586  2.676  30.563 0.0000000000
60508  4.445  2.142  29.706 0.0000000000
61632  4.312  3.356  29.327 0.0000000000
64218  4.242  5.282  28.346 0.0000000000
61659  4.330  3.939  28.093 0.0000000000
62906  4.468  4.671  27.265 0.0000000000
61701  4.972  4.258  26.542 0.0000000000
64252  4.650  5.440  26.899 0.0000000000
59231  17.555  2.972  37.059 0.0000000000
53132  4.138  -4.146  37.422 0.0000000000
53148  4.313  -4.340  36.837 0.0000000000
54310  5.021  -3.282  37.225 0.0000000000
56839  5.749  0.022  36.821 0.0000000000
56838  5.919  -0.391  36.729 0.0000000000
56860  5.836  0.170  35.909 0.0000000000
56882  5.358  0.456  34.968 0.0000000000
58160  4.941  1.090  34.576 0.0000000000
62750  5.664  2.986  36.735 0.0000000000
60432  5.201  2.201  36.428 0.0000000000
62763  5.393  2.957  36.052 0.0000000000
62794  5.196  3.121  33.754 0.0000000000
62782  4.846  2.927  34.288 0.0000000000
61592  4.770  2.571  33.365 0.0000000000
60463  4.686  2.285  33.149 0.0000000000
60462  4.729  2.494  32.792 0.0000000000
60481  4.529  2.806  31.955 0.0000000000
61602  4.769  2.995  32.335 0.0000000000
56834  14.003  0.788  35.537 0.0000000000
56856  14.262  0.680  34.754 0.0000000000
54277  7.848  -1.769  38.689 0.0000000000
53105  7.374  -3.028  38.192 0.0000000000
53093  7.016  -2.895  38.600 0.0000000000
53096  5.474  -3.753  38.909 0.0000000000
51836  5.545  -4.546  38.540 0.0000000000
53119  4.162  -3.916  38.246 0.0000000000
51870  3.655  -4.743  37.803 0.0000000000
53146  5.618  -3.463  36.167 0.0000000000
53167  5.912  -3.549  35.230 0.0000000000
54351  6.511  -2.910  35.398 0.0000000000
56918  8.535  -0.974  32.181 0.0000000000
55595  8.516  -1.851  33.438 0.0000000000
55616  9.271  -1.596  32.268 0.0000000000
53225  9.261  -3.388  31.646 0.0000000000
55655  9.989  -1.425  30.894 0.0000000000
58233  5.734  0.903  28.875 0.0000000000
57009  6.601  0.405  29.391 0.0000000000
58245  7.660  1.128  28.521 0.0000000000
58272  10.615  0.425  26.331 0.0000000000
57027  10.142  -0.002  28.194 0.0000000000
57026  10.588  -0.463  27.748 0.0000000000
54412  10.959  -2.301  28.389 0.0000000000
55734  10.956  -1.434  26.659 0.0000000000
53318  9.877  -3.038  25.862 0.0000000000
55755  10.360  -1.391  25.363 0.0000000000
58311  7.371  1.187  22.748 0.0000000000
57097  7.161  -0.576  23.741 0.0000000000
58298  6.718  -0.024  23.203 0.0000000000
68789  4.622  9.558  26.528 0.0000000000
66586  4.674  7.478  26.184 0.0000000000
67665  4.603  8.963  25.007 0.0000000000
67706  4.496  8.570  21.584 0.0000000000
66616  4.781  7.992  21.969 0.0000000000
65472  4.903  7.314  23.036 0.0000000000
65495  5.846  6.721  21.824 0.0000000000
62968  6.351  5.161  21.497 0.0000000000
64298  5.574  5.849  21.160 0.0000000000
62695  8.918  2.886  38.735 0.0000000000
62725  7.808  2.972  37.741 0.0000000000
63960  9.292  3.744  37.632 0.0000000000
60408  14.038  2.613  38.463 0.0000000000
59235  14.013  2.010  38.016 0.0000000000
59205  13.167  2.353  38.516 0.0000000000
59206  12.460  2.110  38.881 0.0000000000
58058  11.285  1.424  38.784 0.0000000000
58059  10.516  1.164  38.921 0.0000000000
60394  10.453  2.112  38.981 0.0000000000
61534  9.164  2.534  39.105 0.0000000000
65389  4.346  6.357  30.146 0.0000000000
62867  4.229  4.167  29.523 0.0000000000
65390  4.151  6.184  29.580 0.0000000000
66539  4.234  7.023  29.187 0.0000000000
67634  4.387  8.004  28.582 0.0000000000
55519  5.045  -2.679  38.052 0.0000000000
55528  5.260  -2.313  37.771 0.0000000000
56814  5.556  -1.099  37.819 0.0000000000
56825  5.712  -0.262  37.394 0.0000000000
59261  5.043  0.718  36.712 0.0000000000
64070  6.167  3.651  34.833 0.0000000000
64071  5.663  3.420  35.097 0.0000000000
64093  6.212  3.755  34.024 0.0000000000
62793  5.701  3.543  33.436 0.0000000000
62811  5.826  3.646  32.487 0.0000000000
62832  5.232  3.822  31.620 0.0000000000
55490  6.885  -1.361  39.436 0.0000000000
54279  6.430  -2.684  39.073 0.0000000000
54266  6.362  -2.178  39.342 0.0000000000
53080  5.465  -3.042  39.165 0.0000000000
53097  4.986  -3.549  38.949 0.0000000000
53098  4.502  -3.853  38.767 0.0000000000
54281  4.923  -2.887  38.737 0.0000000000
54296  4.699  -3.143  38.380 0.0000000000
56857  6.674  -0.715  35.326 0.0000000000
55558  7.171  -1.334  35.154 0.0000000000
56879  6.809  -0.525  34.472 0.0000000000
56920  7.296  -0.178  32.663 0.0000000000
56944  7.681  -0.411  31.704 0.0000000000
59383  6.410  2.322  27.317 0.0000000000
59364  7.538  1.534  27.892 0.0000000000
60547  8.359  2.585  26.889 0.0000000000
59393  9.773  1.666  26.423 0.0000000000
58282  10.402  0.549  25.415 0.0000000000
57075  10.315  -0.273  24.848 0.0000000000
59415  9.784  1.781  24.019 0.0000000000
59433  8.382  1.998  22.807 0.0000000000
59434  7.555  2.043  22.653 0.0000000000
66636  4.188  7.407  20.180 0.0000000000
65508  4.676  6.567  20.527 0.0000000000
65516  4.484  6.479  19.788 0.0000000000
59215  6.043  0.906  38.713 0.0000000000
58072  5.684  1.124  38.390 0.0000000000
60411  6.192  1.705  38.445 0.0000000000
61557  6.062  2.453  37.946 0.0000000000
64005  6.380  3.609  36.649 0.0000000000
63962  7.611  3.158  37.362 0.0000000000
64004  6.911  3.731  36.603 0.0000000000
64025  6.527  3.727  36.087 0.0000000000
64068  7.404  4.002  34.411 0.0000000000
58111  16.695  2.469  36.001 0.0000000000
58128  15.971  2.115  35.461 0.0000000000
58112  15.505  2.160  36.153 0.0000000000
56810  12.914  0.938  36.919 0.0000000000
55531  12.419  0.346  36.474 0.0000000000
54276  8.439  -1.545  38.395 0.0000000000
56799  8.443  -0.476  39.099 0.0000000000
58061  9.343  0.786  39.333 0.0000000000
56788  8.824  0.158  39.203 0.0000000000
55489  7.420  -0.841  39.467 0.0000000000
58064  6.998  0.157  39.556 0.0000000000
58065  6.397  -0.163  39.319 0.0000000000
58200  4.694  1.435  31.737 0.0000000000
56969  5.380  0.546  30.646 0.0000000000
59324  4.657  1.612  30.478 0.0000000000
58234  4.829  1.160  29.031 0.0000000000
59366  5.541  1.757  27.933 0.0000000000
61645  4.368  3.698  28.735 0.0000000000
60537  4.494  2.819  27.687 0.0000000000
59384  5.605  2.369  27.184 0.0000000000
60549  6.089  2.936  26.820 0.0000000000
61699  6.184  4.192  25.945 0.0000000000
62919  5.710  4.806  25.529 0.0000000000
65319  13.450  4.264  37.392 0.0000000000
58126  18.463  2.425  35.493 0.0000000000
58088  22.212  2.078  36.297 0.0000000000
59245  21.789  2.347  36.678 0.0000000000
58089  21.302  2.178  36.334 0.0000000000
58108  19.895  2.332  36.014 0.0000000000
58109  18.992  2.641  35.877 0.0000000000
58110  17.895  2.602  35.935 0.0000000000
59251  16.120  2.872  36.887 0.0000000000
59216  16.144  3.142  37.459 0.0000000000
61542  16.257  3.614  37.879 0.0000000000
61543  15.277  3.416  38.256 0.0000000000
62703  14.502  3.675  38.441 0.0000000000
63955  13.769  4.198  37.855 0.0000000000
53147  4.960  -3.827  36.509 0.0000000000
55541  6.414  -1.795  36.473 0.0000000000
55533  5.718  -2.073  37.423 0.0000000000
55542  6.102  -1.700  36.907 0.0000000000
56835  6.558  -0.978  35.994 0.0000000000
56881  5.799  0.263  34.842 0.0000000000
56901  5.313  0.676  34.192 0.0000000000
56923  5.181  0.713  33.458 0.0000000000
58097  5.200  1.534  37.575 0.0000000000
59260  4.991  1.298  36.822 0.0000000000
59268  4.819  1.286  35.843 0.0000000000
62774  4.902  2.922  35.021 0.0000000000
60437  4.678  2.056  35.280 0.0000000000
59272  4.794  1.460  34.951 0.0000000000
59294  4.627  1.796  33.692 0.0000000000
59293  4.684  1.824  33.253 0.0000000000
58189  4.941  1.109  32.645 0.0000000000
59313  4.484  1.971  31.635 0.0000000000
60482  4.472  2.581  31.505 0.0000000000
61612  4.543  3.296  30.887 0.0000000000
64138  4.790  5.167  30.725 0.0000000000
64165  4.474  5.803  30.395 0.0000000000
51868  7.232  -3.747  37.652 0.0000000000
53094  6.552  -3.300  38.785 0.0000000000
54358  7.555  -2.341  34.319 0.0000000000
53197  7.795  -3.029  33.532 0.0000000000
52045  9.348  -4.933  29.653 0.0000000000
56968  6.266  0.126  30.719 0.0000000000
56967  7.287  -0.180  30.738 0.0000000000
56966  8.454  -0.493  30.874 0.0000000000
58244  8.549  0.900  28.483 0.0000000000
57007  8.891  0.122  29.251 0.0000000000
56985  9.745  -0.842  29.819 0.0000000000
55675  10.530  -1.673  29.620 0.0000000000
53250  10.801  -3.234  28.888 0.0000000000
52063  9.886  -4.656  28.101 0.0000000000
52095  8.722  -4.245  26.604 0.0000000000
55778  8.908  -1.150  24.406 0.0000000000
55780  6.924  -1.550  24.571 0.0000000000
67633  4.543  8.332  28.008 0.0000000000
68783  4.764  9.463  27.546 0.0000000000
66572  4.526  7.538  27.359 0.0000000000
65452  4.830  6.199  26.239 0.0000000000
64259  5.200  5.584  25.356 0.0000000000
64267  6.105  5.726  24.392 0.0000000000
66600  4.566  7.919  23.672 0.0000000000
65464  5.518  6.351  23.908 0.0000000000
64275  6.959  5.581  23.339 0.0000000000
62956  7.670  4.767  22.383 0.0000000000
61750  7.028  3.677  21.936 0.0000000000
60614  6.257  2.430  21.970 0.0000000000
61768  5.087  3.603  21.061 0.0000000000
63939  11.512  3.803  38.046 0.0000000000
63958  11.179  3.947  37.649 0.0000000000
63938  12.391  3.916  38.100 0.0000000000
62706  11.828  3.619  38.402 0.0000000000
62707  11.000  3.449  38.350 0.0000000000
56801  5.596  -0.928  38.745 0.0000000000
58074  5.753  -0.242  38.344 0.0000000000
58140  17.966  2.052  34.942 0.0000000000
58156  17.518  1.830  34.086 0.0000000000
62917  7.239  4.656  24.993 0.0000000000
61719  7.812  4.341  25.033 0.0000000000
62930  7.805  4.812  24.331 0.0000000000
61536  7.638  2.104  38.624 0.0000000000
61546  7.278  2.276  38.280 0.0000000000
62711  7.666  2.470  38.136 0.0000000000
59234  14.686  2.287  37.767 0.0000000000
58076  14.828  2.207  37.269 0.0000000000
56795  11.652  0.774  38.086 0.0000000000
56806  10.408  -0.088  38.161 0.0000000000
61535  8.276  2.422  38.822 0.0000000000
61621  4.389  3.347  30.082 0.0000000000
65417  4.419  6.077  27.979 0.0000000000
64240  4.444  5.303  27.626 0.0000000000
65436  4.574  5.908  27.387 0.0000000000
54311  4.782  -3.323  37.570 0.0000000000
56861  5.581  0.344  36.040 0.0000000000
56883  5.238  0.520  35.358 0.0000000000
64027  5.923  3.335  36.075 0.0000000000
64048  5.720  3.296  35.758 0.0000000000
62795  4.844  2.833  33.680 0.0000000000
61591  4.927  2.853  33.116 0.0000000000
54294  7.402  -2.422  38.525 0.0000000000
54278  7.018  -2.235  38.868 0.0000000000
51837  4.951  -4.669  38.751 0.0000000000
54335  6.442  -2.638  35.955 0.0000000000
54334  6.906  -1.984  35.591 0.0000000000
56942  8.612  -0.880  31.911 0.0000000000
55617  8.812  -1.374  32.895 0.0000000000
55636  8.934  -1.076  31.926 0.0000000000
54376  9.507  -1.920  32.077 0.0000000000
55635  9.481  -1.541  31.701 0.0000000000
58247  6.138  1.314  28.177 0.0000000000
58232  6.846  0.801  29.011 0.0000000000
58246  6.751  1.185  28.356 0.0000000000
57046  10.800  -0.281  26.754 0.0000000000
58297  7.360  0.346  23.146 0.0000000000
58312  6.391  0.611  22.671 0.0000000000
69925  4.580  10.450  27.125 0.0000000000
69937  4.552  10.532  26.113 0.0000000000
67660  4.806  8.695  25.848 0.0000000000
68795  4.588  9.673  25.536 0.0000000000
66628  4.581  7.577  21.084 0.0000000000
66615  5.026  7.365  21.734 0.0000000000
65496  5.490  6.798  21.380 0.0000000000
65507  5.229  6.398  20.854 0.0000000000
62709  9.275  3.326  38.489 0.0000000000
63942  8.964  3.527  38.080 0.0000000000
63941  9.749  3.719  38.134 0.0000000000
63978  10.811  3.988  37.157 0.0000000000
61544  14.392  3.133  38.664 0.0000000000
60390  13.624  2.820  38.655 0.0000000000
60392  12.108  2.486  38.962 0.0000000000
59207  11.681  1.951  38.862 0.0000000000
59221  11.997  1.680  38.765 0.0000000000
59208  10.868  1.723  38.883 0.0000000000
61533  10.069  2.599  39.030 0.0000000000
62694  9.677  3.060  38.890 0.0000000000
67598  4.290  7.558  29.515 0.0000000000
67612  4.327  7.790  29.077 0.0000000000
55529  5.014  -2.569  38.013 0.0000000000
58083  5.593  0.236  37.660 0.0000000000
56815  5.699  -0.258  37.748 0.0000000000
58099  5.597  0.202  37.383 0.0000000000
58116  5.507  0.319  36.944 0.0000000000
64069  6.728  3.923  34.614 0.0000000000
62792  6.329  3.723  33.171 0.0000000000
62831  6.014  4.073  31.581 0.0000000000
56791  6.627  -0.757  39.622 0.0000000000
55491  6.263  -1.622  39.577 0.0000000000
55493  5.332  -1.816  39.310 0.0000000000
54268  5.397  -2.432  39.373 0.0000000000
53081  4.897  -2.600  39.095 0.0000000000
54295  4.996  -2.521  38.492 0.0000000000
56880  6.255  -0.046  34.646 0.0000000000
59382  7.432  2.186  27.392 0.0000000000
61696  8.919  3.329  25.312 0.0000000000
60562  9.311  2.622  26.071 0.0000000000
59400  10.191  1.052  26.014 0.0000000000
59401  10.021  1.786  25.219 0.0000000000
58283  9.957  0.769  24.490 0.0000000000
60595  9.632  2.570  24.401 0.0000000000
60611  8.910  2.786  22.962 0.0000000000
60612  8.090  2.846  22.506 0.0000000000
67725  4.429  8.594  20.444 0.0000000000
67743  4.392  7.953  19.719 0.0000000000
66648  4.253  7.232  19.447 0.0000000000
59214  6.348  0.690  38.989 0.0000000000
60400  6.269  1.172  38.774 0.0000000000
61556  6.466  2.523  37.953 0.0000000000
62728  6.295  2.854  37.737 0.0000000000
63984  6.273  3.464  37.057 0.0000000000
63983  6.722  3.368  37.056 0.0000000000
63961  8.309  3.503  37.657 0.0000000000
63981  7.934  3.476  37.046 0.0000000000
64003  7.500  3.603  36.498 0.0000000000
64024  7.207  3.837  35.985 0.0000000000
64045  7.282  3.857  35.204 0.0000000000
58096  14.271  1.692  37.054 0.0000000000
58113  14.501  1.656  36.464 0.0000000000
58067  13.422  1.723  38.018 0.0000000000
56803  12.966  1.095  37.448 0.0000000000
56811  12.369  0.752  37.196 0.0000000000
55522  12.330  0.583  36.912 0.0000000000
54306  10.807  -0.648  36.897 0.0000000000
55503  9.357  -0.342  38.669 0.0000000000
55504  8.694  -0.905  38.728 0.0000000000
59209  9.994  1.424  39.216 0.0000000000
58060  9.924  0.905  39.064 0.0000000000
56789  7.958  -0.275  39.384 0.0000000000
56790  7.253  -0.462  39.612 0.0000000000
59213  6.782  0.812  39.208 0.0000000000
58210  4.639  1.671  31.168 0.0000000000
58209  4.877  1.175  30.931 0.0000000000
59336  4.352  2.124  29.298 0.0000000000
59335  4.507  1.644  29.609 0.0000000000
59348  4.630  1.816  28.629 0.0000000000
59347  5.118  1.326  28.539 0.0000000000
62880  4.111  4.437  28.619 0.0000000000
61658  4.451  3.586  27.598 0.0000000000
60538  4.451  3.398  28.161 0.0000000000
60536  5.088  2.384  27.489 0.0000000000
60550  5.108  2.859  26.851 0.0000000000
61700  5.420  4.189  26.198 0.0000000000
65334  13.327  4.269  36.998 0.0000000000
65333  14.007  4.358  36.768 0.0000000000
56854  19.758  2.120  34.988 0.0000000000
56874  19.629  1.952  34.632 0.0000000000
58139  19.140  2.215  35.064 0.0000000000
59228  20.447  2.731  36.948 0.0000000000
59227  21.364  2.544  37.098 0.0000000000
58107  20.782  2.075  35.998 0.0000000000
58090  20.364  2.297  36.383 0.0000000000
58092  18.472  2.864  36.266 0.0000000000
59250  16.958  2.851  36.774 0.0000000000
59232  16.568  3.049  37.085 0.0000000000
62701  16.759  4.077  37.823 0.0000000000
60406  15.758  3.215  37.904 0.0000000000
63935  15.013  4.080  37.907 0.0000000000
65306  14.527  4.509  37.339 0.0000000000
63954  14.450  4.280  37.727 0.0000000000
65307  13.979  4.255  37.509 0.0000000000
65308  13.586  4.259  37.648 0.0000000000
54337  4.776  -3.671  36.802 0.0000000000
55534  5.596  -1.601  37.563 0.0000000000
55527  5.215  -2.799  37.566 0.0000000000
56837  6.064  -0.799  36.722 0.0000000000
56836  6.318  -0.859  36.336 0.0000000000
56858  6.285  -0.311  35.521 0.0000000000
58159  5.136  0.896  34.343 0.0000000000
59237  5.430  1.691  37.935 0.0000000000
59236  5.495  1.438  38.171 0.0000000000
59259  5.101  1.789  36.759 0.0000000000
59267  4.932  1.762  36.162 0.0000000000
62773  5.283  3.125  35.379 0.0000000000
61583  4.712  2.613  33.970 0.0000000000
61578  4.705  2.593  34.710 0.0000000000
60442  4.624  2.290  34.342 0.0000000000
60443  4.642  1.915  34.630 0.0000000000
59283  4.662  1.725  34.166 0.0000000000
59292  4.667  2.155  32.820 0.0000000000
62833  4.708  4.005  30.990 0.0000000000
58142  15.163  1.559  34.719 0.0000000000
53117  7.679  -3.126  37.762 0.0000000000
53095  6.062  -3.705  39.042 0.0000000000
51885  3.724  -4.860  37.322 0.0000000000
50750  3.551  -5.580  37.243 0.0000000000
51940  5.424  -4.547  34.639 0.0000000000
53184  6.121  -4.098  34.181 0.0000000000
55576  7.522  -1.333  34.446 0.0000000000
54349  7.392  -1.934  34.741 0.0000000000
54366  8.563  -2.408  33.160 0.0000000000
53196  8.301  -2.881  33.076 0.0000000000
53212  7.647  -4.012  32.810 0.0000000000
51982  8.066  -4.334  32.176 0.0000000000
52002  9.320  -4.086  30.974 0.0000000000
52025  8.953  -4.931  30.411 0.0000000000
52024  9.641  -4.214  30.180 0.0000000000
56989  5.944  0.387  29.739 0.0000000000
58219  7.458  0.419  29.576 0.0000000000
56988  6.916  0.165  29.858 0.0000000000
59363  8.411  1.242  27.935 0.0000000000
59362  8.988  0.984  28.010 0.0000000000
58229  9.233  0.158  28.747 0.0000000000
57006  9.868  -0.430  28.820 0.0000000000
56986  9.079  -0.326  29.864 0.0000000000
55693  10.184  -1.132  29.414 0.0000000000
55676  10.191  -1.250  30.078 0.0000000000
54424  10.944  -2.367  27.477 0.0000000000
52062  10.563  -3.765  28.077 0.0000000000
52043  10.434  -4.076  28.704 0.0000000000
52076  10.161  -4.011  27.489 0.0000000000
52077  9.447  -4.386  27.122 0.0000000000
53281  10.084  -3.796  26.889 0.0000000000
54454  9.650  -2.356  25.401 0.0000000000
54456  7.170  -2.301  25.231 0.0000000000
57076  9.294  -0.160  24.054 0.0000000000
57078  7.551  -1.087  24.227 0.0000000000
55781  5.992  -1.710  24.287 0.0000000000
66587  4.692  6.797  26.850 0.0000000000
65459  4.966  6.731  25.223 0.0000000000
68816  4.441  9.670  23.535 0.0000000000
67670  4.508  8.817  24.136 0.0000000000
64288  6.000  6.577  22.655 0.0000000000
65471  5.417  6.687  23.191 0.0000000000
64276  6.077  6.157  23.298 0.0000000000
64274  7.446  5.229  22.878 0.0000000000
64286  7.166  5.402  22.581 0.0000000000
62967  6.953  4.724  21.952 0.0000000000
61766  6.644  4.184  21.697 0.0000000000
60629  6.370  3.302  21.789 0.0000000000
62981  5.027  4.984  20.436 0.0000000000
63999  11.489  4.022  36.700 0.0000000000
62690  12.958  3.375  38.653 0.0000000000
61529  13.264  3.060  38.682 0.0000000000
62691  12.164  3.334  38.675 0.0000000000
61531  11.711  2.862  38.868 0.0000000000
61532  10.895  2.658  38.752 0.0000000000
50964  7.023  -5.140  27.036 0.0000000000
52079  7.576  -4.758  26.989 0.0000000000
55494  5.142  -1.871  38.956 0.0000000000
56900  5.672  0.372  33.938 0.0000000000
60564  7.507  3.607  26.144 0.0000000000
61697  8.079  3.816  25.497 0.0000000000
61717  9.272  3.270  24.483 0.0000000000
62941  8.345  4.314  23.003 0.0000000000
60410  6.677  1.939  38.488 0.0000000000
60409  7.031  2.104  38.384 0.0000000000
61547  6.822  2.300  38.050 0.0000000000
64022  8.641  3.637  35.690 0.0000000000
64044  8.011  3.785  35.036 0.0000000000
58075  15.552  2.534  36.962 0.0000000000
58078  12.935  1.245  37.922 0.0000000000
58079  12.267  1.052  38.144 0.0000000000
55514  11.541  0.325  37.539 0.0000000000
55516  9.571  -0.509  38.379 0.0000000000
59210  9.038  1.321  39.386 0.0000000000
59211  8.181  1.143  39.260 0.0000000000
60494  4.579  2.149  30.181 0.0000000000
60509  4.349  2.645  29.619 0.0000000000
65403  4.199  6.168  28.763 0.0000000000
61679  4.368  4.126  27.562 0.0000000000
61678  4.640  4.023  27.044 0.0000000000
61677  5.013  3.652  26.627 0.0000000000
62905  4.696  4.712  26.644 0.0000000000
64251  4.800  5.307  26.203 0.0000000000
59249  17.982  2.946  36.682 0.0000000000
54325  4.632  -3.749  36.979 0.0000000000
54324  5.275  -3.091  37.049 0.0000000000
56823  5.840  -1.142  37.277 0.0000000000
61562  5.633  2.624  37.327 0.0000000000
60427  5.273  2.311  37.023 0.0000000000
61567  5.348  2.602  36.611 0.0000000000
61572  5.105  2.519  35.976 0.0000000000
60451  4.656  2.285  33.639 0.0000000000
59303  4.613  2.245  32.565 0.0000000000
60472  4.553  2.448  32.235 0.0000000000
54293  7.949  -2.175  38.202 0.0000000000
53106  6.850  -3.415  38.418 0.0000000000
51856  3.969  -4.513  38.450 0.0000000000
51921  5.152  -4.428  35.329 0.0000000000
53166  6.599  -3.000  35.078 0.0000000000
55618  8.253  -0.982  33.215 0.0000000000
55596  8.132  -1.490  33.698 0.0000000000
54377  9.226  -2.246  32.481 0.0000000000
54385  9.174  -2.789  32.068 0.0000000000
54384  9.728  -2.382  31.636 0.0000000000
54394  10.200  -2.447  30.594 0.0000000000
58221  5.449  0.634  29.574 0.0000000000
57010  6.251  0.515  29.176 0.0000000000
58231  7.852  0.717  29.197 0.0000000000
59379  9.891  0.825  27.259 0.0000000000
58261  9.774  0.733  27.535 0.0000000000
58260  10.202  0.341  27.287 0.0000000000
55692  10.662  -1.407  28.832 0.0000000000
55713  10.805  -1.486  27.890 0.0000000000
54439  10.797  -2.577  26.725 0.0000000000
53297  10.344  -3.219  26.432 0.0000000000
54453  10.514  -2.409  25.958 0.0000000000
55756  9.350  -1.690  24.847 0.0000000000
58296  8.396  0.972  23.033 0.0000000000
57096  8.252  -0.021  23.496 0.0000000000
57098  6.194  -0.521  23.055 0.0000000000
66594  4.686  7.923  24.879 0.0000000000
67689  4.646  8.529  22.369 0.0000000000
66606  4.696  8.008  22.759 0.0000000000
65484  5.133  7.655  22.371 0.0000000000
65483  5.538  7.025  22.283 0.0000000000
65482  6.065  6.578  22.129 0.0000000000
64297  6.030  6.223  21.673 0.0000000000
62969  5.372  4.784  20.935 0.0000000000
62710  8.332  2.977  38.247 0.0000000000
59218  14.441  2.418  38.152 0.0000000000
59219  13.490  2.098  38.242 0.0000000000
60391  12.880  2.636  38.776 0.0000000000
59220  12.675  1.759  38.638 0.0000000000
58070  10.783  0.884  38.634 0.0000000000
64166  4.256  5.197  30.156 0.0000000000
66528  4.262  7.131  29.809 0.0000000000
66554  4.314  7.263  28.247 0.0000000000
54312  4.739  -3.263  37.945 0.0000000000
58130  5.248  0.555  36.256 0.0000000000
64047  6.109  3.586  35.574 0.0000000000
64094  5.694  3.422  34.300 0.0000000000
54265  6.706  -2.036  39.188 0.0000000000
54267  5.916  -2.471  39.367 0.0000000000
53079  5.827  -3.137  39.109 0.0000000000
54282  4.539  -3.464  38.646 0.0000000000
55577  7.214  -0.918  34.601 0.0000000000
56878  7.251  -0.695  34.159 0.0000000000
56898  6.882  -0.373  33.539 0.0000000000
56919  8.130  -0.687  32.575 0.0000000000
56943  8.399  -0.681  31.762 0.0000000000
59381  8.387  1.815  27.416 0.0000000000
60546  9.117  2.056  26.903 0.0000000000
59392  10.111  0.972  26.808 0.0000000000
58295  9.331  0.925  23.660 0.0000000000
60596  9.377  2.626  23.682 0.0000000000
59416  9.153  1.845  23.251 0.0000000000
58310  7.923  1.536  22.792 0.0000000000
65529  4.666  6.595  19.110 0.0000000000
50906  8.742  -5.629  29.345 0.0000000000
58073  5.781  0.373  38.512 0.0000000000
59223  5.800  1.314  38.373 0.0000000000
62738  5.992  3.010  37.315 0.0000000000
64006  6.044  3.325  36.724 0.0000000000
62726  7.338  2.746  37.552 0.0000000000
63963  7.119  3.050  37.269 0.0000000000
63982  7.139  3.468  36.944 0.0000000000
64046  6.652  3.785  35.392 0.0000000000
58127  17.278  2.264  35.478 0.0000000000
58129  14.782  1.475  35.716 0.0000000000
55537  13.203  0.470  35.928 0.0000000000
56802  13.578  1.278  37.211 0.0000000000
56822  13.171  0.882  36.535 0.0000000000
55530  13.111  0.724  36.283 0.0000000000
55538  12.598  -0.247  35.750 0.0000000000
54305  11.288  -0.305  36.691 0.0000000000
54292  8.728  -1.750  38.043 0.0000000000
55505  7.642  -1.205  39.140 0.0000000000
58071  10.157  0.722  38.830 0.0000000000
56787  9.577  0.436  39.015 0.0000000000
58066  6.094  0.034  38.909 0.0000000000
58199  5.072  0.835  31.644 0.0000000000
58222  4.929  0.880  29.869 0.0000000000
60523  4.483  2.987  28.686 0.0000000000
60522  4.516  2.448  28.356 0.0000000000
59367  4.794  2.196  27.961 0.0000000000
61675  6.641  3.590  26.331 0.0000000000
61676  5.709  3.533  26.433 0.0000000000
62918  6.532  4.685  25.286 0.0000000000
62932  6.175  5.137  24.981 0.0000000000
63976  12.701  4.314  37.355 0.0000000000
65348  13.247  4.230  36.550 0.0000000000
58124  20.300  2.158  35.652 0.0000000000
58125  19.474  2.415  35.574 0.0000000000
58091  19.444  2.543  36.333 0.0000000000
60404  17.746  3.312  37.410 0.0000000000
60405  16.747  3.329  37.519 0.0000000000
60407  14.968  2.843  38.430 0.0000000000
62688  14.121  3.394  38.755 0.0000000000
63936  14.096  4.029  38.143 0.0000000000
62704  13.516  3.718  38.461 0.0000000000
63937  13.248  3.933  38.125 0.0000000000
63956  13.042  4.220  37.795 0.0000000000
58081  5.502  1.190  38.132 0.0000000000
58098  5.145  1.203  37.832 0.0000000000
59252  5.184  1.784  37.270 0.0000000000
58115  4.942  1.365  37.006 0.0000000000
62764  5.045  2.837  35.585 0.0000000000
61573  4.816  2.549  35.431 0.0000000000
60438  4.716  1.708  35.162 0.0000000000
58174  4.714  1.525  33.842 0.0000000000
59282  4.603  2.038  33.705 0.0000000000
60473  4.513  2.213  31.957 0.0000000000
64139  4.492  4.600  30.633 0.0000000000
63998  12.474  4.298  36.859 0.0000000000
58157  15.982  1.541  33.782 0.0000000000
56855  14.726  1.012  34.215 0.0000000000
51854  6.306  -4.167  38.155 0.0000000000
54350  7.059  -2.389  35.101 0.0000000000
54359  7.196  -2.630  34.658 0.0000000000
54367  8.204  -2.231  33.720 0.0000000000
53182  7.431  -2.839  34.115 0.0000000000
53198  6.836  -4.134  33.405 0.0000000000
53213  7.114  -4.453  32.730 0.0000000000
52003  8.646  -4.359  31.479 0.0000000000
50905  9.333  -5.143  29.030 0.0000000000
57008  8.353  0.384  29.277 0.0000000000
58243  9.535  0.484  28.141 0.0000000000
58230  8.735  0.494  28.863 0.0000000000
56965  9.380  -0.835  30.499 0.0000000000
55654  10.340  -1.810  30.229 0.0000000000
54393  10.543  -2.393  29.850 0.0000000000
54402  10.799  -2.291  29.198 0.0000000000
53236  10.609  -2.817  29.437 0.0000000000
53237  10.350  -3.382  29.827 0.0000000000
52044  9.976  -4.508  29.204 0.0000000000
50924  9.578  -5.007  28.650 0.0000000000
50925  8.892  -5.290  28.275 0.0000000000
50943  8.581  -5.095  27.642 0.0000000000
52078  8.455  -4.772  27.130 0.0000000000
52096  7.838  -4.227  26.657 0.0000000000
55777  9.764  -0.957  24.630 0.0000000000
55757  8.581  -1.698  24.699 0.0000000000
57077  8.187  -0.714  24.116 0.0000000000
55779  8.000  -1.439  24.497 0.0000000000
54472  7.722  -1.882  24.835 0.0000000000
55758  6.576  -2.065  25.065 0.0000000000
67611  4.361  8.575  28.939 0.0000000000
66553  4.427  7.725  27.870 0.0000000000
68774  4.599  9.459  28.520 0.0000000000
65453  4.757  6.179  26.985 0.0000000000
65465  4.898  6.958  24.061 0.0000000000
64266  6.758  5.358  24.026 0.0000000000
62943  7.170  5.065  23.866 0.0000000000
62942  7.768  4.961  23.335 0.0000000000
62955  8.083  4.121  22.562 0.0000000000
62957  6.959  5.231  22.129 0.0000000000
61765  7.251  4.249  21.962 0.0000000000
61749  7.757  3.754  22.193 0.0000000000
60613  7.100  2.830  22.177 0.0000000000
64308  5.151  5.712  20.611 0.0000000000
60630  5.610  2.718  21.495 0.0000000000
59436  5.767  1.595  22.028 0.0000000000
52064  9.111  -5.008  27.574 0.0000000000
53251  10.433  -3.828  29.173 0.0000000000
53266  10.927  -3.027  28.017 0.0000000000
54471  8.174  -1.832  24.775 0.0000000000
55557  7.314  -1.728  34.912 0.0000000000
55637  8.683  -0.804  31.707 0.0000000000
55657  8.759  -0.726  31.485 0.0000000000
56853  20.260  1.940  34.910 0.0000000000
56964  9.846  -1.057  30.329 0.0000000000
58080  5.544  1.299  38.284 0.0000000000
58114  5.032  1.635  36.994 0.0000000000
58220  7.121  0.525  29.413 0.0000000000
58242  10.235  0.178  27.893 0.0000000000
59222  5.674  1.510  38.327 0.0000000000
59238  5.408  0.510  37.527 0.0000000000
59239  5.468  0.356  37.276 0.0000000000
59254  5.273  0.495  37.157 0.0000000000
59266  5.092  1.966  36.317 0.0000000000
61528  13.841  3.160  38.777 0.0000000000
61731  9.388  3.043  24.017 0.0000000000
62737  6.382  3.148  37.389 0.0000000000
62749  7.681  3.592  36.218 0.0000000000
62761  7.587  3.708  35.978 0.0000000000
62762  7.482  3.731  36.189 0.0000000000
62892  4.288  4.597  27.904 0.0000000000
64258  5.782  5.332  25.093 0.0000000000
66627  4.871  7.102  21.344 0.0000000000
66669  4.554  7.197  19.106 0.0000000000
