#!ascii label  , from subject 201818 vox2ras=TkReg
783
101931  44.235  46.556  -18.873 0.0000000000
104016  48.225  49.412  -16.218 0.0000000000
97683  43.844  40.842  -19.451 0.0000000000
100494  38.231  44.605  -17.880 0.0000000000
98391  40.256  41.065  -19.421 0.0000000000
106755  46.778  53.841  -17.969 0.0000000000
103296  43.347  48.488  -14.631 0.0000000000
106703  41.501  53.832  -13.680 0.0000000000
95659  40.787  38.366  -16.007 0.0000000000
94382  41.478  36.198  -18.498 0.0000000000
103375  50.042  49.626  -19.853 0.0000000000
100535  45.423  44.253  -21.510 0.0000000000
100502  49.193  44.162  -18.647 0.0000000000
99715  43.421  43.752  -16.666 0.0000000000
107392  40.514  54.228  -19.979 0.0000000000
107962  46.390  55.176  -15.957 0.0000000000
96342  40.990  39.144  -23.187 0.0000000000
101225  40.357  45.528  -18.911 0.0000000000
99740  39.505  43.412  -18.875 0.0000000000
100513  41.296  44.657  -20.153 0.0000000000
104749  47.723  50.773  -17.514 0.0000000000
103340  43.297  48.510  -17.214 0.0000000000
105338  40.018  51.701  -12.469 0.0000000000
95627  41.628  37.408  -14.639 0.0000000000
95028  42.755  36.097  -15.840 0.0000000000
95624  44.770  37.727  -14.579 0.0000000000
108040  42.751  56.003  -23.440 0.0000000000
104022  49.857  49.639  -17.802 0.0000000000
101939  49.245  46.437  -19.047 0.0000000000
101915  49.034  46.370  -17.085 0.0000000000
101163  46.592  45.024  -12.254 0.0000000000
100441  46.477  44.282  -14.551 0.0000000000
100444  43.625  43.709  -14.014 0.0000000000
99009  40.826  42.096  -15.352 0.0000000000
105392  44.476  51.854  -15.004 0.0000000000
107345  44.364  54.640  -14.397 0.0000000000
106060  47.382  52.636  -15.324 0.0000000000
106077  48.960  52.549  -16.708 0.0000000000
98404  45.749  42.009  -21.432 0.0000000000
98412  42.952  41.369  -22.665 0.0000000000
96981  42.379  39.983  -21.646 0.0000000000
96971  38.583  39.592  -18.719 0.0000000000
96985  38.957  38.943  -20.669 0.0000000000
108585  46.091  56.468  -19.567 0.0000000000
106773  45.353  54.364  -19.158 0.0000000000
103308  45.363  48.869  -15.202 0.0000000000
101890  48.211  46.198  -15.598 0.0000000000
105409  35.533  51.377  -16.324 0.0000000000
106079  39.232  52.304  -16.862 0.0000000000
105373  42.105  51.350  -14.464 0.0000000000
96960  41.617  39.426  -17.554 0.0000000000
96311  41.108  38.337  -19.010 0.0000000000
95045  41.361  36.676  -17.294 0.0000000000
94362  43.983  35.370  -17.724 0.0000000000
102641  48.455  48.060  -19.495 0.0000000000
101952  44.588  46.055  -20.751 0.0000000000
101958  48.529  46.449  -21.300 0.0000000000
99757  48.055  44.055  -20.927 0.0000000000
99041  45.986  42.549  -19.838 0.0000000000
100456  49.967  44.029  -15.798 0.0000000000
100505  46.499  44.247  -18.076 0.0000000000
98371  43.502  41.782  -18.007 0.0000000000
97662  41.434  40.575  -16.669 0.0000000000
96941  40.287  39.493  -15.404 0.0000000000
107427  40.275  55.025  -22.140 0.0000000000
108588  42.973  55.819  -20.112 0.0000000000
107371  43.409  54.945  -17.723 0.0000000000
108566  45.544  56.721  -17.881 0.0000000000
107370  47.606  54.612  -17.330 0.0000000000
106108  48.805  52.359  -18.155 0.0000000000
99760  42.611  43.431  -20.686 0.0000000000
97692  41.165  40.520  -21.187 0.0000000000
96337  39.259  38.369  -22.603 0.0000000000
95695  40.400  37.474  -21.110 0.0000000000
101932  42.908  46.456  -18.507 0.0000000000
101236  40.736  45.170  -19.648 0.0000000000
101944  42.805  45.890  -19.667 0.0000000000
103337  46.859  48.535  -17.820 0.0000000000
104026  46.117  49.651  -17.243 0.0000000000
102624  44.010  47.681  -17.623 0.0000000000
101918  42.146  46.818  -17.875 0.0000000000
96259  42.605  38.066  -13.321 0.0000000000
95626  42.622  37.256  -14.374 0.0000000000
96258  43.677  38.135  -13.354 0.0000000000
95691  37.472  37.303  -20.446 0.0000000000
104015  48.911  49.777  -16.651 0.0000000000
103334  49.504  48.516  -18.000 0.0000000000
102620  48.876  47.972  -17.275 0.0000000000
101165  44.734  44.821  -12.242 0.0000000000
100433  44.274  44.019  -13.301 0.0000000000
104737  46.334  50.750  -15.242 0.0000000000
106061  46.316  52.619  -15.132 0.0000000000
104735  48.188  50.841  -15.742 0.0000000000
104743  49.183  50.776  -16.470 0.0000000000
98388  44.433  41.302  -20.070 0.0000000000
98397  44.231  41.573  -21.139 0.0000000000
96975  42.439  39.881  -20.451 0.0000000000
99729  37.747  43.130  -17.169 0.0000000000
99026  37.870  42.451  -17.013 0.0000000000
99033  40.234  42.073  -19.110 0.0000000000
98383  39.148  41.782  -18.133 0.0000000000
97679  39.858  40.724  -19.150 0.0000000000
96978  38.823  39.212  -19.659 0.0000000000
96977  39.631  39.619  -20.292 0.0000000000
107991  46.692  55.634  -18.452 0.0000000000
108000  45.925  55.711  -19.863 0.0000000000
107380  45.889  54.686  -18.882 0.0000000000
101214  39.351  45.788  -17.931 0.0000000000
100495  37.701  44.152  -17.280 0.0000000000
103294  44.969  48.134  -15.001 0.0000000000
102584  46.076  47.288  -15.234 0.0000000000
102571  45.172  47.085  -14.349 0.0000000000
104005  41.657  49.523  -14.089 0.0000000000
105355  40.961  51.309  -13.698 0.0000000000
104003  43.163  49.746  -14.943 0.0000000000
104739  43.978  50.586  -15.103 0.0000000000
96295  41.014  38.662  -16.694 0.0000000000
96303  41.361  38.409  -17.796 0.0000000000
95670  41.020  37.631  -17.041 0.0000000000
94332  43.774  35.942  -15.913 0.0000000000
94346  42.807  35.861  -16.550 0.0000000000
94344  44.804  35.573  -16.881 0.0000000000
104059  49.438  49.438  -19.853 0.0000000000
102653  48.101  47.539  -20.029 0.0000000000
102659  49.191  47.262  -20.629 0.0000000000
100501  49.806  44.564  -18.786 0.0000000000
100521  48.663  44.743  -20.558 0.0000000000
99746  48.425  43.528  -20.201 0.0000000000
99039  47.261  42.757  -20.568 0.0000000000
99735  47.581  43.835  -19.124 0.0000000000
101179  50.065  45.324  -14.326 0.0000000000
101189  49.646  45.360  -15.344 0.0000000000
100437  50.601  44.362  -14.861 0.0000000000
100478  44.878  44.406  -16.142 0.0000000000
100476  47.054  44.540  -16.344 0.0000000000
100492  45.173  44.418  -17.050 0.0000000000
99738  44.875  43.310  -18.518 0.0000000000
99024  42.931  42.320  -17.355 0.0000000000
98373  42.062  41.180  -17.235 0.0000000000
99016  42.300  42.340  -16.882 0.0000000000
97643  39.789  40.464  -14.467 0.0000000000
97653  40.175  40.475  -15.087 0.0000000000
107415  40.293  54.880  -21.298 0.0000000000
108031  40.997  55.204  -21.664 0.0000000000
108010  41.617  55.051  -20.182 0.0000000000
106042  39.959  52.686  -15.049 0.0000000000
106078  40.116  52.763  -17.186 0.0000000000
106724  41.691  53.345  -15.891 0.0000000000
107354  45.687  55.050  -15.198 0.0000000000
107364  43.679  54.851  -16.622 0.0000000000
107973  44.986  55.937  -16.403 0.0000000000
107993  44.340  56.120  -17.836 0.0000000000
108557  45.391  56.351  -17.019 0.0000000000
107981  46.902  55.837  -17.497 0.0000000000
107970  47.075  55.110  -16.686 0.0000000000
105429  49.955  51.115  -18.581 0.0000000000
106090  49.248  52.321  -17.787 0.0000000000
104768  49.654  50.709  -19.451 0.0000000000
104758  49.051  50.640  -19.022 0.0000000000
101258  44.834  45.009  -21.454 0.0000000000
100523  43.222  44.721  -21.172 0.0000000000
99773  43.580  43.346  -21.157 0.0000000000
97704  41.939  40.528  -23.187 0.0000000000
98408  42.313  41.248  -22.040 0.0000000000
97705  41.171  40.074  -23.045 0.0000000000
96992  39.651  39.334  -22.409 0.0000000000
96998  40.661  39.210  -23.491 0.0000000000
95056  40.781  37.185  -19.027 0.0000000000
96320  40.789  37.999  -19.779 0.0000000000
95066  40.740  36.987  -19.420 0.0000000000
101226  39.681  45.238  -18.605 0.0000000000
100507  38.824  44.025  -18.390 0.0000000000
101237  39.967  44.875  -19.423 0.0000000000
100515  39.993  43.948  -19.390 0.0000000000
99044  40.595  42.564  -19.320 0.0000000000
106092  47.542  52.603  -17.765 0.0000000000
101919  41.141  46.698  -17.639 0.0000000000
95645  40.773  38.055  -15.478 0.0000000000
95030  41.249  37.008  -16.254 0.0000000000
94995  42.253  36.854  -14.875 0.0000000000
95010  43.440  36.306  -15.317 0.0000000000
104040  50.016  49.379  -18.671 0.0000000000
102651  49.399  47.625  -19.719 0.0000000000
102639  49.352  47.481  -18.648 0.0000000000
101927  49.221  46.387  -18.019 0.0000000000
101221  50.104  44.967  -17.939 0.0000000000
100417  48.691  44.640  -12.706 0.0000000000
100428  49.393  44.342  -13.621 0.0000000000
100431  46.262  44.295  -13.710 0.0000000000
100442  45.430  44.194  -14.422 0.0000000000
99705  43.359  43.810  -15.663 0.0000000000
99717  41.876  42.871  -16.144 0.0000000000
99707  41.680  42.965  -15.269 0.0000000000
98998  40.482  42.034  -14.757 0.0000000000
98336  39.716  41.240  -13.473 0.0000000000
106778  38.583  53.458  -20.053 0.0000000000
106039  43.312  52.936  -14.439 0.0000000000
107347  42.783  54.291  -14.088 0.0000000000
106700  44.743  53.928  -14.511 0.0000000000
106699  45.658  53.904  -14.800 0.0000000000
106712  46.601  53.753  -15.079 0.0000000000
106722  47.813  53.976  -16.228 0.0000000000
106059  48.456  52.525  -15.826 0.0000000000
105404  49.603  51.241  -17.086 0.0000000000
99059  45.487  42.645  -21.859 0.0000000000
99061  43.773  42.664  -21.517 0.0000000000
98406  43.991  41.953  -21.874 0.0000000000
97703  42.871  40.748  -23.036 0.0000000000
96989  42.311  40.152  -22.649 0.0000000000
94380  43.152  35.395  -18.620 0.0000000000
95072  41.100  36.216  -19.833 0.0000000000
96962  37.451  39.517  -17.392 0.0000000000
99035  38.945  42.406  -18.219 0.0000000000
97672  38.456  40.593  -17.664 0.0000000000
96972  37.736  39.151  -18.248 0.0000000000
96313  38.005  38.754  -19.105 0.0000000000
96321  38.203  38.489  -20.040 0.0000000000
96330  38.430  38.067  -21.006 0.0000000000
108593  45.600  56.248  -20.453 0.0000000000
107413  45.241  55.262  -20.987 0.0000000000
103306  47.389  48.839  -15.897 0.0000000000
102607  48.271  47.564  -16.600 0.0000000000
101892  46.761  47.178  -15.509 0.0000000000
101885  47.690  46.141  -14.648 0.0000000000
101872  48.917  45.929  -13.161 0.0000000000
101139  50.419  45.457  -11.851 0.0000000000
101142  48.211  45.448  -11.394 0.0000000000
105422  36.825  51.546  -16.674 0.0000000000
106066  38.409  52.041  -15.273 0.0000000000
106705  39.767  52.815  -14.228 0.0000000000
106691  42.057  53.407  -13.140 0.0000000000
105372  43.250  51.577  -14.923 0.0000000000
104738  45.207  50.716  -15.108 0.0000000000
97678  43.245  40.679  -18.631 0.0000000000
96968  42.485  39.872  -19.235 0.0000000000
96969  41.815  39.187  -18.566 0.0000000000
95676  41.046  37.544  -18.062 0.0000000000
94365  41.363  36.358  -17.927 0.0000000000
95029  41.954  36.263  -16.271 0.0000000000
94364  41.986  36.027  -17.501 0.0000000000
94381  42.217  35.741  -18.499 0.0000000000
102642  47.258  47.452  -18.703 0.0000000000
101942  44.953  46.407  -19.864 0.0000000000
102654  47.423  47.064  -20.029 0.0000000000
101960  46.667  46.143  -21.305 0.0000000000
101256  46.510  45.287  -21.414 0.0000000000
101957  49.142  46.429  -20.998 0.0000000000
100532  47.797  44.779  -21.289 0.0000000000
99770  45.996  43.454  -21.561 0.0000000000
99058  46.482  42.574  -21.698 0.0000000000
98395  45.998  42.030  -20.569 0.0000000000
98387  45.222  41.867  -19.683 0.0000000000
101901  48.913  46.158  -16.636 0.0000000000
101201  50.062  45.129  -16.215 0.0000000000
100488  49.141  44.332  -17.685 0.0000000000
100457  48.998  44.142  -15.621 0.0000000000
100475  48.113  44.526  -16.475 0.0000000000
100504  47.455  44.280  -18.241 0.0000000000
99736  46.748  43.733  -18.826 0.0000000000
99031  44.887  42.310  -18.984 0.0000000000
97677  43.730  40.986  -18.902 0.0000000000
97670  42.636  40.635  -17.891 0.0000000000
97671  41.945  40.571  -17.333 0.0000000000
96949  41.270  39.817  -16.733 0.0000000000
98365  40.986  41.162  -16.165 0.0000000000
97663  40.844  40.477  -16.091 0.0000000000
96290  40.564  38.708  -15.651 0.0000000000
96277  40.561  38.508  -14.692 0.0000000000
108041  41.873  55.555  -22.971 0.0000000000
108029  42.587  55.940  -22.400 0.0000000000
108595  43.805  56.573  -20.951 0.0000000000
107365  43.109  54.291  -15.898 0.0000000000
107390  42.149  54.620  -19.179 0.0000000000
108002  42.740  55.376  -19.384 0.0000000000
108579  43.844  56.139  -19.071 0.0000000000
109159  45.061  56.813  -19.745 0.0000000000
108577  45.741  56.834  -18.881 0.0000000000
107378  47.329  54.392  -17.902 0.0000000000
107361  48.075  53.972  -16.936 0.0000000000
107369  48.253  54.013  -17.717 0.0000000000
106109  48.210  52.623  -18.028 0.0000000000
105416  48.677  51.114  -18.359 0.0000000000
104042  48.563  49.363  -18.708 0.0000000000
101233  43.071  45.747  -20.512 0.0000000000
100525  41.963  44.143  -20.445 0.0000000000
98389  41.392  41.870  -20.067 0.0000000000
98407  42.965  41.993  -21.679 0.0000000000
98399  41.891  41.676  -20.781 0.0000000000
97685  40.926  40.884  -20.311 0.0000000000
97693  40.248  39.965  -20.954 0.0000000000
96329  39.085  38.779  -21.686 0.0000000000
96982  41.721  39.404  -20.960 0.0000000000
96327  41.117  38.872  -21.457 0.0000000000
96335  41.076  39.047  -22.574 0.0000000000
94414  40.581  36.194  -20.891 0.0000000000
96343  40.653  38.393  -23.199 0.0000000000
96256  45.658  38.367  -13.588 0.0000000000
96289  46.312  38.277  -14.757 0.0000000000
101223  42.038  45.893  -19.293 0.0000000000
102622  46.265  47.876  -17.940 0.0000000000
102623  45.154  47.809  -17.699 0.0000000000
102644  44.718  47.102  -18.213 0.0000000000
102645  43.645  46.938  -18.101 0.0000000000
103335  49.119  48.608  -17.308 0.0000000000
103322  48.572  48.728  -16.770 0.0000000000
104008  47.772  50.007  -15.800 0.0000000000
104736  47.344  50.803  -15.481 0.0000000000
104007  48.534  50.278  -16.096 0.0000000000
97689  43.820  40.868  -20.682 0.0000000000
97684  43.254  40.297  -19.935 0.0000000000
99728  38.232  43.567  -17.840 0.0000000000
98381  40.322  41.708  -19.253 0.0000000000
98382  39.964  41.486  -18.903 0.0000000000
107379  46.442  54.659  -18.422 0.0000000000
101215  38.513  45.532  -17.562 0.0000000000
103295  44.223  48.188  -14.851 0.0000000000
102586  44.678  47.601  -14.644 0.0000000000
102587  44.057  47.787  -14.455 0.0000000000
103999  41.748  49.173  -13.983 0.0000000000
104731  41.559  50.333  -14.251 0.0000000000
104004  42.297  49.327  -14.348 0.0000000000
103310  43.976  48.642  -14.954 0.0000000000
95658  40.878  37.790  -16.154 0.0000000000
95027  44.552  35.880  -16.112 0.0000000000
104058  49.817  49.884  -19.919 0.0000000000
102652  48.977  48.162  -20.112 0.0000000000
103376  49.754  48.965  -19.948 0.0000000000
99733  49.157  43.925  -19.592 0.0000000000
99734  48.409  43.872  -19.376 0.0000000000
101178  50.690  44.965  -14.010 0.0000000000
100479  44.000  44.168  -16.052 0.0000000000
100493  44.232  44.123  -16.885 0.0000000000
99726  43.716  43.494  -17.482 0.0000000000
99727  43.007  43.015  -17.189 0.0000000000
97644  39.561  40.450  -13.878 0.0000000000
106791  39.579  54.075  -20.442 0.0000000000
107404  39.664  54.383  -20.905 0.0000000000
107403  40.464  54.644  -20.546 0.0000000000
108020  41.020  54.968  -20.894 0.0000000000
107402  41.003  54.607  -20.148 0.0000000000
106704  40.588  53.293  -14.205 0.0000000000
106716  40.850  52.986  -15.398 0.0000000000
106715  41.581  53.543  -14.737 0.0000000000
107964  45.340  55.588  -15.670 0.0000000000
107972  45.798  55.929  -16.349 0.0000000000
107971  46.656  55.357  -16.459 0.0000000000
104767  49.992  50.745  -19.153 0.0000000000
105439  49.815  51.244  -18.988 0.0000000000
104057  50.126  50.143  -19.651 0.0000000000
100536  44.574  44.163  -21.398 0.0000000000
96997  41.520  39.794  -23.052 0.0000000000
96991  40.370  39.736  -22.917 0.0000000000
95055  40.994  36.826  -18.521 0.0000000000
95065  41.057  36.470  -19.307 0.0000000000
101235  41.480  45.468  -19.938 0.0000000000
100514  40.686  44.301  -19.679 0.0000000000
99751  40.761  43.374  -19.460 0.0000000000
105417  48.069  51.605  -17.925 0.0000000000
105418  47.122  51.723  -17.415 0.0000000000
104750  46.603  50.739  -17.277 0.0000000000
103339  44.454  48.595  -17.198 0.0000000000
104027  44.918  49.621  -17.099 0.0000000000
101933  41.694  46.238  -18.379 0.0000000000
101934  40.720  46.122  -18.317 0.0000000000
101935  40.017  45.867  -18.286 0.0000000000
95628  40.957  37.777  -14.932 0.0000000000
95644  41.101  37.377  -15.453 0.0000000000
95625  43.598  37.405  -14.402 0.0000000000
94994  43.058  36.811  -14.809 0.0000000000
94993  44.023  37.018  -14.866 0.0000000000
95009  44.784  36.739  -15.255 0.0000000000
95643  45.115  37.408  -14.961 0.0000000000
108055  41.885  55.444  -24.085 0.0000000000
108054  42.775  55.890  -24.345 0.0000000000
103359  49.864  48.544  -19.153 0.0000000000
102619  49.116  47.299  -17.712 0.0000000000
101222  49.761  45.386  -18.255 0.0000000000
101213  49.579  45.653  -17.224 0.0000000000
100418  47.250  44.539  -13.028 0.0000000000
100443  44.490  43.933  -14.223 0.0000000000
99689  43.805  43.865  -14.874 0.0000000000
99704  43.882  44.003  -15.345 0.0000000000
99690  43.002  43.667  -14.757 0.0000000000
99706  42.393  43.438  -15.506 0.0000000000
99691  42.203  43.408  -14.596 0.0000000000
98988  40.922  42.505  -14.089 0.0000000000
98989  40.152  41.946  -13.759 0.0000000000
98335  39.916  41.464  -13.889 0.0000000000
98990  39.914  41.828  -13.140 0.0000000000
106038  44.237  53.076  -14.831 0.0000000000
106701  43.822  53.873  -14.077 0.0000000000
106063  44.788  52.708  -14.953 0.0000000000
106713  45.820  53.240  -14.944 0.0000000000
106711  47.812  53.412  -15.680 0.0000000000
104014  49.555  50.113  -17.099 0.0000000000
104742  49.617  50.686  -17.053 0.0000000000
104746  49.912  50.567  -17.642 0.0000000000
104021  50.034  50.102  -18.323 0.0000000000
98405  44.863  42.065  -21.567 0.0000000000
97690  43.149  40.378  -21.218 0.0000000000
97696  43.748  41.017  -22.140 0.0000000000
97697  43.001  40.382  -22.255 0.0000000000
96990  41.738  39.505  -22.152 0.0000000000
96951  36.968  39.976  -16.751 0.0000000000
97673  37.840  40.569  -17.038 0.0000000000
99741  38.836  43.034  -18.339 0.0000000000
97680  39.079  40.648  -18.360 0.0000000000
96961  38.239  39.974  -17.852 0.0000000000
96331  37.769  37.994  -20.307 0.0000000000
107388  45.734  55.000  -19.517 0.0000000000
107400  45.592  55.136  -20.307 0.0000000000
107389  45.256  54.656  -19.830 0.0000000000
106774  44.661  53.927  -19.703 0.0000000000
103307  46.303  48.868  -15.441 0.0000000000
102600  46.563  47.940  -15.670 0.0000000000
101886  46.585  46.637  -14.793 0.0000000000
101176  48.839  45.792  -13.856 0.0000000000
101855  49.913  45.986  -12.296 0.0000000000
100399  49.929  45.094  -11.878 0.0000000000
106100  35.609  51.868  -17.777 0.0000000000
105423  36.085  51.479  -16.949 0.0000000000
105394  37.939  51.937  -15.159 0.0000000000
106043  39.159  52.415  -14.741 0.0000000000
105374  41.526  51.238  -14.131 0.0000000000
106023  41.275  52.497  -13.227 0.0000000000
106685  41.185  53.275  -12.434 0.0000000000
106022  41.913  52.996  -13.425 0.0000000000
106040  42.380  52.517  -14.245 0.0000000000
104011  44.803  49.658  -15.158 0.0000000000
104010  45.814  49.777  -15.311 0.0000000000
96959  42.322  40.034  -18.188 0.0000000000
95012  41.710  36.793  -15.434 0.0000000000
94345  43.807  35.529  -16.736 0.0000000000
94347  42.144  36.103  -16.814 0.0000000000
94363  42.957  35.522  -17.578 0.0000000000
101928  46.863  47.009  -19.028 0.0000000000
102670  48.167  47.034  -21.269 0.0000000000
102661  47.683  47.120  -20.845 0.0000000000
101959  47.638  46.558  -21.225 0.0000000000
101255  47.317  45.496  -21.278 0.0000000000
101948  49.266  46.433  -20.136 0.0000000000
99756  48.403  44.431  -20.683 0.0000000000
101243  48.611  45.027  -20.968 0.0000000000
99768  47.620  44.262  -21.406 0.0000000000
100533  47.130  44.629  -21.380 0.0000000000
99769  47.191  43.604  -21.564 0.0000000000
99057  47.258  42.683  -21.381 0.0000000000
99040  46.836  42.660  -20.176 0.0000000000
99050  46.711  42.383  -20.888 0.0000000000
98386  45.776  42.105  -20.021 0.0000000000
102598  47.957  46.868  -16.051 0.0000000000
101902  48.560  46.433  -16.465 0.0000000000
101203  48.662  45.973  -15.994 0.0000000000
100455  50.368  44.428  -16.002 0.0000000000
100472  50.233  44.498  -17.051 0.0000000000
100473  49.923  44.085  -16.869 0.0000000000
100440  47.552  44.236  -14.601 0.0000000000
100439  48.703  44.151  -14.600 0.0000000000
100458  47.901  44.312  -15.496 0.0000000000
100491  46.223  44.571  -17.189 0.0000000000
100490  47.278  44.512  -17.305 0.0000000000
100489  48.232  44.491  -17.486 0.0000000000
99032  44.290  42.541  -18.413 0.0000000000
98379  44.036  41.536  -18.687 0.0000000000
98380  43.382  41.199  -18.288 0.0000000000
99008  41.218  42.245  -15.888 0.0000000000
98354  41.101  41.760  -16.107 0.0000000000
98355  40.686  41.479  -15.672 0.0000000000
96950  40.740  39.300  -16.127 0.0000000000
107428  39.532  54.732  -22.601 0.0000000000
107429  38.715  54.393  -23.008 0.0000000000
108042  41.108  55.181  -22.526 0.0000000000
108019  41.663  55.438  -21.103 0.0000000000
108018  42.413  55.889  -21.413 0.0000000000
108603  43.224  56.324  -21.731 0.0000000000
108596  43.088  56.061  -20.756 0.0000000000
107346  43.394  54.508  -14.159 0.0000000000
107357  42.970  54.388  -14.764 0.0000000000
107356  43.922  54.865  -15.318 0.0000000000
107372  42.981  54.326  -17.100 0.0000000000
107381  43.221  55.047  -18.316 0.0000000000
107995  43.105  55.119  -18.658 0.0000000000
108567  44.888  56.448  -17.568 0.0000000000
108578  44.625  56.618  -18.837 0.0000000000
108586  44.428  56.728  -20.195 0.0000000000
109154  45.329  56.869  -19.218 0.0000000000
108565  46.292  56.376  -18.123 0.0000000000
107990  47.205  55.177  -17.672 0.0000000000
106721  48.388  53.269  -16.343 0.0000000000
106091  49.142  52.497  -17.269 0.0000000000
106752  48.947  52.752  -17.856 0.0000000000
106753  48.474  53.202  -18.057 0.0000000000
105431  48.643  51.742  -18.295 0.0000000000
104041  49.109  49.774  -19.268 0.0000000000
104023  48.720  50.231  -18.623 0.0000000000
103362  47.555  48.318  -18.295 0.0000000000
101953  43.796  45.812  -20.783 0.0000000000
100524  42.569  44.461  -20.812 0.0000000000
99761  42.021  43.511  -20.358 0.0000000000
99053  42.041  42.835  -20.355 0.0000000000
98411  43.471  41.525  -22.381 0.0000000000
97698  41.624  40.742  -22.478 0.0000000000
97691  41.812  40.982  -21.638 0.0000000000
98400  41.254  41.102  -20.455 0.0000000000
96983  40.327  39.877  -21.941 0.0000000000
96338  38.912  38.188  -21.836 0.0000000000
96976  41.722  39.280  -19.735 0.0000000000
96328  40.668  38.163  -20.758 0.0000000000
96319  41.198  38.649  -20.284 0.0000000000
96336  40.535  38.326  -21.909 0.0000000000
94413  41.260  35.815  -20.435 0.0000000000
101224  41.163  45.724  -19.070 0.0000000000
104025  47.242  49.774  -17.585 0.0000000000
103338  45.637  48.627  -17.335 0.0000000000
102625  42.841  47.304  -17.688 0.0000000000
101917  42.629  46.852  -18.001 0.0000000000
95611  42.245  37.698  -13.981 0.0000000000
95610  43.116  37.813  -13.929 0.0000000000
95608  44.476  38.050  -14.128 0.0000000000
103321  49.354  49.218  -17.222 0.0000000000
101916  48.764  47.111  -17.051 0.0000000000
101164  45.452  45.016  -12.293 0.0000000000
100419  45.965  44.558  -12.926 0.0000000000
100420  44.943  44.471  -12.754 0.0000000000
99679  42.763  43.609  -13.871 0.0000000000
105391  45.771  51.708  -15.117 0.0000000000
106062  45.371  52.586  -15.075 0.0000000000
105390  46.860  51.705  -15.298 0.0000000000
105389  47.889  51.666  -15.484 0.0000000000
105388  48.686  51.421  -15.892 0.0000000000
104734  48.679  50.840  -16.014 0.0000000000
98396  45.109  41.702  -20.777 0.0000000000
99034  39.524  42.419  -18.644 0.0000000000
96970  39.450  39.995  -19.307 0.0000000000
107999  46.324  55.888  -19.220 0.0000000000
107992  46.163  55.317  -19.044 0.0000000000
101216  37.759  45.141  -17.249 0.0000000000
99718  37.115  43.689  -16.682 0.0000000000
102601  45.749  48.063  -15.293 0.0000000000
102585  45.353  47.445  -14.934 0.0000000000
101887  45.751  46.909  -14.701 0.0000000000
104722  40.384  50.477  -13.256 0.0000000000
105356  40.398  51.425  -13.191 0.0000000000
104721  40.940  50.347  -13.812 0.0000000000
104730  42.510  50.458  -14.839 0.0000000000
104729  43.216  50.580  -14.969 0.0000000000
104012  43.933  49.280  -15.068 0.0000000000
94333  43.199  36.024  -15.897 0.0000000000
103360  48.864  48.835  -19.631 0.0000000000
102660  48.528  47.540  -20.879 0.0000000000
102669  48.828  47.033  -21.214 0.0000000000
101232  49.344  45.459  -19.454 0.0000000000
100512  49.163  44.680  -19.915 0.0000000000
99745  48.793  44.127  -20.425 0.0000000000
99758  47.751  43.070  -20.858 0.0000000000
99747  47.644  43.179  -19.958 0.0000000000
99748  46.870  43.117  -19.499 0.0000000000
101884  48.486  45.890  -14.931 0.0000000000
101190  48.913  45.820  -15.469 0.0000000000
101188  50.525  44.978  -15.166 0.0000000000
100460  45.655  44.366  -15.329 0.0000000000
100459  46.774  44.392  -15.413 0.0000000000
100477  45.952  44.451  -16.248 0.0000000000
99724  45.473  44.163  -17.951 0.0000000000
99725  44.562  43.835  -17.682 0.0000000000
99739  44.163  43.141  -18.010 0.0000000000
99023  43.538  42.429  -17.854 0.0000000000
98372  42.827  41.454  -17.593 0.0000000000
98363  42.194  41.764  -17.059 0.0000000000
98364  41.523  41.479  -16.668 0.0000000000
98344  39.924  41.200  -14.369 0.0000000000
107405  38.839  54.244  -21.360 0.0000000000
107416  39.526  54.687  -21.724 0.0000000000
108009  42.397  55.637  -20.484 0.0000000000
106065  39.152  52.330  -15.736 0.0000000000
106064  40.023  52.724  -16.124 0.0000000000
106725  40.914  52.997  -16.538 0.0000000000
107355  44.850  55.075  -15.107 0.0000000000
107965  44.677  55.418  -15.734 0.0000000000
107974  44.340  55.428  -16.391 0.0000000000
107983  44.063  55.462  -17.366 0.0000000000
107982  44.573  56.001  -17.058 0.0000000000
108556  46.148  56.207  -17.192 0.0000000000
107980  47.170  55.169  -17.053 0.0000000000
105415  49.804  51.448  -17.867 0.0000000000
105430  49.354  51.387  -18.643 0.0000000000
104757  49.403  50.948  -19.078 0.0000000000
104769  49.466  50.129  -19.614 0.0000000000
101244  45.143  45.778  -21.399 0.0000000000
101245  44.243  45.618  -21.343 0.0000000000
101259  43.971  44.892  -21.453 0.0000000000
99759  43.139  43.901  -21.033 0.0000000000
99774  43.154  43.365  -20.937 0.0000000000
98413  42.364  40.961  -22.818 0.0000000000
97699  40.917  40.226  -22.426 0.0000000000
96999  39.824  39.071  -23.328 0.0000000000
95677  40.874  37.522  -18.855 0.0000000000
96312  40.838  37.834  -19.240 0.0000000000
95683  40.736  37.487  -19.389 0.0000000000
95689  40.567  37.452  -20.100 0.0000000000
101227  38.948  44.978  -18.275 0.0000000000
100506  39.394  44.451  -18.925 0.0000000000
99045  39.968  42.726  -19.086 0.0000000000
106737  47.475  53.058  -17.877 0.0000000000
106093  46.572  52.629  -17.514 0.0000000000
104000  41.196  49.436  -13.635 0.0000000000
95011  42.484  36.412  -15.359 0.0000000000
103358  50.103  49.454  -19.486 0.0000000000
100486  50.211  44.642  -17.900 0.0000000000
100416  49.850  44.569  -12.616 0.0000000000
100429  48.164  44.352  -13.729 0.0000000000
100432  45.239  44.159  -13.530 0.0000000000
100461  44.486  44.183  -15.246 0.0000000000
100462  43.925  44.056  -15.587 0.0000000000
99716  42.656  43.283  -16.397 0.0000000000
98997  41.111  42.478  -14.964 0.0000000000
98345  39.679  40.975  -13.942 0.0000000000
106777  39.672  53.778  -19.898 0.0000000000
106702  42.578  53.743  -13.514 0.0000000000
106714  42.291  54.051  -14.263 0.0000000000
106037  45.090  53.278  -14.903 0.0000000000
107344  45.206  54.521  -14.774 0.0000000000
107343  45.977  54.382  -14.973 0.0000000000
107353  46.508  54.859  -15.560 0.0000000000
107363  46.973  54.860  -16.048 0.0000000000
107352  47.253  54.335  -15.761 0.0000000000
106710  48.246  53.078  -15.920 0.0000000000
105405  49.219  51.799  -16.412 0.0000000000
106076  49.407  52.009  -17.182 0.0000000000
105414  50.099  50.842  -17.917 0.0000000000
104756  50.063  50.553  -18.563 0.0000000000
99771  45.073  43.391  -21.622 0.0000000000
99060  44.589  42.664  -21.774 0.0000000000
97702  43.411  41.229  -22.829 0.0000000000
96996  42.207  40.334  -23.095 0.0000000000
94398  41.570  36.016  -19.347 0.0000000000
94397  42.320  35.600  -19.537 0.0000000000
96963  36.566  39.212  -17.142 0.0000000000
99025  38.425  42.432  -17.625 0.0000000000
98374  38.477  41.291  -17.618 0.0000000000
96304  36.863  38.819  -17.920 0.0000000000
96314  37.145  38.443  -18.702 0.0000000000
108008  45.612  55.750  -20.815 0.0000000000
106756  45.773  53.872  -18.388 0.0000000000
102608  47.908  48.309  -16.355 0.0000000000
102599  47.384  47.584  -16.068 0.0000000000
101891  47.392  46.693  -15.491 0.0000000000
101181  48.433  45.806  -14.314 0.0000000000
101175  49.545  45.702  -13.684 0.0000000000
100415  50.472  44.990  -12.353 0.0000000000
101161  48.690  45.009  -11.890 0.0000000000
101162  47.784  45.009  -12.126 0.0000000000
106080  38.078  51.941  -16.430 0.0000000000
105407  37.254  51.677  -16.032 0.0000000000
105406  37.840  51.852  -15.624 0.0000000000
106024  40.615  52.153  -12.980 0.0000000000
106694  39.919  53.102  -13.443 0.0000000000
106693  40.711  53.501  -13.135 0.0000000000
105393  43.898  51.333  -15.020 0.0000000000
104009  46.867  49.824  -15.432 0.0000000000
95044  41.831  36.231  -16.955 0.0000000000
102643  45.880  47.214  -18.339 0.0000000000
101930  45.376  46.765  -18.990 0.0000000000
101929  46.416  46.861  -18.987 0.0000000000
101941  46.061  46.623  -19.795 0.0000000000
101951  45.736  46.332  -20.838 0.0000000000
101950  46.982  46.757  -20.619 0.0000000000
101961  45.943  45.799  -21.402 0.0000000000
101257  45.696  45.128  -21.530 0.0000000000
101242  49.087  45.464  -20.682 0.0000000000
101253  48.844  45.948  -21.180 0.0000000000
101254  48.311  45.519  -21.341 0.0000000000
100534  46.328  44.386  -21.476 0.0000000000
99049  47.288  42.663  -20.943 0.0000000000
98403  46.317  42.075  -21.191 0.0000000000
101202  49.119  45.765  -16.330 0.0000000000
101212  50.072  45.039  -17.418 0.0000000000
100487  49.960  44.111  -17.869 0.0000000000
100438  49.841  44.134  -14.657 0.0000000000
100474  48.871  44.273  -16.753 0.0000000000
100503  48.354  44.343  -18.487 0.0000000000
99749  46.183  43.190  -19.220 0.0000000000
99737  45.842  43.676  -18.705 0.0000000000
99030  45.487  42.938  -19.174 0.0000000000
99042  45.399  42.396  -19.426 0.0000000000
98378  44.747  41.848  -19.096 0.0000000000
96296  40.775  38.741  -16.106 0.0000000000
99017  41.703  42.259  -16.406 0.0000000000
96276  41.068  37.868  -14.476 0.0000000000
108030  41.736  55.590  -22.014 0.0000000000
108594  44.454  56.915  -21.209 0.0000000000
106761  39.933  53.462  -19.020 0.0000000000
106776  40.600  53.794  -19.358 0.0000000000
106723  42.383  53.860  -15.295 0.0000000000
107383  41.852  54.169  -18.864 0.0000000000
107391  41.398  54.346  -19.564 0.0000000000
108003  41.934  54.898  -19.543 0.0000000000
107994  43.662  55.646  -18.489 0.0000000000
108001  43.532  55.799  -19.216 0.0000000000
108587  43.633  56.184  -19.810 0.0000000000
109165  44.942  56.841  -20.661 0.0000000000
108576  46.342  56.388  -18.825 0.0000000000
108584  46.453  56.148  -19.046 0.0000000000
107362  47.357  54.712  -16.552 0.0000000000
106736  48.778  53.045  -17.379 0.0000000000
107377  47.982  53.765  -18.002 0.0000000000
106754  47.682  53.304  -17.963 0.0000000000
106110  47.884  52.732  -17.956 0.0000000000
105432  48.092  52.291  -17.991 0.0000000000
104747  48.763  50.717  -18.548 0.0000000000
104024  48.205  49.968  -17.973 0.0000000000
103336  47.840  49.021  -18.085 0.0000000000
102621  46.802  47.909  -18.103 0.0000000000
101943  43.772  46.063  -19.839 0.0000000000
101234  42.233  45.717  -20.277 0.0000000000
101248  41.916  45.038  -20.587 0.0000000000
101247  42.627  45.313  -20.953 0.0000000000
99750  41.451  43.624  -20.022 0.0000000000
99043  41.351  42.477  -19.855 0.0000000000
98390  40.780  41.578  -19.759 0.0000000000
99772  44.267  43.352  -21.411 0.0000000000
99062  43.130  42.846  -21.153 0.0000000000
99052  42.559  42.431  -20.936 0.0000000000
98398  42.472  42.028  -21.155 0.0000000000
97686  40.324  40.517  -20.014 0.0000000000
96984  39.688  39.379  -21.343 0.0000000000
95073  40.598  36.597  -20.270 0.0000000000
94429  40.701  36.056  -21.565 0.0000000000
95079  40.339  36.734  -21.412 0.0000000000
97002  40.353  38.420  -23.785 0.0000000000
97003  40.078  38.610  -23.751 0.0000000000
96257  44.678  38.230  -13.674 0.0000000000
96275  45.204  38.227  -14.098 0.0000000000
96255  46.574  38.402  -13.639 0.0000000000
95623  45.443  37.957  -14.715 0.0000000000
94992  44.516  37.183  -14.918 0.0000000000
95609  44.039  37.927  -14.016 0.0000000000
96273  46.832  38.273  -14.294 0.0000000000
96274  45.808  38.206  -14.374 0.0000000000
98394  46.365  42.097  -20.902 0.0000000000
99051  46.388  42.369  -20.368 0.0000000000
99752  40.148  43.207  -19.243 0.0000000000
100398  50.244  45.293  -11.828 0.0000000000
100400  49.341  44.879  -12.053 0.0000000000
100427  50.481  44.472  -13.532 0.0000000000
100430  47.158  44.324  -13.911 0.0000000000
100500  50.097  44.864  -18.222 0.0000000000
100522  48.259  44.751  -20.937 0.0000000000
100537  43.794  44.073  -21.264 0.0000000000
101159  50.530  45.465  -12.222 0.0000000000
101180  49.187  45.693  -14.568 0.0000000000
101246  43.414  45.465  -21.203 0.0000000000
101854  50.255  45.815  -12.022 0.0000000000
101856  49.125  46.196  -12.408 0.0000000000
101940  46.868  46.867  -19.498 0.0000000000
101949  47.381  46.917  -21.023 0.0000000000
102572  44.474  47.250  -14.069 0.0000000000
102640  48.776  48.375  -19.838 0.0000000000
102646  43.132  46.869  -18.060 0.0000000000
102662  47.351  47.024  -20.536 0.0000000000
102671  47.810  46.975  -21.210 0.0000000000
103309  44.530  48.774  -15.048 0.0000000000
103323  48.038  48.821  -16.287 0.0000000000
103361  48.160  48.456  -18.781 0.0000000000
103377  49.303  48.882  -19.980 0.0000000000
104039  50.129  50.074  -19.036 0.0000000000
104745  50.028  50.401  -18.068 0.0000000000
104748  48.432  50.763  -18.120 0.0000000000
105371  43.801  52.385  -14.861 0.0000000000
105440  49.736  51.079  -19.201 0.0000000000
106041  41.645  52.009  -13.915 0.0000000000
106081  37.306  51.671  -16.670 0.0000000000
106686  40.801  53.373  -12.422 0.0000000000
106692  41.511  53.374  -12.892 0.0000000000
106698  46.096  54.038  -14.885 0.0000000000
106735  49.081  52.652  -17.612 0.0000000000
106775  41.279  53.815  -18.946 0.0000000000
107393  39.964  54.235  -20.347 0.0000000000
107963  46.073  55.360  -15.833 0.0000000000
108011  41.018  54.824  -20.447 0.0000000000
108070  42.345  55.561  -24.706 0.0000000000
108558  44.958  56.222  -16.993 0.0000000000
109153  45.577  56.873  -19.184 0.0000000000
