#!ascii label  , from subject 201818 vox2ras=TkReg
706
95557  41.394  37.674  -6.671 0.0000000000
92846  46.057  33.494  -14.940 0.0000000000
94408  46.877  35.282  -21.125 0.0000000000
86939  53.579  27.306  -22.535 0.0000000000
92039  40.811  32.205  -8.811 0.0000000000
95025  46.650  36.585  -16.270 0.0000000000
89531  49.465  29.374  -19.629 0.0000000000
92898  42.524  33.279  -19.570 0.0000000000
95594  50.292  38.244  -12.139 0.0000000000
94957  45.412  36.162  -9.212 0.0000000000
91244  45.528  31.786  -10.763 0.0000000000
94460  40.932  35.343  -23.350 0.0000000000
92930  46.855  33.660  -22.569 0.0000000000
93647  49.859  34.802  -17.823 0.0000000000
92177  49.837  32.270  -23.666 0.0000000000
93680  39.944  34.245  -20.648 0.0000000000
96206  46.232  38.239  -8.077 0.0000000000
94943  43.555  36.953  -7.972 0.0000000000
91230  43.311  31.364  -9.665 0.0000000000
94395  44.401  35.157  -19.856 0.0000000000
94428  41.547  35.446  -21.634 0.0000000000
94441  44.130  35.392  -23.142 0.0000000000
92950  44.419  34.671  -24.106 0.0000000000
94455  47.011  35.202  -23.464 0.0000000000
94990  47.585  36.380  -14.186 0.0000000000
95005  49.899  36.667  -15.396 0.0000000000
93635  47.979  34.130  -16.333 0.0000000000
89539  52.241  28.768  -21.231 0.0000000000
90486  49.390  30.496  -21.644 0.0000000000
89574  50.970  29.283  -23.453 0.0000000000
90508  49.389  30.439  -23.813 0.0000000000
87757  51.012  27.565  -22.992 0.0000000000
87711  49.290  27.559  -19.908 0.0000000000
94261  39.158  35.651  -6.219 0.0000000000
94274  41.085  34.826  -8.136 0.0000000000
94359  47.171  35.531  -18.129 0.0000000000
90428  46.535  30.802  -14.639 0.0000000000
90453  47.432  30.779  -17.022 0.0000000000
89493  49.765  28.990  -16.642 0.0000000000
88549  52.568  28.788  -18.874 0.0000000000
96228  47.039  38.804  -12.226 0.0000000000
96883  48.467  40.092  -9.347 0.0000000000
95583  47.354  37.565  -10.239 0.0000000000
94293  45.160  35.409  -12.669 0.0000000000
93566  43.327  34.697  -8.962 0.0000000000
92812  44.606  33.456  -11.069 0.0000000000
92090  45.148  32.497  -13.036 0.0000000000
91276  47.114  31.222  -12.744 0.0000000000
93534  38.736  34.482  -3.742 0.0000000000
95709  40.176  37.490  -23.253 0.0000000000
95094  39.490  36.211  -23.318 0.0000000000
92935  41.685  33.817  -22.805 0.0000000000
92918  44.514  33.729  -21.785 0.0000000000
90481  46.185  30.455  -20.929 0.0000000000
96270  49.792  38.536  -14.521 0.0000000000
94340  51.326  36.311  -16.852 0.0000000000
94389  50.573  35.531  -19.784 0.0000000000
92124  48.352  32.556  -19.120 0.0000000000
92905  49.157  33.156  -20.532 0.0000000000
94436  49.249  34.557  -22.386 0.0000000000
92178  48.881  32.699  -23.863 0.0000000000
90499  47.508  30.346  -22.510 0.0000000000
93671  38.684  34.793  -19.597 0.0000000000
94415  38.288  35.421  -20.787 0.0000000000
96200  43.916  38.377  -7.345 0.0000000000
95566  42.590  37.347  -7.496 0.0000000000
94394  45.506  35.191  -19.987 0.0000000000
94410  44.657  35.202  -20.997 0.0000000000
94424  46.133  35.395  -22.176 0.0000000000
94440  45.382  35.540  -23.194 0.0000000000
94423  47.215  35.434  -22.073 0.0000000000
94317  46.450  35.177  -14.502 0.0000000000
94316  47.216  35.681  -14.809 0.0000000000
93623  46.751  33.993  -15.330 0.0000000000
88586  53.500  28.235  -21.930 0.0000000000
89561  51.755  28.982  -22.919 0.0000000000
88605  52.593  28.259  -23.318 0.0000000000
88607  51.546  28.454  -23.534 0.0000000000
87756  51.906  27.599  -23.055 0.0000000000
87724  51.551  27.249  -21.398 0.0000000000
86918  53.321  26.974  -21.836 0.0000000000
93559  39.062  34.753  -6.898 0.0000000000
94361  45.027  35.390  -17.872 0.0000000000
95042  46.904  35.981  -17.228 0.0000000000
89449  48.345  29.662  -14.078 0.0000000000
89480  48.233  29.272  -15.564 0.0000000000
89463  49.766  29.278  -14.760 0.0000000000
89505  52.677  29.076  -17.777 0.0000000000
88535  54.062  28.359  -18.068 0.0000000000
88562  53.693  28.201  -20.117 0.0000000000
94949  45.697  36.786  -8.799 0.0000000000
95570  47.606  38.154  -8.794 0.0000000000
94959  46.604  37.036  -9.845 0.0000000000
94963  45.878  36.526  -11.364 0.0000000000
94282  45.107  35.849  -10.543 0.0000000000
93569  40.813  34.094  -8.453 0.0000000000
93567  42.418  34.619  -8.823 0.0000000000
92802  42.133  33.871  -9.082 0.0000000000
91245  44.741  31.502  -10.179 0.0000000000
92807  44.315  33.397  -10.077 0.0000000000
92056  44.978  32.529  -10.664 0.0000000000
92818  44.504  33.553  -11.842 0.0000000000
92067  45.398  32.362  -11.701 0.0000000000
92080  46.174  31.560  -12.725 0.0000000000
91258  46.022  32.042  -11.361 0.0000000000
91241  48.569  31.327  -11.016 0.0000000000
94443  41.837  35.144  -22.726 0.0000000000
95084  40.165  36.680  -22.409 0.0000000000
95092  40.008  36.651  -23.282 0.0000000000
95720  39.952  37.316  -23.975 0.0000000000
94461  40.362  35.316  -23.467 0.0000000000
93714  40.301  34.829  -23.300 0.0000000000
93713  40.992  34.601  -23.521 0.0000000000
93695  45.364  34.547  -23.485 0.0000000000
92933  43.549  34.068  -23.101 0.0000000000
92917  45.529  33.732  -22.176 0.0000000000
92148  45.521  32.372  -20.601 0.0000000000
92158  46.403  32.975  -21.602 0.0000000000
96915  49.845  39.156  -12.067 0.0000000000
96240  48.161  38.806  -13.073 0.0000000000
96251  50.436  38.669  -13.586 0.0000000000
94342  49.881  35.689  -16.598 0.0000000000
95021  50.772  36.424  -15.852 0.0000000000
94357  50.298  35.453  -17.333 0.0000000000
94373  51.122  35.868  -18.586 0.0000000000
93646  50.557  35.305  -18.219 0.0000000000
89520  48.612  29.722  -18.343 0.0000000000
91327  47.654  31.765  -17.987 0.0000000000
90470  48.421  30.434  -19.405 0.0000000000
90496  49.720  30.971  -22.539 0.0000000000
92157  49.008  32.137  -21.647 0.0000000000
92156  49.377  32.698  -22.224 0.0000000000
93685  49.806  34.036  -21.589 0.0000000000
93704  49.721  33.715  -23.017 0.0000000000
93706  48.529  34.345  -23.620 0.0000000000
92964  49.433  32.779  -23.918 0.0000000000
89564  49.040  29.365  -22.721 0.0000000000
90498  48.517  30.421  -23.175 0.0000000000
89565  48.156  29.465  -22.260 0.0000000000
89566  47.293  29.373  -22.043 0.0000000000
95009  44.784  36.739  -15.255 0.0000000000
93669  40.413  34.149  -19.609 0.0000000000
93678  41.240  34.010  -19.947 0.0000000000
96867  47.028  40.080  -7.204 0.0000000000
96198  45.686  38.860  -7.582 0.0000000000
95563  45.289  38.020  -7.988 0.0000000000
94270  44.460  36.002  -8.699 0.0000000000
92048  42.156  32.245  -9.322 0.0000000000
94412  42.407  35.335  -20.651 0.0000000000
94427  42.665  35.156  -21.828 0.0000000000
94442  43.026  35.204  -22.984 0.0000000000
93711  43.029  34.714  -24.118 0.0000000000
94457  44.673  35.398  -24.018 0.0000000000
93709  45.175  34.854  -24.048 0.0000000000
92948  47.101  34.136  -23.252 0.0000000000
95607  48.338  37.329  -13.004 0.0000000000
95621  49.657  37.412  -13.909 0.0000000000
94315  48.169  36.084  -14.970 0.0000000000
94329  48.622  35.685  -15.684 0.0000000000
93634  48.768  34.565  -16.673 0.0000000000
89529  51.273  29.023  -20.303 0.0000000000
89542  49.715  29.491  -20.721 0.0000000000
89550  50.529  29.346  -22.024 0.0000000000
89562  50.904  29.523  -22.864 0.0000000000
91352  50.127  30.802  -23.466 0.0000000000
91363  49.858  31.393  -23.903 0.0000000000
90507  50.149  30.253  -23.636 0.0000000000
88598  50.058  28.490  -23.318 0.0000000000
87758  49.986  27.720  -22.882 0.0000000000
87709  51.421  27.430  -20.327 0.0000000000
94940  40.022  36.626  -6.586 0.0000000000
94946  40.899  36.679  -7.269 0.0000000000
94267  39.771  35.492  -7.292 0.0000000000
93563  39.531  34.276  -7.633 0.0000000000
92040  39.955  32.504  -8.248 0.0000000000
94379  44.179  35.163  -18.759 0.0000000000
94377  46.354  35.231  -19.019 0.0000000000
94392  47.649  35.403  -20.145 0.0000000000
91298  46.034  31.637  -14.575 0.0000000000
92104  46.697  32.400  -15.700 0.0000000000
90438  46.965  30.591  -15.462 0.0000000000
89509  48.166  29.677  -17.293 0.0000000000
89507  50.337  28.844  -17.863 0.0000000000
89491  52.207  29.235  -16.659 0.0000000000
89506  51.576  28.909  -17.602 0.0000000000
88550  51.647  28.584  -18.977 0.0000000000
88563  52.705  28.475  -20.066 0.0000000000
88574  53.932  27.997  -21.083 0.0000000000
88584  54.338  27.369  -21.513 0.0000000000
86917  54.066  26.680  -21.275 0.0000000000
96896  48.317  39.506  -10.309 0.0000000000
96895  49.636  39.558  -10.106 0.0000000000
96875  48.458  39.799  -8.091 0.0000000000
96208  49.233  39.127  -9.320 0.0000000000
95587  48.784  37.816  -11.432 0.0000000000
94966  47.079  37.107  -12.244 0.0000000000
94977  45.823  35.690  -13.152 0.0000000000
94305  45.374  35.049  -13.431 0.0000000000
94953  42.412  35.843  -8.204 0.0000000000
94272  42.794  35.367  -8.519 0.0000000000
94279  44.132  34.778  -9.132 0.0000000000
92808  43.433  33.116  -9.574 0.0000000000
93573  43.787  34.052  -9.456 0.0000000000
94283  44.583  35.059  -10.276 0.0000000000
93578  44.360  34.227  -11.540 0.0000000000
93600  44.724  33.772  -13.082 0.0000000000
92837  45.117  33.392  -13.729 0.0000000000
91292  45.775  31.787  -13.716 0.0000000000
91290  46.926  30.815  -13.424 0.0000000000
90393  47.866  30.619  -12.957 0.0000000000
91242  47.533  31.406  -11.024 0.0000000000
91274  49.048  31.370  -12.206 0.0000000000
94934  39.483  36.534  -5.588 0.0000000000
94249  38.819  35.141  -4.587 0.0000000000
92762  38.066  33.344  -3.223 0.0000000000
95701  40.226  37.552  -22.246 0.0000000000
96349  39.984  37.972  -24.153 0.0000000000
94430  39.001  35.371  -22.013 0.0000000000
93687  40.031  34.335  -21.696 0.0000000000
92921  41.573  33.732  -21.768 0.0000000000
92952  42.697  34.097  -24.012 0.0000000000
92919  43.363  33.700  -22.023 0.0000000000
92907  43.382  33.308  -20.810 0.0000000000
95641  47.092  37.396  -15.678 0.0000000000
94987  50.602  37.372  -14.728 0.0000000000
95638  50.301  37.853  -15.756 0.0000000000
95655  48.876  37.061  -16.635 0.0000000000
95039  49.587  36.704  -17.816 0.0000000000
94374  49.416  35.958  -19.328 0.0000000000
94391  48.644  35.587  -20.169 0.0000000000
92109  47.469  32.411  -16.746 0.0000000000
92879  47.979  33.096  -17.337 0.0000000000
92888  48.685  33.564  -18.746 0.0000000000
90479  48.745  30.893  -20.656 0.0000000000
92134  48.652  32.658  -20.070 0.0000000000
92887  49.393  34.098  -19.224 0.0000000000
93667  50.016  34.556  -19.701 0.0000000000
94405  49.850  34.972  -20.751 0.0000000000
94422  48.148  35.187  -21.882 0.0000000000
94454  48.067  35.055  -23.344 0.0000000000
93707  47.522  34.575  -23.480 0.0000000000
92929  47.385  33.548  -23.107 0.0000000000
91364  49.102  31.674  -23.958 0.0000000000
92179  48.391  32.321  -23.399 0.0000000000
92168  47.090  32.346  -22.298 0.0000000000
90488  46.788  30.354  -21.717 0.0000000000
87712  48.218  27.599  -19.741 0.0000000000
95074  38.086  36.667  -21.151 0.0000000000
95556  42.132  37.942  -6.959 0.0000000000
96201  43.018  38.123  -7.178 0.0000000000
95567  41.668  37.271  -7.257 0.0000000000
94409  45.786  35.250  -21.098 0.0000000000
93610  46.194  34.361  -14.758 0.0000000000
87754  53.371  27.637  -22.638 0.0000000000
88597  53.038  28.172  -22.726 0.0000000000
87755  52.757  27.733  -23.024 0.0000000000
87765  52.487  28.060  -23.551 0.0000000000
86931  53.265  27.196  -22.555 0.0000000000
87741  52.595  27.392  -22.398 0.0000000000
95026  45.499  36.125  -16.103 0.0000000000
95043  45.843  35.810  -17.034 0.0000000000
89448  49.171  29.583  -13.983 0.0000000000
89464  48.738  29.305  -14.755 0.0000000000
88547  54.276  27.875  -19.186 0.0000000000
92138  43.199  33.001  -18.978 0.0000000000
94956  46.044  36.734  -9.216 0.0000000000
94277  45.500  36.115  -9.687 0.0000000000
94960  45.913  36.623  -10.240 0.0000000000
92803  41.432  33.261  -8.968 0.0000000000
92055  45.353  32.360  -10.997 0.0000000000
91259  45.598  32.306  -11.116 0.0000000000
94444  40.793  35.844  -22.571 0.0000000000
93712  41.925  34.586  -23.965 0.0000000000
92931  45.821  34.135  -22.975 0.0000000000
92916  46.174  33.742  -22.260 0.0000000000
96225  50.570  38.927  -11.837 0.0000000000
96921  50.314  38.941  -12.619 0.0000000000
95593  50.831  38.414  -12.395 0.0000000000
93633  49.539  35.010  -17.016 0.0000000000
93657  50.008  34.677  -18.742 0.0000000000
89532  48.913  29.675  -19.135 0.0000000000
90469  48.908  29.845  -19.641 0.0000000000
91353  49.935  31.436  -23.168 0.0000000000
91345  49.421  31.661  -22.345 0.0000000000
92166  49.655  32.448  -23.011 0.0000000000
92928  49.645  33.298  -22.715 0.0000000000
92945  49.684  33.166  -23.484 0.0000000000
92963  49.744  32.664  -23.876 0.0000000000
88600  48.182  28.347  -22.530 0.0000000000
88601  47.580  28.826  -22.415 0.0000000000
93681  39.076  34.626  -20.410 0.0000000000
93670  39.603  34.367  -19.583 0.0000000000
96868  45.987  39.713  -7.104 0.0000000000
96869  45.165  39.371  -7.081 0.0000000000
95565  43.582  37.438  -7.792 0.0000000000
95564  44.423  37.838  -7.836 0.0000000000
95574  44.204  37.266  -7.994 0.0000000000
95573  44.814  37.236  -8.219 0.0000000000
94951  43.990  36.604  -8.175 0.0000000000
94396  43.325  35.272  -19.701 0.0000000000
94425  44.970  35.318  -22.150 0.0000000000
94426  43.808  35.242  -22.022 0.0000000000
94458  43.500  35.248  -23.934 0.0000000000
94439  46.564  35.600  -23.056 0.0000000000
94456  45.890  35.377  -23.831 0.0000000000
93708  46.386  34.774  -23.633 0.0000000000
94975  47.990  37.044  -13.240 0.0000000000
94974  48.597  37.156  -13.625 0.0000000000
93622  47.491  34.475  -15.700 0.0000000000
94330  47.796  35.273  -15.374 0.0000000000
93621  48.231  34.972  -16.105 0.0000000000
92867  48.388  33.823  -17.000 0.0000000000
89540  51.356  29.039  -21.213 0.0000000000
90506  50.384  30.146  -23.403 0.0000000000
87767  51.311  27.964  -23.508 0.0000000000
88608  50.768  28.582  -23.612 0.0000000000
87768  50.591  27.977  -23.434 0.0000000000
87743  50.706  27.309  -22.192 0.0000000000
87708  52.491  27.089  -20.535 0.0000000000
94947  40.310  36.163  -7.274 0.0000000000
92799  39.086  33.418  -7.601 0.0000000000
92805  39.715  33.379  -8.052 0.0000000000
92041  39.375  32.792  -7.868 0.0000000000
94360  46.101  35.455  -18.006 0.0000000000
94376  47.423  35.397  -19.132 0.0000000000
90439  46.536  31.175  -15.192 0.0000000000
89494  48.660  29.135  -16.512 0.0000000000
89495  47.876  29.616  -16.334 0.0000000000
89508  49.090  29.102  -17.559 0.0000000000
89477  51.590  29.228  -15.599 0.0000000000
89517  53.218  28.993  -18.353 0.0000000000
88537  51.951  28.826  -18.324 0.0000000000
88538  51.187  28.622  -18.379 0.0000000000
88564  51.885  28.589  -19.724 0.0000000000
88561  54.295  27.536  -20.269 0.0000000000
88573  54.349  27.434  -21.104 0.0000000000
87722  54.444  27.059  -21.245 0.0000000000
96884  47.433  40.027  -9.543 0.0000000000
96197  46.639  39.094  -7.611 0.0000000000
97583  47.804  40.481  -7.518 0.0000000000
96196  47.514  39.331  -7.897 0.0000000000
95577  47.971  38.024  -9.591 0.0000000000
96209  48.501  38.643  -9.016 0.0000000000
95576  48.907  38.486  -9.844 0.0000000000
95582  48.359  37.943  -10.508 0.0000000000
95588  47.716  37.521  -11.390 0.0000000000
94286  45.093  35.710  -11.729 0.0000000000
94967  45.903  36.163  -12.441 0.0000000000
94266  40.778  35.644  -7.716 0.0000000000
94265  41.355  36.098  -7.841 0.0000000000
94273  41.804  35.418  -8.237 0.0000000000
94271  43.807  35.555  -8.689 0.0000000000
92047  42.973  32.222  -9.539 0.0000000000
93572  44.373  34.492  -9.781 0.0000000000
93576  44.391  34.277  -10.636 0.0000000000
94287  44.457  35.101  -11.154 0.0000000000
92828  44.677  33.295  -12.447 0.0000000000
92838  44.929  32.991  -13.095 0.0000000000
92089  45.297  32.450  -13.691 0.0000000000
92065  46.583  31.581  -12.413 0.0000000000
91277  46.507  31.265  -13.100 0.0000000000
90394  47.348  30.676  -13.189 0.0000000000
91256  48.257  31.492  -11.627 0.0000000000
95542  39.805  36.915  -5.148 0.0000000000
94238  39.049  35.179  -4.020 0.0000000000
93545  38.335  34.428  -4.892 0.0000000000
96343  40.653  38.393  -23.199 0.0000000000
96348  40.414  37.908  -23.945 0.0000000000
97002  40.353  38.420  -23.785 0.0000000000
96355  40.138  37.664  -24.181 0.0000000000
95711  39.394  36.543  -23.323 0.0000000000
95086  39.211  35.961  -22.935 0.0000000000
93696  40.576  34.281  -23.050 0.0000000000
93686  40.412  34.147  -22.371 0.0000000000
92936  40.977  33.911  -22.545 0.0000000000
92922  40.700  33.885  -21.655 0.0000000000
92951  43.719  34.488  -23.950 0.0000000000
92906  43.923  33.510  -21.279 0.0000000000
92150  43.990  32.999  -20.084 0.0000000000
92149  44.460  32.953  -20.638 0.0000000000
91340  46.217  31.778  -21.053 0.0000000000
96242  46.315  38.669  -12.917 0.0000000000
96252  49.421  38.799  -13.766 0.0000000000
96254  47.545  38.357  -13.644 0.0000000000
96272  47.798  38.255  -14.339 0.0000000000
96288  46.967  38.137  -14.938 0.0000000000
96286  49.111  38.148  -15.151 0.0000000000
94988  50.160  37.194  -14.621 0.0000000000
95003  51.258  37.116  -15.701 0.0000000000
95020  51.361  36.970  -16.136 0.0000000000
95654  49.984  37.477  -16.458 0.0000000000
95667  50.544  37.336  -17.185 0.0000000000
95669  49.296  36.818  -17.265 0.0000000000
95037  51.167  36.762  -17.320 0.0000000000
95063  50.826  36.068  -19.073 0.0000000000
95064  50.316  36.131  -19.295 0.0000000000
94390  49.646  35.609  -20.096 0.0000000000
91312  47.012  31.581  -16.335 0.0000000000
92110  47.091  32.206  -16.102 0.0000000000
91320  47.431  31.664  -17.279 0.0000000000
91326  47.903  31.467  -18.723 0.0000000000
92117  47.790  32.318  -17.633 0.0000000000
92116  48.211  32.903  -18.167 0.0000000000
92878  48.587  33.676  -17.827 0.0000000000
89551  49.992  29.645  -21.514 0.0000000000
90478  49.088  30.078  -20.294 0.0000000000
92145  49.311  32.920  -21.373 0.0000000000
92146  48.740  32.403  -20.851 0.0000000000
92896  48.933  33.367  -19.660 0.0000000000
92895  49.495  33.923  -20.166 0.0000000000
94435  49.752  34.392  -21.988 0.0000000000
94420  49.633  34.522  -21.515 0.0000000000
94421  48.891  34.694  -21.623 0.0000000000
94437  48.559  35.131  -22.604 0.0000000000
92946  48.987  33.425  -23.534 0.0000000000
92947  48.089  33.545  -23.357 0.0000000000
91370  49.541  31.859  -24.059 0.0000000000
91365  48.529  31.403  -23.480 0.0000000000
91354  47.784  31.566  -22.912 0.0000000000
91355  47.121  31.232  -22.270 0.0000000000
88589  45.756  28.184  -21.533 0.0000000000
89552  46.458  29.174  -21.798 0.0000000000
87726  49.470  27.481  -20.993 0.0000000000
94399  37.931  35.279  -19.596 0.0000000000
94944  43.122  36.824  -7.934 0.0000000000
94991  46.763  35.857  -14.181 0.0000000000
94331  46.955  34.838  -15.103 0.0000000000
92856  47.273  33.649  -15.931 0.0000000000
89548  52.559  28.627  -22.213 0.0000000000
89560  52.454  28.645  -23.104 0.0000000000
89573  51.887  28.673  -23.343 0.0000000000
88606  52.159  28.295  -23.467 0.0000000000
87742  51.700  27.318  -22.322 0.0000000000
87723  52.518  27.055  -21.598 0.0000000000
94262  38.778  34.762  -6.198 0.0000000000
94344  44.804  35.573  -16.881 0.0000000000
90427  47.147  30.187  -14.678 0.0000000000
89465  47.866  29.639  -14.703 0.0000000000
89479  49.232  29.082  -15.634 0.0000000000
89490  53.418  29.431  -16.782 0.0000000000
89504  53.547  28.952  -17.819 0.0000000000
89516  53.500  28.883  -18.327 0.0000000000
88548  53.540  28.662  -18.920 0.0000000000
97616  48.186  40.489  -8.725 0.0000000000
95571  46.759  37.704  -8.536 0.0000000000
96205  47.137  38.569  -8.223 0.0000000000
95578  46.961  37.355  -9.264 0.0000000000
94962  46.707  37.138  -10.885 0.0000000000
93568  41.603  34.362  -8.650 0.0000000000
93574  42.917  33.916  -9.251 0.0000000000
92046  43.999  32.153  -9.877 0.0000000000
92068  44.910  32.962  -11.712 0.0000000000
92082  45.056  32.651  -12.485 0.0000000000
92081  45.546  32.032  -12.845 0.0000000000
92066  46.061  31.839  -12.123 0.0000000000
91257  47.038  31.749  -11.787 0.0000000000
91240  49.620  31.383  -10.895 0.0000000000
94429  40.701  36.056  -21.565 0.0000000000
95719  40.175  37.392  -23.860 0.0000000000
95104  39.908  36.911  -23.684 0.0000000000
95093  39.886  36.332  -23.430 0.0000000000
95085  39.570  35.980  -23.294 0.0000000000
94445  39.799  35.460  -23.193 0.0000000000
92954  41.138  34.020  -23.254 0.0000000000
92932  44.795  34.364  -23.173 0.0000000000
92160  44.985  33.011  -21.116 0.0000000000
92159  45.497  33.111  -21.357 0.0000000000
92147  45.934  32.579  -21.116 0.0000000000
96916  48.836  39.002  -12.328 0.0000000000
96917  47.859  38.828  -12.408 0.0000000000
96922  49.702  38.967  -12.939 0.0000000000
94328  49.447  36.010  -15.930 0.0000000000
95022  50.176  36.156  -16.105 0.0000000000
94341  50.666  35.987  -16.725 0.0000000000
94355  51.329  36.261  -17.737 0.0000000000
94356  51.039  35.830  -17.565 0.0000000000
93656  50.548  35.156  -19.215 0.0000000000
90452  47.803  30.248  -17.290 0.0000000000
90461  47.590  31.217  -17.833 0.0000000000
90460  47.959  30.494  -17.997 0.0000000000
91346  49.011  31.386  -21.660 0.0000000000
92904  49.581  33.655  -21.048 0.0000000000
92915  49.638  33.456  -21.904 0.0000000000
93692  49.759  34.064  -22.471 0.0000000000
93693  49.488  34.409  -22.775 0.0000000000
94452  49.282  34.528  -22.914 0.0000000000
93705  49.362  34.127  -23.213 0.0000000000
89576  49.461  29.654  -23.362 0.0000000000
90509  48.893  30.991  -23.688 0.0000000000
90497  49.092  29.961  -23.359 0.0000000000
88588  47.071  28.226  -22.029 0.0000000000
95008  46.083  36.920  -15.675 0.0000000000
92899  41.653  33.795  -19.447 0.0000000000
96199  44.811  38.602  -7.434 0.0000000000
95572  45.819  37.268  -8.538 0.0000000000
94950  45.159  36.489  -8.735 0.0000000000
92049  41.548  32.402  -9.189 0.0000000000
91232  41.675  31.558  -9.101 0.0000000000
91231  42.505  31.488  -9.447 0.0000000000
91229  44.002  31.167  -9.930 0.0000000000
94411  43.530  35.188  -20.841 0.0000000000
94459  42.395  34.889  -23.584 0.0000000000
93710  44.055  34.947  -24.399 0.0000000000
93694  45.796  34.580  -23.550 0.0000000000
92949  46.370  34.266  -23.292 0.0000000000
95595  49.338  37.783  -12.296 0.0000000000
95605  49.997  37.786  -13.129 0.0000000000
95606  48.912  37.378  -13.310 0.0000000000
94989  48.932  36.883  -14.238 0.0000000000
95006  48.993  36.334  -15.295 0.0000000000
94343  49.090  35.330  -16.344 0.0000000000
93648  49.126  34.307  -17.408 0.0000000000
89530  50.464  29.020  -19.900 0.0000000000
89541  50.538  29.220  -20.968 0.0000000000
89549  51.595  29.089  -22.127 0.0000000000
90485  50.021  29.951  -22.000 0.0000000000
90495  50.155  30.340  -22.705 0.0000000000
91362  50.157  30.659  -23.692 0.0000000000
89575  50.088  29.411  -23.543 0.0000000000
89563  49.609  29.049  -23.172 0.0000000000
88599  49.272  28.378  -22.908 0.0000000000
87759  48.946  27.715  -22.475 0.0000000000
87710  50.349  27.529  -20.114 0.0000000000
87725  50.514  27.375  -21.191 0.0000000000
95558  40.698  37.227  -6.515 0.0000000000
95568  41.143  37.228  -6.937 0.0000000000
93562  40.313  34.750  -7.955 0.0000000000
93570  40.143  33.963  -8.154 0.0000000000
92804  40.488  33.229  -8.432 0.0000000000
94380  43.152  35.395  -18.620 0.0000000000
94378  45.258  35.203  -18.904 0.0000000000
94393  46.604  35.237  -20.085 0.0000000000
92096  46.123  32.524  -15.014 0.0000000000
91306  46.538  31.763  -15.501 0.0000000000
91305  46.738  31.163  -15.768 0.0000000000
90445  47.012  30.837  -16.202 0.0000000000
89481  47.481  29.811  -15.502 0.0000000000
89496  47.379  30.255  -16.236 0.0000000000
89510  47.719  30.095  -16.836 0.0000000000
89519  49.402  29.203  -18.587 0.0000000000
89518  50.184  28.905  -18.938 0.0000000000
89462  50.894  29.344  -14.709 0.0000000000
89478  50.378  29.054  -15.640 0.0000000000
89492  50.985  29.020  -16.660 0.0000000000
88539  50.644  28.671  -18.558 0.0000000000
88551  50.910  28.755  -19.049 0.0000000000
88565  51.274  28.888  -19.564 0.0000000000
89528  51.921  28.826  -20.509 0.0000000000
88575  53.153  28.421  -21.132 0.0000000000
88585  54.102  27.716  -21.778 0.0000000000
87740  53.868  27.456  -22.254 0.0000000000
86930  53.840  27.080  -22.012 0.0000000000
86929  54.254  26.939  -21.450 0.0000000000
86916  54.672  26.539  -20.897 0.0000000000
96909  47.887  39.003  -11.461 0.0000000000
96908  49.166  39.275  -11.217 0.0000000000
96907  50.248  39.254  -11.276 0.0000000000
96226  50.376  38.701  -11.452 0.0000000000
98290  47.306  41.015  -7.429 0.0000000000
97599  48.248  40.255  -8.144 0.0000000000
96882  48.973  39.926  -8.775 0.0000000000
96204  47.998  38.883  -8.394 0.0000000000
96203  48.739  39.259  -8.491 0.0000000000
96215  49.680  38.842  -10.187 0.0000000000
95586  49.648  38.170  -11.473 0.0000000000
95596  48.172  37.406  -12.397 0.0000000000
94965  47.743  37.192  -12.633 0.0000000000
94976  46.687  36.331  -13.375 0.0000000000
94304  46.164  35.432  -13.764 0.0000000000
93598  45.805  34.660  -14.052 0.0000000000
93611  45.556  33.873  -14.299 0.0000000000
94945  42.061  36.513  -7.926 0.0000000000
94952  43.033  36.086  -8.182 0.0000000000
94278  44.815  35.524  -9.355 0.0000000000
92810  41.860  32.754  -9.282 0.0000000000
92809  42.399  33.067  -9.360 0.0000000000
94294  44.594  34.905  -12.095 0.0000000000
93587  44.496  34.064  -12.351 0.0000000000
93586  44.774  34.617  -12.937 0.0000000000
93599  45.090  34.259  -13.665 0.0000000000
92847  45.581  33.000  -14.358 0.0000000000
92097  45.670  32.304  -14.365 0.0000000000
91299  45.648  32.027  -14.096 0.0000000000
91291  46.328  31.159  -13.815 0.0000000000
91278  46.045  31.552  -13.241 0.0000000000
90414  46.827  30.553  -14.049 0.0000000000
90413  47.562  30.187  -13.764 0.0000000000
90412  48.516  30.011  -13.367 0.0000000000
90411  49.513  30.109  -13.286 0.0000000000
91243  46.502  31.543  -10.952 0.0000000000
91275  48.015  31.262  -12.328 0.0000000000
90392  48.789  30.707  -12.779 0.0000000000
95559  40.249  37.158  -6.127 0.0000000000
94928  39.621  36.494  -4.656 0.0000000000
94257  39.102  35.812  -5.134 0.0000000000
94258  38.754  35.016  -5.476 0.0000000000
92774  38.159  33.613  -4.384 0.0000000000
92763  37.792  32.889  -4.108 0.0000000000
96344  39.580  38.242  -23.547 0.0000000000
96356  39.941  37.630  -24.265 0.0000000000
95702  39.119  37.734  -22.982 0.0000000000
95080  38.646  36.280  -22.027 0.0000000000
93688  39.222  34.720  -21.324 0.0000000000
94446  39.500  35.257  -22.609 0.0000000000
93698  39.490  34.818  -22.112 0.0000000000
92911  40.198  34.148  -21.204 0.0000000000
92910  40.547  34.041  -20.981 0.0000000000
92909  41.432  33.841  -20.581 0.0000000000
92908  42.366  33.461  -20.828 0.0000000000
92953  41.720  33.953  -23.738 0.0000000000
92934  42.516  33.883  -23.051 0.0000000000
92920  42.447  33.587  -21.933 0.0000000000
92897  42.964  33.277  -20.177 0.0000000000
92137  43.555  32.982  -19.521 0.0000000000
96241  47.258  38.609  -12.979 0.0000000000
95642  45.821  37.662  -14.984 0.0000000000
95007  46.629  36.952  -15.827 0.0000000000
95604  50.623  38.277  -12.988 0.0000000000
95620  50.617  37.714  -14.233 0.0000000000
96269  50.417  38.139  -14.702 0.0000000000
95004  50.817  37.176  -15.316 0.0000000000
96285  49.978  38.126  -15.212 0.0000000000
95639  49.465  37.789  -15.853 0.0000000000
95656  47.905  37.141  -16.164 0.0000000000
95657  47.362  36.905  -16.140 0.0000000000
95024  47.709  36.618  -16.680 0.0000000000
95041  47.875  36.092  -17.430 0.0000000000
94358  48.177  35.795  -18.279 0.0000000000
95051  51.250  36.477  -17.924 0.0000000000
95054  49.136  36.112  -18.436 0.0000000000
94375  48.458  35.603  -19.227 0.0000000000
94407  47.874  35.236  -21.054 0.0000000000
92857  46.622  33.154  -15.539 0.0000000000
92103  47.156  32.843  -16.081 0.0000000000
92868  47.709  33.317  -16.568 0.0000000000
92877  49.315  34.174  -18.281 0.0000000000
91333  48.261  31.718  -20.073 0.0000000000
91339  48.719  31.605  -21.064 0.0000000000
93666  50.466  34.903  -20.084 0.0000000000
93677  50.029  34.364  -20.699 0.0000000000
94404  50.496  35.060  -20.404 0.0000000000
94406  48.818  35.163  -20.924 0.0000000000
94438  47.641  35.461  -22.846 0.0000000000
94453  48.908  34.752  -23.121 0.0000000000
91369  49.705  32.021  -24.059 0.0000000000
92188  49.413  32.234  -24.051 0.0000000000
92167  47.702  32.899  -22.814 0.0000000000
91347  46.708  31.619  -21.690 0.0000000000
90480  46.492  31.040  -21.331 0.0000000000
90489  46.338  29.783  -21.433 0.0000000000
86905  53.462  26.745  -20.848 0.0000000000
86940  53.263  27.437  -22.747 0.0000000000
87699  48.034  27.446  -18.686 0.0000000000
87739  54.222  27.250  -21.774 0.0000000000
87766  52.052  27.974  -23.511 0.0000000000
88536  53.709  28.761  -18.269 0.0000000000
88596  53.610  27.849  -22.300 0.0000000000
89572  52.294  28.470  -23.355 0.0000000000
90487  48.917  31.084  -21.288 0.0000000000
91313  46.818  31.968  -15.905 0.0000000000
92079  46.580  31.401  -12.731 0.0000000000
92125  47.911  32.207  -18.348 0.0000000000
92187  49.694  32.267  -23.989 0.0000000000
92923  40.340  34.060  -21.407 0.0000000000
93668  41.039  34.044  -19.484 0.0000000000
93676  50.317  34.809  -20.543 0.0000000000
93679  40.775  34.115  -20.227 0.0000000000
93697  39.984  34.693  -22.671 0.0000000000
94372  51.213  36.297  -18.163 0.0000000000
94939  40.518  36.858  -6.795 0.0000000000
94955  46.546  37.010  -9.411 0.0000000000
95023  48.318  36.570  -17.062 0.0000000000
95038  50.400  36.849  -17.757 0.0000000000
95040  48.797  36.398  -17.510 0.0000000000
95052  50.912  36.468  -18.405 0.0000000000
95053  50.014  36.475  -18.565 0.0000000000
95103  40.019  37.120  -23.771 0.0000000000
95579  46.431  37.196  -8.840 0.0000000000
95581  49.296  38.274  -10.681 0.0000000000
95585  50.040  38.332  -11.481 0.0000000000
95597  47.645  37.381  -12.016 0.0000000000
95622  49.170  37.253  -13.830 0.0000000000
95636  51.166  37.334  -15.688 0.0000000000
95637  50.866  37.722  -15.389 0.0000000000
95640  48.416  37.684  -15.798 0.0000000000
95652  51.199  37.437  -16.005 0.0000000000
95653  50.747  37.585  -16.233 0.0000000000
95666  51.130  37.252  -16.573 0.0000000000
95668  49.803  37.089  -17.185 0.0000000000
96214  50.205  39.046  -10.669 0.0000000000
96227  49.981  38.523  -10.922 0.0000000000
96238  50.739  38.737  -12.505 0.0000000000
96239  50.803  38.574  -12.012 0.0000000000
96253  48.467  38.673  -13.765 0.0000000000
96271  48.808  38.444  -14.437 0.0000000000
96284  50.470  38.021  -15.279 0.0000000000
96287  48.038  38.082  -15.083 0.0000000000
96865  48.288  39.833  -7.856 0.0000000000
96866  48.003  39.835  -7.710 0.0000000000
96876  48.143  39.253  -8.073 0.0000000000
96894  50.187  39.344  -10.620 0.0000000000
96906  50.484  39.173  -11.743 0.0000000000
96914  50.446  39.064  -12.009 0.0000000000
96923  48.961  38.854  -13.179 0.0000000000
97582  48.215  40.059  -7.839 0.0000000000
97617  47.630  40.538  -8.746 0.0000000000
