#!ascii label  , from subject 201818 vox2ras=TkReg
1581
10381  46.271  -49.945  -20.134 0.2000000030
11036  46.206  -49.126  -20.273 0.2000000030
10405  46.530  -49.738  -20.959 0.2000000030
9731  45.884  -50.446  -19.521 0.2000000030
10424  45.971  -49.219  -21.943 0.1000000015
11018  46.098  -48.846  -19.164 0.3000000119
9759  46.274  -50.258  -20.980 0.1000000015
9745  46.073  -50.545  -20.441 0.2000000030
11049  46.832  -48.605  -21.556 0.1000000015
10423  46.521  -49.258  -21.678 0.1000000015
11064  46.547  -48.654  -22.436 0.1000000015
11082  46.813  -48.199  -22.944 0.1000000015
11065  45.602  -48.628  -22.728 0.1000000015
11772  46.531  -47.404  -24.642 0.1000000015
11083  46.266  -48.080  -23.614 0.1000000015
12503  46.669  -46.686  -25.169 0.2000000030
11102  46.137  -47.870  -24.496 0.1000000015
11735  45.967  -47.506  -21.670 0.1000000015
12465  46.137  -47.060  -22.410 0.1000000015
11050  46.254  -48.032  -21.310 0.2000000030
11749  46.896  -47.361  -22.537 0.1000000015
11734  46.666  -47.804  -21.864 0.1000000015
11048  47.132  -48.346  -22.031 0.1000000015
12477  46.752  -46.881  -23.091 0.1000000015
12489  46.728  -46.637  -24.184 0.1000000015
13242  45.802  -45.910  -25.961 0.2000000030
13228  46.476  -46.119  -25.059 0.2000000030
13257  45.603  -45.782  -26.834 0.1000000015
12504  46.189  -46.691  -25.864 0.2000000030
13272  45.491  -45.689  -27.502 0.2000000030
13273  45.230  -45.795  -27.962 0.1000000015
13286  44.931  -45.546  -28.514 0.1000000015
12464  46.654  -47.091  -22.688 0.1000000015
14034  45.222  -45.162  -26.787 0.2000000030
14053  44.814  -44.478  -27.651 0.2000000030
14065  44.934  -44.669  -28.742 0.2000000030
14052  45.207  -45.138  -27.888 0.2000000030
13297  44.499  -45.019  -29.108 0.2000000030
12478  45.987  -46.413  -23.430 0.1000000015
12490  46.222  -46.062  -24.333 0.1000000015
13229  45.716  -45.792  -24.944 0.2000000030
13243  45.221  -45.463  -25.455 0.2000000030
14015  45.231  -45.348  -25.980 0.3000000119
14075  44.353  -44.318  -29.819 0.2000000030
13298  44.132  -44.847  -29.493 0.2000000030
13288  43.427  -44.954  -28.538 0.2000000030
14851  44.541  -43.759  -28.316 0.3000000119
14863  44.448  -43.618  -29.360 0.3000000119
15656  44.210  -42.524  -29.898 0.3000000119
14066  43.610  -44.557  -29.213 0.2000000030
14067  43.242  -44.469  -28.643 0.2000000030
15642  44.258  -42.689  -28.707 0.4000000060
15629  44.238  -43.152  -27.870 0.3000000119
14035  44.429  -44.240  -26.671 0.2000000030
14870  44.244  -43.430  -30.264 0.3000000119
14076  43.924  -44.366  -30.012 0.2000000030
14082  44.206  -43.954  -30.360 0.2000000030
14864  43.436  -43.911  -29.751 0.2000000030
16439  44.065  -41.431  -29.263 0.3000000119
15657  43.280  -43.235  -30.277 0.2000000030
14871  43.858  -43.531  -30.425 0.2000000030
15658  43.034  -42.460  -29.910 0.1000000015
15644  42.592  -42.768  -28.967 0.2000000030
14865  43.067  -43.281  -29.590 0.2000000030
14853  42.995  -43.816  -28.706 0.2000000030
16455  44.206  -41.500  -30.459 0.3000000119
16462  44.360  -41.266  -31.315 0.2000000030
15664  43.953  -42.173  -30.985 0.3000000119
15665  43.402  -42.429  -30.865 0.1000000015
15666  43.121  -42.088  -30.450 0.1000000015
15671  43.721  -41.925  -31.553 0.1000000015
17310  44.109  -40.574  -30.031 0.3000000119
17333  44.673  -40.260  -31.736 0.2000000030
17338  45.052  -39.961  -32.209 0.1000000015
16467  44.264  -41.260  -32.011 0.1000000015
15670  43.990  -41.731  -31.747 0.1000000015
16463  43.312  -41.515  -31.493 0.1000000015
17326  43.066  -40.754  -30.639 0.1000000015
17324  44.396  -40.723  -30.919 0.2000000030
17339  44.523  -40.326  -32.331 0.1000000015
18220  44.347  -39.549  -32.530 0.1000000015
16471  44.214  -40.910  -32.398 0.1000000015
17340  43.961  -40.557  -32.470 0.1000000015
16468  43.861  -41.358  -32.054 0.1000000015
17334  43.574  -40.754  -31.889 0.1000000015
17325  43.295  -40.828  -31.418 0.1000000015
18197  43.310  -40.058  -31.323 0.1000000015
11761  46.923  -47.441  -23.484 0.1000000015
11750  46.469  -47.405  -22.104 0.1000000015
17900  41.809  -40.018  -12.230 0.5000000000
17029  41.715  -40.229  -11.398 0.5000000000
17938  41.288  -39.336  -13.789 0.5000000000
16964  41.307  -40.211  -8.373 0.2000000030
16985  41.774  -40.452  -9.372 0.2000000030
16986  40.860  -40.195  -9.341 0.3000000119
17885  41.203  -40.180  -10.822 0.5000000000
17901  40.918  -39.723  -11.639 0.5000000000
17924  40.384  -39.088  -12.394 0.5000000000
17923  41.180  -39.481  -12.724 0.5000000000
17922  41.987  -39.735  -13.130 0.5000000000
17937  42.217  -39.697  -14.036 0.5000000000
17951  43.333  -39.984  -14.925 0.5000000000
16965  40.647  -40.095  -8.737 0.3000000119
17886  40.288  -39.741  -10.368 0.3000000119
17939  40.682  -38.991  -13.187 0.5000000000
18893  40.584  -38.776  -13.858 0.5000000000
17953  41.744  -39.310  -14.783 0.5000000000
17126  45.341  -40.643  -16.442 0.4000000060
17132  44.741  -40.443  -17.123 0.5000000000
17127  44.692  -40.262  -16.275 0.5000000000
17977  43.752  -40.033  -15.548 0.5000000000
17131  45.534  -40.797  -17.458 0.4000000060
17861  40.416  -39.797  -8.190 0.3000000119
17876  39.525  -39.424  -9.478 0.4000000060
17887  39.359  -39.213  -10.359 0.4000000060
17902  39.948  -39.179  -11.499 0.5000000000
18851  39.606  -38.876  -11.656 0.5000000000
18873  39.736  -38.736  -12.076 0.5000000000
18894  39.927  -38.304  -13.195 0.5000000000
18874  39.396  -38.303  -12.348 0.5000000000
18895  39.417  -38.009  -12.870 0.5000000000
18905  40.223  -38.230  -14.387 0.5000000000
18904  40.901  -38.850  -14.696 0.5000000000
17979  42.198  -39.285  -15.490 0.6000000238
17992  44.209  -40.087  -16.016 0.5000000000
17978  42.972  -39.594  -15.736 0.5000000000
17143  46.446  -41.096  -18.276 0.4000000060
17130  46.492  -41.107  -17.652 0.4000000060
20707  39.288  -36.996  -5.451 0.1000000015
20717  38.770  -36.797  -6.007 0.1000000015
20718  38.059  -36.331  -6.101 0.1000000015
19767  38.803  -37.172  -6.608 0.1000000015
20726  38.357  -36.905  -6.650 0.1000000015
20727  37.546  -36.691  -7.056 0.1000000015
19775  39.235  -37.936  -6.900 0.1000000015
19776  38.460  -37.827  -7.403 0.1000000015
19777  37.570  -37.368  -7.745 0.1000000015
17850  39.882  -39.270  -7.649 0.2000000030
17851  39.297  -39.037  -7.834 0.1000000015
17862  39.475  -39.320  -8.474 0.3000000119
17903  39.633  -39.289  -10.933 0.5000000000
18816  39.131  -39.129  -9.007 0.4000000060
18832  38.929  -39.023  -9.570 0.4000000060
18852  39.240  -38.609  -11.345 0.4000000060
19820  39.089  -38.154  -12.014 0.5000000000
19837  39.121  -37.822  -12.510 0.5000000000
19857  39.225  -37.589  -13.420 0.5000000000
19856  39.589  -37.915  -13.551 0.5000000000
17993  43.582  -39.908  -16.323 0.5000000000
17998  44.134  -40.178  -16.730 0.5000000000
17144  45.876  -40.903  -18.484 0.4000000060
16306  47.375  -41.825  -18.704 0.5000000000
17787  38.041  -39.134  -2.688 0.1000000015
18763  38.766  -38.925  -4.359 0.1000000015
19745  38.255  -38.121  -4.733 0.1000000015
19757  38.623  -37.455  -5.108 0.1000000015
20708  38.952  -36.970  -5.443 0.1000000015
21631  37.502  -36.118  -5.550 0.1000000015
19758  38.047  -37.565  -4.944 0.1000000015
20709  37.925  -36.892  -5.206 0.1000000015
21639  37.375  -35.842  -6.228 0.1000000015
20754  36.283  -35.971  -9.482 0.2000000030
18805  39.447  -38.516  -7.250 0.1000000015
20753  36.821  -36.861  -9.135 0.2000000030
19785  38.101  -38.258  -8.353 0.2000000030
18834  37.799  -38.062  -9.458 0.2000000030
19800  37.398  -37.426  -9.798 0.2000000030
20765  36.948  -36.351  -10.464 0.2000000030
20766  36.401  -35.613  -10.283 0.2000000030
18817  38.608  -38.815  -8.551 0.2000000030
18833  38.318  -38.550  -9.685 0.2000000030
18841  38.565  -38.294  -10.634 0.3000000119
19822  38.123  -37.228  -11.468 0.3000000119
20786  38.232  -36.899  -12.126 0.4000000060
19838  38.709  -37.209  -12.685 0.5000000000
18924  41.439  -38.756  -15.738 0.5000000000
18954  41.650  -38.806  -17.915 0.5000000000
18945  41.587  -38.630  -16.901 0.5000000000
18944  42.299  -39.122  -17.281 0.5000000000
18923  42.248  -39.129  -16.312 0.5000000000
19874  39.612  -37.854  -14.029 0.5000000000
17999  43.530  -39.970  -17.169 0.5000000000
18000  42.925  -39.616  -17.656 0.5000000000
17994  42.926  -39.549  -16.744 0.5000000000
18946  40.841  -38.039  -16.537 0.5000000000
17145  44.695  -40.346  -18.293 0.5000000000
18011  44.119  -40.267  -17.488 0.5000000000
16307  46.614  -41.289  -18.683 0.4000000060
18741  37.655  -38.826  -2.084 0.1000000015
18748  37.689  -38.947  -3.248 0.1000000015
18765  37.245  -38.390  -3.807 0.1000000015
19747  36.523  -37.836  -3.843 0.1000000015
20688  35.147  -36.793  -3.183 0.1000000015
18764  37.897  -38.626  -4.133 0.1000000015
19746  37.434  -37.831  -4.668 0.1000000015
20698  37.393  -37.291  -4.878 0.1000000015
21632  36.662  -35.684  -5.403 0.1000000015
21645  36.932  -35.912  -6.906 0.1000000015
21646  36.195  -35.478  -7.379 0.1000000015
20738  37.004  -36.948  -8.043 0.1000000015
21652  35.827  -35.289  -8.666 0.2000000030
20739  36.370  -36.224  -8.366 0.2000000030
19809  37.704  -37.231  -10.786 0.3000000119
20787  37.685  -36.458  -11.609 0.3000000119
21709  36.638  -35.132  -11.163 0.2000000030
21708  37.017  -35.401  -11.600 0.2000000030
21736  37.695  -35.748  -12.564 0.3000000119
19858  38.693  -36.847  -13.370 0.4000000060
20807  38.200  -36.366  -12.897 0.4000000060
18955  40.960  -38.120  -17.627 0.5000000000
19920  40.491  -37.212  -17.291 0.5000000000
20924  39.949  -36.473  -18.101 0.5000000000
20909  39.758  -36.487  -16.956 0.5000000000
19875  39.231  -37.329  -14.423 0.5000000000
20825  38.852  -36.844  -14.072 0.5000000000
21840  39.597  -35.620  -17.713 0.5000000000
18925  40.471  -38.193  -15.471 0.5000000000
19910  40.098  -37.324  -16.175 0.5000000000
15518  47.951  -42.529  -18.801 0.4000000060
16321  47.359  -42.144  -19.021 0.4000000060
16294  47.293  -41.539  -17.839 0.4000000060
21598  33.846  -35.040  -2.261 0.1000000015
20689  34.803  -36.228  -3.037 0.1000000015
22517  34.262  -34.617  -3.666 0.1000000015
20699  36.867  -37.136  -4.727 0.1000000015
20700  35.792  -36.964  -3.985 0.1000000015
21623  35.598  -35.750  -4.451 0.1000000015
21624  34.880  -35.057  -4.243 0.1000000015
21622  36.370  -36.400  -4.774 0.1000000015
21633  35.991  -35.070  -5.137 0.1000000015
22533  35.390  -34.889  -4.775 0.1000000015
21640  36.742  -35.311  -6.355 0.1000000015
22550  36.163  -34.739  -6.450 0.1000000015
22556  35.819  -34.670  -7.139 0.1000000015
21653  35.478  -34.382  -8.465 0.2000000030
21665  35.571  -34.580  -9.232 0.2000000030
22567  35.661  -34.274  -9.822 0.2000000030
21664  35.901  -35.065  -9.864 0.2000000030
21684  36.299  -35.055  -10.735 0.2000000030
24515  41.540  -32.007  -15.389 0.2000000030
22603  36.870  -34.760  -11.962 0.2000000030
24542  40.804  -31.887  -16.449 0.2000000030
24543  39.816  -32.082  -16.323 0.2000000030
23652  39.191  -32.585  -16.071 0.2000000030
24576  41.154  -31.766  -17.506 0.2000000030
24577  40.118  -32.192  -17.349 0.2000000030
23679  39.188  -32.746  -16.892 0.2000000030
22755  38.904  -33.246  -16.742 0.2000000030
23653  38.902  -33.056  -16.419 0.3000000119
22731  38.704  -33.749  -16.343 0.2000000030
22705  38.373  -34.161  -15.467 0.4000000060
24589  40.497  -32.330  -18.340 0.2000000030
23698  39.688  -32.848  -17.804 0.3000000119
22754  38.967  -33.644  -17.209 0.3000000119
21818  38.633  -34.617  -16.054 0.4000000060
21795  38.547  -35.354  -15.283 0.5000000000
21774  38.215  -35.551  -14.255 0.4000000060
20826  38.370  -36.271  -13.780 0.5000000000
22774  39.855  -34.181  -18.817 0.5000000000
22775  39.500  -33.890  -18.021 0.4000000060
21841  39.190  -34.785  -17.329 0.4000000060
21817  38.892  -35.328  -16.367 0.5000000000
20848  38.589  -36.207  -14.591 0.5000000000
21866  39.684  -34.778  -18.105 0.5000000000
20910  39.353  -35.693  -16.928 0.5000000000
19889  39.682  -37.538  -15.114 0.5000000000
19890  39.240  -37.149  -14.991 0.5000000000
23392  33.193  -33.568  -2.061 0.1000000015
22494  33.457  -34.538  -1.792 0.1000000015
22503  33.738  -34.335  -2.732 0.1000000015
23434  33.641  -33.268  -3.812 0.1000000015
23433  34.101  -33.907  -4.084 0.1000000015
23461  34.289  -33.295  -4.748 0.1000000015
23480  35.331  -33.729  -5.926 0.1000000015
23481  34.880  -33.052  -5.714 0.1000000015
22551  35.666  -34.144  -6.530 0.1000000015
22557  35.444  -34.071  -7.489 0.2000000030
23495  35.118  -33.178  -7.534 0.2000000030
22562  35.239  -33.651  -8.254 0.2000000030
22584  35.988  -34.231  -10.586 0.2000000030
22604  36.545  -34.548  -11.468 0.2000000030
24516  40.511  -31.843  -15.440 0.2000000030
22629  37.177  -34.602  -12.653 0.2000000030
24492  42.314  -32.383  -14.223 0.1000000015
24517  39.606  -32.124  -15.471 0.1000000015
23623  38.721  -33.054  -15.598 0.1000000015
21755  38.038  -35.595  -13.356 0.3000000119
21756  37.662  -35.179  -13.048 0.2000000030
23601  38.222  -33.542  -14.800 0.1000000015
22656  38.013  -35.126  -13.918 0.2000000030
21794  38.923  -36.008  -15.755 0.5000000000
20866  38.857  -36.238  -15.201 0.5000000000
20847  38.979  -36.782  -14.814 0.5000000000
20891  39.261  -36.207  -16.298 0.5000000000
20865  39.252  -36.756  -15.522 0.5000000000
20890  39.624  -36.770  -16.132 0.5000000000
23393  33.017  -33.578  -1.322 0.1000000015
25160  32.766  -31.606  -2.198 0.1000000015
25184  33.138  -31.571  -3.483 0.1000000015
24311  33.117  -32.673  -2.848 0.1000000015
24335  33.471  -32.405  -4.008 0.1000000015
23462  33.780  -32.873  -4.369 0.1000000015
24379  34.329  -32.158  -5.801 0.1000000015
25229  33.848  -31.222  -5.608 0.1000000015
23490  34.880  -32.656  -6.687 0.1000000015
23496  34.714  -32.431  -7.606 0.2000000030
23503  34.895  -32.864  -8.468 0.2000000030
22568  35.289  -33.658  -9.273 0.2000000030
22585  35.529  -33.749  -10.155 0.2000000030
23528  35.304  -32.940  -10.263 0.2000000030
23527  35.661  -33.476  -10.718 0.2000000030
23560  36.681  -33.846  -12.147 0.2000000030
22630  36.789  -34.454  -12.079 0.2000000030
24493  41.206  -31.751  -14.117 0.1000000015
24494  40.136  -31.500  -14.765 0.1000000015
24495  39.330  -31.851  -14.820 0.1000000015
24518  39.075  -32.407  -15.239 0.1000000015
23580  37.575  -33.772  -13.632 0.1000000015
24496  38.650  -32.494  -14.651 0.1000000015
22680  38.085  -34.583  -14.453 0.2000000030
22681  37.885  -34.230  -13.958 0.2000000030
22657  37.818  -34.720  -13.559 0.2000000030
26044  33.043  -30.516  -1.831 0.1000000015
27923  34.244  -28.882  -2.724 0.1000000015
26058  33.131  -30.588  -3.004 0.1000000015
27021  34.110  -29.014  -4.511 0.1000000015
27022  33.631  -29.913  -4.805 0.1000000015
26121  33.553  -30.656  -5.598 0.1000000015
26097  33.469  -30.683  -5.078 0.1000000015
25228  34.208  -31.459  -6.327 0.1000000015
25260  34.413  -30.969  -8.003 0.1000000015
23504  34.651  -32.153  -8.261 0.1000000015
24407  34.570  -31.555  -8.580 0.1000000015
24417  34.720  -31.693  -9.358 0.1000000015
23511  34.924  -32.579  -9.415 0.2000000030
23543  35.639  -32.884  -11.013 0.2000000030
23542  36.105  -33.450  -11.419 0.2000000030
24451  35.880  -32.413  -11.588 0.2000000030
24470  36.482  -32.696  -12.281 0.1000000015
24479  42.202  -32.291  -13.000 0.1000000015
25335  40.842  -31.293  -13.202 0.1000000015
25346  40.412  -31.316  -13.971 0.1000000015
25347  39.693  -31.292  -14.210 0.1000000015
23559  37.017  -33.306  -12.935 0.2000000030
25336  40.096  -31.007  -13.447 0.1000000015
24497  37.993  -33.081  -14.203 0.1000000015
27935  34.632  -28.666  -3.610 0.1000000015
27954  35.056  -28.378  -4.636 0.1000000015
27974  34.718  -28.583  -5.655 0.1000000015
26144  33.994  -30.423  -6.663 0.1000000015
25278  34.760  -30.989  -9.329 0.1000000015
24433  35.070  -31.991  -10.124 0.2000000030
26233  35.585  -31.102  -11.046 0.1000000015
25293  35.271  -31.389  -10.654 0.1000000015
25313  35.766  -31.502  -11.527 0.2000000030
24452  35.397  -32.098  -10.953 0.2000000030
26244  36.407  -31.067  -12.037 0.1000000015
25330  36.214  -31.849  -12.054 0.2000000030
26240  40.000  -30.696  -12.002 0.1000000015
26241  39.471  -30.689  -12.424 0.1000000015
26250  38.792  -30.807  -13.128 0.1000000015
26243  37.382  -30.841  -12.421 0.1000000015
25329  36.747  -31.680  -12.584 0.1000000015
24480  41.544  -31.785  -12.771 0.1000000015
25326  41.120  -31.455  -12.347 0.1000000015
25328  39.736  -30.816  -13.025 0.1000000015
26249  39.327  -30.803  -13.074 0.1000000015
25338  38.247  -31.453  -13.808 0.1000000015
24469  37.022  -32.341  -12.953 0.1000000015
25337  39.253  -31.001  -13.643 0.1000000015
25349  38.507  -31.943  -14.240 0.1000000015
24481  38.187  -32.289  -14.129 0.1000000015
24482  37.563  -32.522  -13.628 0.1000000015
27973  35.655  -28.144  -5.638 0.1000000015
27996  34.638  -28.960  -6.644 0.1000000015
27089  34.626  -29.629  -7.785 0.1000000015
27139  35.051  -29.847  -9.051 0.1000000015
26215  35.575  -30.538  -10.411 0.1000000015
26211  39.156  -30.526  -10.337 0.1000000015
26212  38.371  -30.157  -10.716 0.1000000015
26213  37.368  -29.969  -10.718 0.1000000015
26232  36.033  -30.716  -11.314 0.1000000015
25291  40.286  -31.441  -10.311 0.1000000015
25312  39.717  -30.904  -10.627 0.1000000015
26229  39.163  -30.501  -11.423 0.1000000015
26231  36.897  -30.428  -11.546 0.1000000015
25311  40.178  -30.983  -11.315 0.1000000015
26230  37.943  -30.298  -11.599 0.1000000015
28051  35.433  -29.093  -8.441 0.1000000015
27111  36.742  -28.993  -8.961 0.1000000015
27137  36.311  -29.448  -9.696 0.1000000015
27136  37.310  -29.579  -9.682 0.1000000015
27157  36.018  -29.992  -10.143 0.1000000015
25292  39.690  -31.090  -9.896 0.1000000015
26194  38.531  -30.214  -9.883 0.1000000015
26214  36.409  -30.176  -10.779 0.1000000015
17007  41.212  -40.284  -10.093 0.4000000060
18840  38.859  -38.768  -10.325 0.4000000060
20716  39.297  -36.921  -5.696 0.1000000015
17863  39.052  -38.992  -8.153 0.2000000030
19808  38.280  -37.780  -11.029 0.4000000060
19821  38.729  -37.708  -11.775 0.4000000060
18749  36.859  -38.523  -3.005 0.1000000015
20710  37.104  -36.383  -5.092 0.1000000015
19786  37.533  -37.748  -8.591 0.2000000030
19799  37.992  -37.920  -10.237 0.2000000030
21683  36.679  -35.507  -10.839 0.2000000030
20808  37.996  -36.346  -12.282 0.3000000119
19748  35.943  -37.543  -3.460 0.1000000015
21610  35.146  -36.300  -3.673 0.1000000015
20728  36.776  -36.279  -7.548 0.1000000015
21647  35.721  -34.813  -7.833 0.1000000015
20937  39.944  -36.514  -19.360 0.5000000000
22502  34.126  -35.094  -2.909 0.1000000015
21611  34.720  -35.557  -3.475 0.1000000015
22534  34.752  -34.292  -4.639 0.1000000015
22542  36.370  -34.922  -5.728 0.1000000015
22543  35.669  -34.362  -5.512 0.1000000015
22544  34.971  -33.753  -5.311 0.1000000015
24541  41.853  -31.990  -16.524 0.2000000030
23680  38.955  -33.006  -16.712 0.2000000030
23622  39.105  -32.518  -15.613 0.1000000015
24590  40.100  -32.421  -17.839 0.2000000030
23697  40.004  -33.181  -18.630 0.5000000000
22730  38.736  -34.442  -16.722 0.5000000000
23710  40.269  -33.359  -19.569 0.5000000000
24293  32.936  -32.896  -2.088 0.1000000015
23408  33.407  -33.593  -3.013 0.1000000015
22518  33.812  -33.947  -3.463 0.1000000015
24357  33.953  -32.414  -4.844 0.1000000015
24356  34.358  -32.736  -5.263 0.1000000015
23489  35.293  -33.439  -6.640 0.1000000015
25161  32.677  -32.186  -1.669 0.1000000015
25143  32.745  -31.199  -1.523 0.1000000015
25207  33.562  -31.542  -4.619 0.1000000015
26074  33.349  -30.657  -4.125 0.1000000015
24394  34.484  -31.915  -6.877 0.1000000015
24400  34.481  -31.694  -7.748 0.2000000030
24406  34.716  -32.179  -8.835 0.2000000030
23602  37.926  -33.851  -14.228 0.1000000015
26977  33.639  -29.621  -1.661 0.1000000015
26989  33.503  -29.608  -2.617 0.1000000015
27922  35.144  -28.602  -2.780 0.1000000015
27003  33.938  -29.145  -3.319 0.1000000015
27004  33.514  -29.761  -3.735 0.1000000015
27040  33.981  -29.375  -5.772 0.1000000015
25250  34.003  -30.945  -6.329 0.1000000015
27041  33.652  -30.173  -5.578 0.1000000015
25249  34.222  -31.106  -7.072 0.1000000015
26162  34.248  -30.327  -7.476 0.1000000015
25266  34.598  -30.895  -8.729 0.1000000015
25348  38.913  -31.598  -14.308 0.1000000015
27064  34.211  -29.669  -6.844 0.1000000015
26178  34.509  -30.297  -8.310 0.1000000015
26196  35.080  -30.573  -9.703 0.1000000015
25277  35.000  -31.186  -9.973 0.1000000015
26228  39.733  -30.653  -11.804 0.1000000015
25327  40.392  -30.936  -12.411 0.1000000015
26242  38.463  -30.580  -12.394 0.1000000015
26251  38.036  -30.959  -13.052 0.1000000015
25339  37.454  -31.573  -13.145 0.1000000015
27995  35.369  -28.344  -6.633 0.1000000015
28023  35.164  -28.861  -7.642 0.1000000015
27088  35.046  -29.362  -8.270 0.1000000015
27113  35.245  -29.502  -8.850 0.1000000015
27138  35.459  -29.897  -9.605 0.1000000015
26193  39.250  -30.506  -9.490 0.1000000015
26195  37.948  -29.872  -10.134 0.1000000015
28050  35.998  -28.718  -8.331 0.1000000015
27112  35.819  -29.178  -9.039 0.1000000015
27156  36.682  -29.795  -10.231 0.1000000015
27135  38.099  -29.767  -9.489 0.1000000015
27110  38.118  -29.167  -8.521 0.1000000015
25276  39.800  -30.908  -9.436 0.1000000015
26177  38.646  -29.914  -9.259 0.1000000015
16942  45.354  -40.128  -7.307 0.1000000015
16960  45.892  -40.734  -7.847 0.1000000015
16961  44.892  -40.869  -8.389 0.1000000015
16962  43.551  -40.803  -8.390 0.1000000015
16943  44.233  -40.239  -7.433 0.1000000015
16944  43.076  -40.216  -7.534 0.1000000015
16941  46.382  -39.996  -7.212 0.2000000030
16963  42.421  -40.476  -8.450 0.1000000015
16157  46.377  -41.065  -8.405 0.2000000030
16158  45.645  -41.021  -8.594 0.1000000015
16178  46.754  -41.276  -9.138 0.2000000030
16159  45.313  -41.057  -8.876 0.1000000015
16984  42.841  -40.787  -9.466 0.1000000015
16177  47.695  -41.398  -9.194 0.2000000030
16179  45.951  -41.108  -9.091 0.2000000030
16983  44.056  -40.962  -9.503 0.2000000030
16982  45.253  -41.057  -9.520 0.2000000030
17004  44.548  -40.898  -10.645 0.2000000030
17006  42.109  -40.436  -10.496 0.3000000119
17005  43.343  -40.787  -10.606 0.3000000119
17003  45.646  -40.883  -10.730 0.2000000030
16979  47.982  -41.248  -10.124 0.2000000030
17002  46.639  -40.927  -10.837 0.2000000030
16212  50.869  -41.657  -11.470 0.1000000015
16176  48.770  -41.394  -9.579 0.2000000030
16981  46.221  -41.061  -9.887 0.2000000030
16980  47.130  -41.174  -10.010 0.2000000030
17028  42.695  -40.386  -11.707 0.3000000119
16195  50.412  -41.672  -10.551 0.1000000015
16999  48.799  -41.379  -10.516 0.1000000015
17027  43.958  -40.582  -11.703 0.2000000030
16196  49.479  -41.520  -10.508 0.2000000030
17000  48.304  -41.284  -10.821 0.2000000030
16227  50.372  -41.555  -12.431 0.1000000015
16240  50.082  -41.548  -13.531 0.2000000030
17044  49.689  -41.260  -12.799 0.1000000015
17001  47.546  -41.093  -10.881 0.2000000030
17025  46.149  -40.785  -11.760 0.2000000030
17026  45.094  -40.689  -11.717 0.2000000030
17049  44.599  -40.458  -12.727 0.4000000060
16228  49.593  -41.339  -12.122 0.1000000015
17051  42.539  -40.118  -12.663 0.4000000060
17023  48.118  -41.050  -11.683 0.3000000119
17024  47.160  -40.858  -11.767 0.3000000119
17022  49.023  -41.290  -11.377 0.2000000030
17045  48.881  -41.097  -12.537 0.4000000060
17921  42.777  -39.997  -13.416 0.4000000060
17047  46.725  -40.679  -12.738 0.3000000119
17060  47.331  -40.717  -13.765 0.4000000060
17046  47.794  -40.878  -12.703 0.3000000119
23621  43.485  -32.884  -15.144 0.1000000015
24514  42.618  -32.497  -15.464 0.1000000015
17050  43.467  -40.249  -12.795 0.4000000060
17062  45.191  -40.336  -13.685 0.4000000060
17064  43.430  -40.154  -13.685 0.5000000000
17061  46.236  -40.460  -13.717 0.4000000060
17048  45.663  -40.606  -12.732 0.4000000060
24513  43.391  -32.592  -15.923 0.1000000015
17936  42.995  -39.988  -14.208 0.4000000060
17935  43.707  -40.145  -14.291 0.5000000000
17089  44.183  -40.174  -14.362 0.5000000000
17952  42.580  -39.638  -14.862 0.5000000000
24540  42.877  -32.154  -16.616 0.1000000015
24574  43.282  -32.102  -17.544 0.1000000015
17844  45.918  -39.204  -6.797 0.1000000015
17847  42.629  -39.464  -7.052 0.1000000015
16946  41.474  -39.947  -7.710 0.1000000015
16940  47.379  -40.004  -7.088 0.1000000015
17063  44.195  -40.227  -13.727 0.4000000060
24575  42.290  -31.779  -17.553 0.1000000015
17833  43.188  -38.666  -6.568 0.1000000015
12308  43.908  -46.551  -12.250 0.1000000015
12309  42.999  -46.495  -12.405 0.1000000015
14633  41.966  -43.490  -12.064 0.1000000015
11608  43.781  -47.299  -12.721 0.1000000015
15413  42.711  -43.534  -11.509 0.1000000015
11607  44.535  -47.422  -12.342 0.1000000015
10915  44.424  -48.357  -12.779 0.1000000015
9628  45.646  -49.888  -12.228 0.1000000015
7023  41.499  -54.897  -4.153 0.1000000015
9563  42.130  -50.469  -7.946 0.1000000015
9578  42.581  -50.925  -8.332 0.1000000015
13831  43.435  -44.782  -10.937 0.1000000015
8934  43.730  -51.623  -8.687 0.1000000015
13053  43.180  -45.839  -11.917 0.1000000015
8961  44.684  -51.454  -10.590 0.1000000015
14615  43.045  -43.937  -11.059 0.1000000015
15428  43.490  -42.740  -12.033 0.1000000015
6358  41.336  -55.494  -3.733 0.1000000015
7643  41.339  -54.236  -4.197 0.1000000015
7627  41.180  -53.596  -3.860 0.1000000015
6346  40.724  -55.300  -2.007 0.1000000015
6345  41.286  -55.444  -2.576 0.1000000015
7008  41.656  -54.904  -3.098 0.1000000015
7626  41.601  -53.976  -3.390 0.1000000015
8889  40.283  -52.087  -3.882 0.1000000015
10161  40.186  -49.274  -5.973 0.1000000015
10167  41.863  -49.768  -6.708 0.1000000015
13052  43.902  -45.971  -11.696 0.1000000015
12307  44.513  -46.595  -11.892 0.1000000015
10914  45.026  -48.593  -12.182 0.1000000015
14597  43.747  -44.319  -10.535 0.1000000015
15427  44.507  -42.462  -12.044 0.1000000015
15450  43.943  -42.452  -12.916 0.1000000015
8233  41.319  -52.822  -3.283 0.1000000015
6333  41.053  -55.213  -1.342 0.1000000015
6997  41.620  -54.835  -2.107 0.1000000015
7611  41.746  -54.155  -2.550 0.1000000015
8875  41.546  -51.771  -2.881 0.1000000015
8876  40.764  -51.732  -3.385 0.1000000015
9501  40.367  -50.515  -3.670 0.1000000015
10125  40.674  -49.572  -4.198 0.1000000015
10144  39.771  -49.595  -4.975 0.1000000015
10143  40.972  -49.213  -5.178 0.1000000015
10142  42.136  -49.056  -5.582 0.1000000015
10160  41.421  -49.314  -6.059 0.1000000015
10159  42.435  -49.576  -6.310 0.1000000015
9553  42.440  -50.272  -7.188 0.1000000015
9594  43.977  -50.540  -10.451 0.1000000015
13041  44.045  -45.529  -11.104 0.1000000015
12297  44.590  -46.501  -11.451 0.1000000015
10231  44.646  -49.381  -11.647 0.1000000015
9610  44.920  -50.174  -11.262 0.1000000015
15411  44.148  -42.895  -11.099 0.1000000015
15412  43.222  -43.248  -11.359 0.1000000015
9488  41.896  -50.496  -2.492 0.1000000015
6323  40.527  -55.560  -0.292 0.1000000015
6982  41.466  -54.698  -1.490 0.1000000015
7594  41.685  -53.924  -1.671 0.1000000015
8216  42.018  -51.920  -2.023 0.1000000015
8864  41.960  -51.549  -2.444 0.1000000015
9500  41.290  -50.591  -3.045 0.1000000015
10113  41.683  -49.381  -3.575 0.1000000015
10124  41.679  -48.901  -4.652 0.1000000015
10830  42.328  -48.483  -5.369 0.1000000015
6322  40.896  -55.131  -0.396 0.1000000015
6947  40.956  -54.751  -0.277 0.1000000015
6966  41.234  -54.548  -0.903 0.1000000015
7574  41.352  -53.568  -0.877 0.1000000015
8197  41.620  -52.550  -1.482 0.1000000015
10141  42.738  -49.204  -6.088 0.1000000015
10838  43.291  -49.581  -7.084 0.1000000015
9543  42.921  -50.111  -6.762 0.1000000015
10843  43.256  -49.769  -7.535 0.1000000015
10157  43.519  -49.879  -6.972 0.1000000015
10198  43.414  -50.221  -9.554 0.1000000015
10165  43.640  -50.147  -7.555 0.1000000015
10901  44.140  -48.488  -11.706 0.1000000015
10214  43.238  -49.872  -10.696 0.1000000015
9561  44.081  -50.715  -8.309 0.1000000015
11594  44.539  -47.418  -11.742 0.1000000015
13817  43.935  -45.021  -10.620 0.1000000015
15396  44.271  -43.308  -10.464 0.1000000015
15426  45.508  -42.395  -12.184 0.1000000015
15410  45.163  -42.495  -11.225 0.1000000015
14613  47.479  -42.585  -11.636 0.1000000015
15393  46.816  -42.586  -11.021 0.1000000015
10098  42.032  -49.520  -2.512 0.1000000015
10112  42.124  -49.494  -2.956 0.1000000015
6312  39.893  -55.619  0.767 0.1000000015
6949  40.186  -54.978  0.637 0.1000000015
6948  40.635  -54.578  0.155 0.1000000015
7575  40.596  -53.796  -0.316 0.1000000015
8198  41.130  -52.332  -1.251 0.1000000015
8848  41.981  -51.525  -1.908 0.1000000015
9474  41.957  -50.981  -1.976 0.1000000015
10799  41.986  -48.716  -3.276 0.1000000015
10816  42.242  -48.497  -4.222 0.1000000015
6311  40.625  -55.275  0.228 0.1000000015
11545  41.691  -47.993  -5.928 0.1000000015
10840  41.807  -48.255  -6.258 0.1000000015
10839  42.775  -48.909  -6.482 0.1000000015
10845  41.855  -48.679  -7.378 0.1000000015
10844  42.700  -49.384  -7.818 0.1000000015
10215  42.437  -49.201  -10.738 0.1000000015
10876  42.131  -49.367  -9.726 0.1000000015
13026  44.647  -45.666  -10.300 0.1000000015
12277  44.235  -46.078  -10.255 0.1000000015
12283  44.431  -46.530  -11.096 0.1000000015
11581  44.254  -46.985  -11.381 0.1000000015
10902  42.956  -48.560  -11.373 0.1000000015
10233  43.035  -49.270  -11.120 0.1000000015
13816  44.205  -44.902  -10.191 0.1000000015
13799  44.642  -44.855  -9.587 0.1000000015
14596  44.369  -43.925  -10.001 0.1000000015
15394  45.942  -42.632  -10.578 0.1000000015
14612  48.334  -42.968  -11.576 0.1000000015
6931  39.036  -55.140  1.864 0.1000000015
6299  39.518  -55.500  1.511 0.1000000015
8167  39.506  -53.400  0.277 0.1000000015
8180  39.784  -53.072  -0.203 0.1000000015
10783  42.051  -48.970  -2.704 0.1000000015
6930  39.641  -54.954  1.173 0.1000000015
7576  40.117  -53.788  0.047 0.1000000015
8179  40.889  -52.854  -0.951 0.1000000015
9476  40.639  -50.623  -1.640 0.1000000015
10099  41.521  -49.227  -2.443 0.1000000015
11502  41.783  -47.916  -3.906 0.1000000015
11520  41.938  -47.876  -4.776 0.1000000015
10800  41.394  -48.100  -3.297 0.1000000015
11536  41.237  -47.622  -5.270 0.1000000015
11546  41.270  -47.848  -6.008 0.1000000015
10846  41.127  -48.123  -7.136 0.1000000015
11550  40.642  -47.735  -6.729 0.1000000015
10860  40.897  -48.369  -8.213 0.1000000015
10878  40.916  -48.378  -9.418 0.1000000015
10877  41.687  -48.976  -9.842 0.1000000015
11597  42.032  -48.029  -11.050 0.1000000015
10887  41.181  -48.318  -10.349 0.1000000015
12284  43.640  -46.743  -11.028 0.1000000015
11596  42.455  -47.632  -11.293 0.1000000015
13798  45.245  -44.767  -9.001 0.1000000015
14579  45.611  -43.792  -9.047 0.1000000015
15376  45.872  -43.096  -9.731 0.1000000015
15375  46.808  -42.856  -10.044 0.1000000015
14594  47.718  -42.778  -10.654 0.1000000015
9477  39.639  -50.386  -1.389 0.1000000015
10085  39.568  -49.284  -1.677 0.1000000015
7538  38.954  -54.234  1.351 0.1000000015
8159  38.588  -53.217  1.214 0.1000000015
8838  40.200  -52.036  -0.964 0.1000000015
10101  40.136  -49.228  -1.995 0.1000000015
10785  39.915  -48.672  -2.316 0.1000000015
7537  39.483  -54.475  1.053 0.1000000015
9463  39.545  -51.243  -0.977 0.1000000015
10084  40.310  -49.772  -1.828 0.1000000015
11492  40.476  -48.012  -3.051 0.1000000015
11522  40.220  -47.231  -4.278 0.1000000015
11547  40.330  -47.299  -5.926 0.1000000015
11503  40.877  -47.604  -3.710 0.1000000015
11521  41.215  -47.463  -4.460 0.1000000015
11551  39.703  -47.303  -7.066 0.1000000015
11577  40.042  -47.708  -9.006 0.1000000015
12285  42.339  -46.711  -10.816 0.1000000015
11583  41.581  -47.633  -10.953 0.1000000015
12278  43.329  -46.077  -10.324 0.1000000015
13016  43.997  -45.731  -9.443 0.1000000015
13015  44.904  -45.515  -9.223 0.1000000015
9445  38.042  -50.897  1.973 0.1000000015
8151  38.242  -53.324  2.018 0.1000000015
8822  38.082  -51.771  1.677 0.1000000015
9452  38.039  -50.902  1.017 0.1000000015
9464  38.704  -50.632  -0.479 0.1000000015
10086  38.946  -49.079  -1.193 0.1000000015
6911  38.640  -55.328  2.821 0.1000000015
7524  38.389  -54.324  2.460 0.1000000015
8160  38.205  -52.614  1.649 0.1000000015
8827  38.528  -51.714  0.322 0.1000000015
10775  39.192  -48.566  -1.687 0.1000000015
10786  39.196  -48.032  -2.185 0.1000000015
11504  39.681  -47.346  -3.454 0.1000000015
11493  39.540  -47.798  -2.749 0.1000000015
12245  39.214  -46.711  -6.317 0.1000000015
12249  38.899  -46.580  -7.488 0.1000000015
11578  39.459  -46.910  -9.103 0.1000000015
12288  39.824  -46.586  -9.891 0.1000000015
11584  40.495  -47.594  -10.210 0.1000000015
13029  41.425  -45.988  -10.388 0.1000000015
12279  42.693  -46.011  -10.303 0.1000000015
12994  45.679  -45.323  -8.237 0.1000000015
12993  46.313  -45.106  -8.037 0.1000000015
8145  38.073  -52.252  2.900 0.1000000015
10057  38.033  -50.274  1.422 0.1000000015
10073  38.555  -49.369  -0.524 0.1000000015
8152  38.044  -52.410  2.378 0.1000000015
10064  38.135  -49.854  0.628 0.1000000015
11483  38.800  -47.599  -1.583 0.1000000015
12198  38.568  -46.797  -2.160 0.1000000015
12208  39.169  -47.080  -3.587 0.1000000015
12222  38.653  -46.298  -4.433 0.1000000015
12234  38.659  -46.089  -5.586 0.1000000015
12263  38.912  -46.085  -8.725 0.1000000015
11564  39.397  -47.176  -8.219 0.1000000015
13020  39.697  -45.440  -9.626 0.1000000015
12281  39.558  -46.384  -9.546 0.1000000015
13018  41.835  -45.348  -9.979 0.1000000015
13019  40.867  -45.319  -10.003 0.1000000015
12997  43.053  -45.049  -8.992 0.1000000015
13028  42.223  -45.899  -10.244 0.1000000015
12996  43.650  -45.260  -8.915 0.1000000015
13017  42.844  -45.417  -9.651 0.1000000015
12995  44.638  -45.400  -8.357 0.1000000015
12977  46.697  -45.229  -7.493 0.1000000015
13747  49.026  -44.904  -7.780 0.1000000015
8815  38.062  -51.617  2.761 0.1000000015
10760  38.644  -48.559  0.100 0.1000000015
8814  38.286  -51.209  3.195 0.1000000015
10769  38.807  -48.431  -0.882 0.1000000015
12209  38.741  -46.754  -3.243 0.1000000015
12953  38.065  -45.385  -5.991 0.1000000015
12246  38.438  -45.996  -6.712 0.1000000015
12250  38.457  -45.750  -7.732 0.1000000015
12999  38.716  -45.197  -8.583 0.1000000015
13773  42.431  -44.549  -8.828 0.1000000015
13802  40.509  -44.699  -9.513 0.1000000015
13800  42.156  -45.003  -9.527 0.1000000015
12978  45.557  -45.299  -7.453 0.1000000015
12969  46.405  -45.218  -6.865 0.1000000015
13736  48.888  -44.575  -6.679 0.1000000015
14529  51.113  -42.946  -8.236 0.1000000015
10028  39.049  -50.390  3.581 0.1000000015
9439  38.207  -50.717  2.771 0.1000000015
10733  38.687  -49.197  2.081 0.1000000015
10749  38.685  -48.622  1.347 0.1000000015
12165  38.967  -46.978  0.063 0.1000000015
12187  38.587  -46.570  -1.318 0.1000000015
12921  38.196  -45.668  -2.331 0.1000000015
12932  37.989  -45.565  -3.747 0.1000000015
12941  38.051  -45.526  -4.942 0.1000000015
12980  38.361  -45.072  -7.962 0.1000000015
14555  39.619  -43.665  -8.270 0.1000000015
13775  40.160  -44.213  -8.944 0.1000000015
16914  46.652  -40.171  -5.507 0.1000000015
16114  46.536  -41.504  -6.145 0.1000000015
15326  45.952  -42.734  -6.481 0.1000000015
15327  44.717  -42.817  -6.638 0.1000000015
14533  43.801  -44.150  -7.359 0.1000000015
14553  41.781  -43.874  -8.272 0.1000000015
13774  41.188  -44.225  -8.982 0.1000000015
16095  47.324  -40.954  -5.862 0.1000000015
16113  47.437  -41.801  -6.057 0.1000000015
14552  42.362  -44.069  -8.155 0.1000000015
16913  47.707  -40.188  -5.513 0.1000000015
16912  48.598  -40.294  -5.691 0.1000000015
16094  48.176  -41.230  -5.953 0.1000000015
14517  47.510  -43.752  -6.309 0.1000000015
13740  45.281  -44.754  -6.925 0.1000000015
13771  43.856  -44.992  -8.336 0.1000000015
17816  48.094  -39.474  -5.364 0.1000000015
17815  48.840  -39.603  -5.749 0.1000000015
15306  48.810  -41.906  -5.999 0.1000000015
12970  45.820  -45.103  -6.899 0.1000000015
15323  49.076  -42.687  -6.204 0.1000000015
16135  50.089  -41.312  -7.392 0.1000000015
14515  49.539  -43.528  -6.694 0.1000000015
15344  51.224  -42.450  -8.149 0.1000000015
10044  40.032  -49.329  3.109 0.1000000015
10045  38.797  -49.845  2.828 0.1000000015
10732  39.299  -48.844  2.348 0.1000000015
10748  39.545  -48.092  1.879 0.1000000015
11448  39.246  -47.791  1.244 0.1000000015
12176  38.927  -46.400  -0.382 0.1000000015
12954  37.661  -44.873  -5.411 0.1000000015
12972  37.744  -44.777  -6.195 0.1000000015
14538  38.796  -43.411  -7.584 0.1000000015
14535  41.360  -43.250  -7.719 0.1000000015
14554  40.733  -43.653  -8.391 0.1000000015
16115  45.386  -41.613  -6.333 0.1000000015
15328  43.639  -42.393  -6.704 0.1000000015
14522  43.133  -42.958  -6.919 0.1000000015
16929  45.826  -40.676  -5.900 0.1000000015
17828  48.171  -38.871  -6.290 0.1000000015
17827  48.727  -39.215  -6.132 0.1000000015
10731  40.554  -48.478  2.397 0.1000000015
10747  40.165  -47.890  1.908 0.1000000015
12164  39.580  -46.559  0.512 0.1000000015
12175  39.262  -46.027  -0.053 0.1000000015
11461  39.451  -47.297  0.947 0.1000000015
12899  39.111  -45.722  -0.397 0.1000000015
12910  38.657  -45.500  -1.013 0.1000000015
13688  38.533  -44.607  -1.761 0.1000000015
12922  37.745  -44.875  -3.141 0.1000000015
13725  37.454  -44.290  -4.969 0.1000000015
14523  38.131  -43.454  -6.830 0.1000000015
14524  37.689  -43.726  -6.151 0.1000000015
15347  40.934  -42.566  -7.202 0.1000000015
15348  39.992  -42.457  -7.167 0.1000000015
14537  39.553  -43.047  -7.597 0.1000000015
16930  44.919  -40.581  -5.813 0.1000000015
16117  43.307  -41.409  -6.343 0.1000000015
15346  41.812  -42.743  -7.187 0.1000000015
17818  46.193  -39.426  -4.611 0.1000000015
14534  42.604  -43.632  -7.435 0.1000000015
17801  46.353  -38.969  -4.532 0.1000000015
17817  47.119  -39.334  -4.921 0.1000000015
12145  41.396  -46.940  1.423 0.1000000015
12146  40.336  -46.962  1.224 0.1000000015
12881  40.466  -45.840  0.411 0.1000000015
12909  39.278  -45.219  -0.566 0.1000000015
13696  37.770  -44.285  -3.089 0.1000000015
14478  37.666  -43.859  -3.724 0.1000000015
14488  37.577  -43.685  -4.525 0.1000000015
15332  39.603  -42.014  -6.204 0.1000000015
15333  38.616  -42.733  -6.469 0.1000000015
15330  41.580  -41.982  -6.699 0.1000000015
15331  40.605  -41.925  -6.610 0.1000000015
15329  42.627  -42.298  -6.819 0.1000000015
16915  45.582  -39.842  -5.197 0.1000000015
18772  46.560  -38.587  -5.098 0.1000000015
17843  46.914  -39.271  -6.664 0.1000000015
12163  40.843  -46.372  0.863 0.1000000015
12897  40.887  -45.216  0.023 0.1000000015
12898  39.760  -45.496  -0.069 0.1000000015
13669  41.438  -44.599  -0.535 0.1000000015
13670  40.298  -44.732  -0.433 0.1000000015
14456  39.129  -43.769  -1.833 0.1000000015
13687  39.475  -44.467  -0.989 0.1000000015
14457  38.442  -43.924  -2.271 0.1000000015
15267  38.673  -43.101  -2.928 0.1000000015
14487  37.928  -42.957  -4.969 0.1000000015
15308  38.577  -42.344  -5.556 0.1000000015
16120  40.409  -41.542  -5.989 0.1000000015
16119  41.256  -41.296  -6.161 0.1000000015
16916  44.529  -39.837  -4.617 0.1000000015
16931  43.914  -40.621  -5.720 0.1000000015
17830  46.501  -38.542  -6.387 0.1000000015
13686  40.799  -44.111  -1.069 0.1000000015
14455  40.223  -43.659  -1.733 0.1000000015
14467  39.743  -43.176  -2.390 0.1000000015
14468  38.824  -43.323  -2.482 0.1000000015
15277  38.689  -42.814  -3.450 0.1000000015
15288  38.741  -42.322  -4.427 0.1000000015
16121  40.014  -41.678  -5.934 0.1000000015
18773  45.556  -38.302  -5.184 0.1000000015
17802  45.744  -39.012  -4.116 0.1000000015
16932  43.010  -40.797  -5.712 0.1000000015
17831  45.455  -38.446  -6.494 0.1000000015
15265  40.314  -42.540  -3.012 0.1000000015
14466  40.893  -43.018  -2.446 0.1000000015
16069  40.451  -41.532  -4.076 0.1000000015
15275  40.771  -41.811  -3.451 0.1000000015
15266  39.250  -42.749  -2.893 0.1000000015
16920  41.431  -40.896  -5.109 0.1000000015
15287  39.650  -41.767  -4.412 0.1000000015
16099  40.083  -41.510  -5.603 0.1000000015
18756  45.171  -38.684  -4.562 0.1000000015
17803  44.835  -39.139  -3.810 0.1000000015
16118  42.310  -41.136  -6.115 0.1000000015
17832  44.320  -38.507  -6.529 0.1000000015
16905  41.523  -40.839  -4.872 0.1000000015
16078  40.292  -41.428  -4.847 0.1000000015
15276  39.656  -42.180  -3.644 0.1000000015
16919  41.751  -40.810  -5.107 0.1000000015
16098  41.047  -41.046  -5.336 0.1000000015
16902  43.883  -39.731  -4.212 0.1000000015
16918  42.473  -40.646  -5.299 0.1000000015
16097  41.822  -40.915  -5.655 0.1000000015
16917  43.445  -40.228  -4.913 0.1000000015
16933  42.597  -40.829  -5.744 0.1000000015
10168  40.829  -49.443  -6.834 0.1000000015
9544  42.445  -49.964  -6.682 0.1000000015
9552  43.235  -50.715  -7.320 0.1000000015
9562  42.800  -50.804  -7.732 0.1000000015
8926  43.580  -51.207  -7.852 0.1000000015
13043  42.679  -45.193  -11.627 0.1000000015
9560  44.307  -51.153  -8.215 0.1000000015
13832  42.720  -44.625  -11.264 0.1000000015
10912  46.068  -49.075  -12.044 0.1000000015
9593  44.608  -50.972  -10.208 0.1000000015
10246  45.684  -49.287  -12.191 0.1000000015
10247  45.149  -49.271  -12.567 0.1000000015
8974  45.614  -50.340  -11.636 0.1000000015
6371  41.295  -55.405  -4.629 0.1000000015
9579  41.947  -50.704  -8.855 0.1000000015
10180  41.530  -49.947  -7.444 0.1000000015
8292  44.406  -51.860  -9.009 0.1000000015
13051  44.457  -46.078  -11.482 0.1000000015
10900  45.152  -48.808  -11.938 0.1000000015
8217  41.807  -52.847  -2.467 0.1000000015
9489  41.742  -51.072  -2.754 0.1000000015
10114  40.988  -49.949  -3.547 0.1000000015
10829  42.605  -48.886  -5.837 0.1000000015
10158  43.123  -49.637  -6.601 0.1000000015
10232  43.656  -49.312  -11.433 0.1000000015
9577  44.060  -50.713  -9.278 0.1000000015
13027  44.410  -45.420  -10.660 0.1000000015
11580  44.530  -46.943  -11.415 0.1000000015
8178  41.363  -53.010  -1.107 0.1000000015
10179  42.983  -49.850  -8.749 0.1000000015
10858  42.279  -49.382  -9.091 0.1000000015
10199  42.591  -49.694  -9.818 0.1000000015
11595  43.604  -47.470  -11.497 0.1000000015
10083  41.109  -49.931  -2.003 0.1000000015
9475  41.460  -50.817  -1.779 0.1000000015
11535  41.833  -47.938  -5.584 0.1000000015
10859  41.697  -48.894  -8.623 0.1000000015
12298  43.482  -47.100  -11.283 0.1000000015
8181  39.097  -52.433  0.001 0.1000000015
10784  41.252  -48.660  -2.750 0.1000000015
10100  40.734  -49.236  -2.225 0.1000000015
11537  40.529  -47.304  -4.993 0.1000000015
11563  40.209  -47.840  -7.729 0.1000000015
11582  42.098  -47.336  -11.071 0.1000000015
13014  45.464  -45.177  -8.707 0.1000000015
14551  46.443  -43.994  -8.504 0.1000000015
14578  46.632  -43.296  -9.085 0.1000000015
9478  39.034  -49.743  -1.063 0.1000000015
8821  38.325  -52.357  1.005 0.1000000015
8839  39.281  -51.855  -0.401 0.1000000015
12221  39.309  -46.927  -4.015 0.1000000015
12233  39.589  -46.772  -5.076 0.1000000015
12286  41.021  -46.762  -10.579 0.1000000015
13770  45.944  -44.756  -8.462 0.1000000015
8828  38.166  -51.687  0.974 0.1000000015
11505  39.177  -47.329  -2.977 0.1000000015
13030  40.469  -46.051  -10.197 0.1000000015
13031  39.913  -46.227  -9.924 0.1000000015
13769  46.851  -44.616  -7.978 0.1000000015
10056  38.251  -49.604  1.766 0.1000000015
12998  38.987  -45.306  -9.090 0.1000000015
13776  39.254  -44.622  -8.848 0.1000000015
13752  43.295  -44.443  -8.070 0.1000000015
12968  47.365  -45.263  -6.793 0.1000000015
13748  48.294  -44.802  -7.593 0.1000000015
12966  48.945  -45.036  -7.068 0.1000000015
13746  49.648  -44.541  -7.494 0.1000000015
10046  38.130  -50.214  2.184 0.1000000015
11472  38.867  -47.444  -0.501 0.1000000015
12971  38.053  -45.089  -7.014 0.1000000015
13777  38.596  -44.625  -8.297 0.1000000015
13750  44.941  -45.019  -7.373 0.1000000015
14531  50.195  -43.603  -7.311 0.1000000015
13737  47.947  -44.662  -6.447 0.1000000015
14516  48.532  -43.694  -6.327 0.1000000015
14514  50.204  -42.676  -7.039 0.1000000015
11462  38.980  -47.593  0.534 0.1000000015
12942  37.612  -44.917  -4.490 0.1000000015
13754  38.214  -44.250  -7.593 0.1000000015
15325  47.011  -42.718  -6.253 0.1000000015
14520  44.523  -44.088  -6.838 0.1000000015
14532  44.329  -44.455  -7.255 0.1000000015
15324  48.089  -42.565  -6.112 0.1000000015
14519  45.496  -43.867  -6.615 0.1000000015
16093  49.095  -41.157  -5.890 0.1000000015
13739  46.052  -44.699  -6.566 0.1000000015
18770  48.344  -38.963  -5.623 0.1000000015
15305  49.511  -41.878  -5.992 0.1000000015
15321  50.464  -41.826  -6.443 0.1000000015
16134  51.023  -41.859  -8.232 0.1000000015
15345  50.961  -41.947  -7.249 0.1000000015
14536  40.347  -43.054  -7.785 0.1000000015
16116  44.319  -41.521  -6.391 0.1000000015
18787  47.035  -38.454  -5.801 0.1000000015
13711  37.455  -44.327  -4.145 0.1000000015
14500  37.983  -43.099  -5.922 0.1000000015
18788  46.037  -38.275  -5.831 0.1000000015
17086  46.715  -40.654  -14.783 0.3000000119
17087  45.666  -40.360  -14.657 0.3000000119
17088  44.696  -40.223  -14.606 0.4000000060
17950  44.075  -40.197  -14.869 0.4000000060
17113  46.007  -40.657  -15.665 0.3000000119
17976  44.391  -40.239  -15.406 0.4000000060
10980  48.226  -47.880  -17.083 0.1000000015
11670  48.153  -47.627  -17.334 0.1000000015
13143  47.792  -45.483  -18.089 0.2000000030
14736  47.416  -43.263  -18.969 0.3000000119
16322  46.838  -41.860  -19.158 0.4000000060
13926  48.432  -44.572  -18.374 0.2000000030
15529  47.144  -42.507  -19.172 0.3000000119
16323  45.903  -41.421  -19.341 0.4000000060
18012  43.646  -40.051  -18.095 0.4000000060
10965  47.520  -48.538  -16.614 0.1000000015
17161  45.220  -40.776  -19.187 0.4000000060
17146  43.979  -40.180  -18.674 0.4000000060
10311  47.352  -48.888  -16.928 0.1000000015
18953  42.332  -39.289  -18.143 0.5000000000
13927  47.292  -44.323  -18.623 0.3000000119
15530  46.335  -42.343  -19.362 0.3000000119
17162  44.047  -40.325  -19.394 0.4000000060
18030  43.068  -39.881  -19.190 0.4000000060
18013  42.913  -39.660  -18.507 0.5000000000
10999  47.283  -47.988  -17.938 0.2000000030
10981  47.542  -48.348  -17.355 0.2000000030
11690  47.733  -47.408  -17.820 0.2000000030
12388  48.223  -46.430  -17.900 0.2000000030
14737  46.718  -43.100  -19.150 0.3000000119
15531  45.317  -42.245  -19.538 0.3000000119
10312  46.874  -49.147  -17.378 0.1000000015
16325  44.034  -40.785  -19.940 0.4000000060
13945  46.980  -43.611  -18.936 0.3000000119
18967  42.379  -39.434  -18.618 0.5000000000
16324  44.660  -41.237  -19.932 0.4000000060
17163  43.101  -40.242  -19.700 0.4000000060
18014  42.489  -39.571  -18.963 0.5000000000
18968  41.829  -39.238  -18.861 0.5000000000
18969  40.946  -38.487  -18.677 0.4000000060
12389  47.300  -46.580  -18.227 0.2000000030
13144  46.726  -45.627  -18.357 0.2000000030
13946  46.436  -43.837  -18.946 0.4000000060
13928  46.159  -44.763  -18.592 0.2000000030
13947  45.497  -44.107  -18.883 0.4000000060
14738  45.872  -43.131  -19.207 0.3000000119
19934  40.438  -37.442  -18.463 0.4000000060
16338  44.085  -41.596  -19.987 0.4000000060
18981  41.607  -39.468  -19.412 0.5000000000
11000  46.794  -48.481  -18.290 0.2000000030
17179  43.599  -40.598  -19.921 0.4000000060
10982  46.899  -48.917  -17.819 0.2000000030
12390  46.234  -46.833  -18.857 0.2000000030
14739  44.803  -43.284  -19.143 0.3000000119
17164  42.604  -40.340  -19.883 0.5000000000
18982  41.106  -39.002  -19.625 0.5000000000
21865  39.730  -35.396  -18.827 0.4000000060
11691  46.977  -47.569  -18.388 0.2000000030
15544  43.824  -41.786  -20.048 0.4000000060
17180  42.976  -40.735  -20.031 0.4000000060
19949  40.494  -37.761  -19.752 0.4000000060
13145  45.805  -45.800  -18.808 0.2000000030
14740  43.726  -43.568  -19.439 0.4000000060
18045  41.504  -40.172  -19.938 0.5000000000
9718  45.875  -49.933  -18.993 0.2000000030
15532  44.095  -42.278  -19.683 0.3000000119
18031  42.206  -39.868  -19.562 0.5000000000
10354  46.075  -49.644  -19.414 0.2000000030
24599  40.444  -32.764  -19.077 0.2000000030
11707  46.327  -47.945  -19.135 0.2000000030
13929  45.325  -45.054  -18.823 0.4000000060
20938  39.787  -36.189  -19.984 0.4000000060
13165  45.308  -46.183  -19.125 0.2000000030
22790  39.963  -34.504  -19.724 0.4000000060
21887  39.747  -35.972  -20.098 0.4000000060
20955  39.744  -36.187  -20.223 0.4000000060
16340  42.691  -41.489  -20.197 0.3000000119
18032  41.434  -39.657  -19.748 0.5000000000
20954  39.895  -36.569  -20.487 0.4000000060
13948  44.443  -44.690  -19.037 0.4000000060
15533  43.123  -42.881  -19.786 0.4000000060
15545  43.316  -42.056  -20.077 0.3000000119
18046  40.796  -39.853  -20.241 0.5000000000
12410  45.927  -47.426  -19.393 0.2000000030
22809  40.092  -34.771  -20.647 0.4000000060
18995  40.487  -38.797  -20.579 0.5000000000
16341  41.676  -41.647  -20.298 0.4000000060
17181  42.098  -40.705  -20.037 0.5000000000
17182  41.102  -40.821  -20.209 0.5000000000
17114  45.011  -40.353  -15.494 0.4000000060
21886  39.773  -35.621  -19.962 0.4000000060
16279  48.498  -41.504  -15.808 0.3000000119
17111  47.822  -41.217  -15.735 0.3000000119
17112  47.079  -41.043  -15.967 0.2000000030
16278  49.621  -41.911  -15.565 0.2000000030
16289  48.168  -41.874  -16.968 0.3000000119
17129  46.995  -41.286  -17.317 0.3000000119
15499  49.065  -42.343  -17.109 0.2000000030
15504  48.512  -42.385  -17.873 0.2000000030
16293  47.971  -41.946  -17.753 0.2000000030
9105  45.632  -51.080  -19.361 0.1000000015
8455  45.186  -52.122  -19.868 0.1000000015
12467  44.025  -46.197  -22.226 0.1000000015
17058  49.344  -41.180  -13.326 0.1000000015
17059  48.536  -41.019  -13.723 0.2000000030
17085  47.874  -41.018  -14.937 0.2000000030
16265  49.008  -41.329  -14.775 0.2000000030
16239  50.934  -41.873  -13.260 0.1000000015
16277  50.385  -42.131  -15.067 0.1000000015
16264  49.946  -41.612  -14.565 0.2000000030
16263  50.791  -42.028  -14.285 0.1000000015
15489  50.935  -42.753  -15.111 0.1000000015
10331  46.174  -49.403  -18.361 0.1000000015
9732  45.748  -50.643  -19.159 0.1000000015
11708  45.883  -47.825  -19.881 0.1000000015
12432  45.185  -47.272  -20.502 0.1000000015
12412  44.324  -46.325  -19.955 0.1000000015
12413  43.810  -46.028  -20.105 0.1000000015
11722  45.613  -47.671  -20.727 0.1000000015
12433  44.722  -46.946  -20.688 0.1000000015
12434  43.933  -46.291  -20.657 0.1000000015
13181  43.348  -45.778  -20.339 0.1000000015
12450  44.343  -46.547  -21.528 0.1000000015
13191  43.232  -45.902  -21.436 0.1000000015
13193  41.664  -44.822  -21.423 0.1000000015
13206  42.006  -45.047  -21.864 0.1000000015
13984  41.685  -44.683  -22.388 0.1000000015
16241  49.432  -41.223  -14.003 0.2000000030
15546  42.357  -42.627  -20.081 0.3000000119
11019  46.048  -48.443  -19.800 0.1000000015
12391  45.646  -46.476  -19.099 0.1000000015
13166  44.682  -45.882  -19.232 0.1000000015
13949  43.352  -44.587  -19.522 0.2000000030
14741  42.650  -43.688  -19.765 0.3000000119
15547  41.247  -42.585  -20.525 0.3000000119
16342  40.718  -41.686  -20.570 0.3000000119
9127  45.832  -50.880  -19.852 0.1000000015
13168  43.122  -45.198  -19.947 0.1000000015
11037  46.136  -48.318  -20.595 0.1000000015
13182  42.596  -45.247  -20.537 0.1000000015
14759  40.825  -43.467  -21.048 0.2000000030
15548  40.432  -42.487  -20.975 0.3000000119
13974  41.080  -44.310  -21.498 0.1000000015
14778  40.352  -43.414  -21.980 0.2000000030
15565  40.019  -42.380  -21.718 0.4000000060
13985  40.873  -43.998  -22.752 0.1000000015
14788  40.364  -43.351  -23.011 0.3000000119
16958  47.757  -40.744  -7.484 0.1000000015
16155  48.349  -41.232  -8.093 0.1000000015
17195  40.295  -40.794  -20.728 0.4000000060
16358  40.080  -41.671  -21.177 0.4000000060
17196  39.753  -40.857  -21.619 0.4000000060
16359  39.784  -41.724  -21.770 0.4000000060
16373  39.688  -41.660  -22.453 0.5000000000
15581  40.010  -42.553  -22.510 0.3000000119
16372  39.941  -42.169  -22.964 0.5000000000
13995  41.630  -44.158  -23.547 0.2000000030
15594  40.283  -42.624  -23.381 0.4000000060
13994  42.691  -44.875  -23.337 0.1000000015
14796  41.268  -43.610  -24.023 0.2000000030
13996  40.919  -43.720  -23.443 0.2000000030
13231  44.207  -45.190  -24.037 0.1000000015
13993  43.390  -44.932  -23.696 0.1000000015
14006  41.753  -43.794  -24.206 0.2000000030
13230  44.695  -45.346  -24.658 0.1000000015
14004  43.736  -44.764  -24.370 0.1000000015
19964  40.194  -37.743  -20.996 0.4000000060
18057  40.021  -39.801  -21.055 0.4000000060
19008  39.910  -38.784  -21.580 0.4000000060
18058  39.687  -39.734  -21.976 0.4000000060
17206  39.617  -40.548  -22.492 0.4000000060
18069  39.727  -39.789  -22.707 0.4000000060
16388  39.824  -40.993  -23.082 0.5000000000
16387  40.127  -41.751  -23.525 0.4000000060
14797  40.753  -43.210  -23.780 0.3000000119
16400  40.533  -41.381  -24.524 0.4000000060
14017  43.367  -43.975  -25.455 0.2000000030
14018  42.667  -43.750  -25.188 0.2000000030
15599  41.354  -42.897  -24.938 0.2000000030
14003  44.248  -45.057  -24.905 0.1000000015
11787  46.477  -47.100  -25.384 0.1000000015
20968  40.214  -36.836  -21.611 0.4000000060
21919  40.097  -36.022  -21.341 0.4000000060
19976  40.071  -37.776  -22.038 0.4000000060
19017  39.883  -38.622  -22.535 0.4000000060
18068  40.013  -39.266  -22.998 0.4000000060
17215  39.909  -40.238  -23.146 0.4000000060
18081  39.975  -39.731  -23.132 0.4000000060
17214  40.258  -40.727  -23.764 0.3000000119
15604  41.747  -42.631  -25.453 0.3000000119
15600  40.857  -42.582  -24.469 0.3000000119
14036  43.990  -44.166  -26.058 0.2000000030
14811  43.130  -43.571  -25.944 0.2000000030
14812  42.607  -43.280  -25.610 0.2000000030
14813  42.097  -43.179  -25.198 0.2000000030
14016  44.444  -44.879  -25.615 0.2000000030
11128  44.117  -48.436  -25.031 0.1000000015
11126  45.368  -48.047  -25.459 0.1000000015
11804  45.832  -46.948  -26.256 0.1000000015
21906  39.882  -35.667  -20.744 0.3000000119
20982  40.495  -36.987  -22.644 0.4000000060
20994  40.883  -36.854  -23.232 0.4000000060
19987  40.246  -37.849  -22.875 0.4000000060
19028  40.542  -38.559  -23.485 0.4000000060
18080  40.400  -39.662  -23.687 0.4000000060
17229  40.874  -40.313  -24.676 0.4000000060
18097  40.982  -39.440  -24.325 0.3000000119
15618  41.934  -41.875  -26.198 0.3000000119
16423  41.714  -40.973  -26.333 0.3000000119
16409  41.369  -41.457  -25.687 0.3000000119
16410  40.963  -40.987  -25.147 0.3000000119
17245  41.025  -40.549  -25.130 0.3000000119
14839  43.894  -43.157  -27.288 0.2000000030
15616  43.420  -42.825  -27.001 0.2000000030
15617  42.728  -42.652  -26.279 0.3000000119
15605  40.966  -41.848  -25.150 0.3000000119
14823  44.156  -43.841  -26.822 0.2000000030
23753  40.489  -34.049  -21.349 0.3000000119
22825  40.319  -35.105  -21.571 0.3000000119
20981  40.933  -36.259  -23.042 0.3000000119
21934  40.996  -35.525  -22.808 0.4000000060
20993  41.431  -36.734  -23.741 0.4000000060
19997  41.377  -37.658  -23.921 0.4000000060
19998  40.803  -37.505  -23.427 0.4000000060
19042  41.535  -38.596  -24.347 0.3000000119
19043  40.876  -39.070  -23.944 0.4000000060
19027  41.035  -38.065  -23.814 0.4000000060
18135  42.070  -39.366  -26.854 0.3000000119
18136  41.677  -39.768  -26.312 0.2000000030
18117  41.976  -39.094  -26.253 0.2000000030
19064  41.697  -39.063  -25.100 0.2000000030
16429  42.633  -40.781  -27.481 0.3000000119
17264  41.644  -40.337  -26.322 0.3000000119
17244  41.269  -40.335  -25.554 0.2000000030
18096  41.300  -39.601  -24.949 0.2000000030
16428  43.212  -41.473  -27.735 0.3000000119
16421  43.126  -42.182  -27.127 0.3000000119
16422  42.474  -41.470  -26.894 0.3000000119
23731  40.277  -33.771  -20.492 0.3000000119
20016  42.134  -37.412  -24.271 0.3000000119
19062  42.938  -37.982  -26.141 0.2000000030
20035  42.934  -37.951  -25.359 0.2000000030
19041  42.451  -38.036  -24.827 0.2000000030
19084  42.522  -38.437  -26.842 0.2000000030
19063  42.288  -38.646  -25.522 0.2000000030
15643  43.872  -41.828  -28.353 0.3000000119
14838  44.285  -43.744  -27.309 0.2000000030
17125  46.224  -40.871  -16.684 0.3000000119
17124  46.842  -41.106  -16.900 0.3000000119
16156  47.289  -41.108  -8.307 0.1000000015
13146  45.207  -45.650  -18.988 0.1000000015
23709  40.797  -33.142  -20.315 0.3000000119
12411  45.257  -46.990  -19.667 0.1000000015
16280  47.792  -41.393  -16.261 0.3000000119
16288  49.083  -41.990  -16.420 0.1000000015
13167  43.763  -45.588  -19.590 0.1000000015
13192  42.290  -45.235  -21.380 0.1000000015
13965  41.449  -44.307  -20.796 0.1000000015
13964  42.105  -44.433  -20.275 0.2000000030
14758  41.641  -43.558  -20.229 0.3000000119
14760  40.348  -42.954  -21.392 0.3000000119
14005  42.458  -44.055  -24.508 0.2000000030
19009  39.753  -39.101  -22.123 0.4000000060
15603  42.365  -42.863  -25.785 0.2000000030
14825  43.017  -43.288  -26.098 0.2000000030
21935  40.524  -35.964  -22.204 0.4000000060
22842  40.729  -35.105  -22.381 0.4000000060
17263  42.104  -40.293  -26.973 0.3000000119
15630  43.760  -42.471  -27.725 0.2000000030
18150  42.605  -39.454  -27.673 0.2000000030
18118  41.627  -39.380  -25.634 0.2000000030
22824  40.865  -34.338  -22.158 0.2000000030
22841  41.235  -34.728  -22.999 0.3000000119
23730  40.844  -33.295  -21.064 0.2000000030
23752  41.139  -33.385  -21.884 0.2000000030
15503  49.500  -43.071  -17.601 0.1000000015
14705  50.126  -43.823  -17.431 0.1000000015
15516  49.281  -43.455  -18.161 0.1000000015
15517  48.822  -43.106  -18.369 0.1000000015
13141  49.321  -45.066  -17.730 0.1000000015
14720  48.225  -43.604  -18.751 0.1000000015
13925  49.187  -44.593  -18.053 0.1000000015
24598  41.198  -32.557  -19.615 0.1000000015
24597  42.455  -32.340  -19.471 0.1000000015
24617  41.413  -32.891  -20.780 0.1000000015
24616  42.225  -32.538  -20.571 0.1000000015
24640  41.315  -33.016  -21.381 0.1000000015
24639  42.002  -32.815  -21.685 0.1000000015
23775  41.479  -33.846  -22.644 0.2000000030
23751  41.783  -33.234  -22.362 0.1000000015
24658  42.946  -32.678  -22.348 0.2000000030
21949  41.541  -35.624  -23.439 0.2000000030
23773  42.838  -33.151  -23.043 0.2000000030
23774  42.147  -33.496  -22.920 0.2000000030
23792  41.934  -34.173  -23.331 0.2000000030
24670  43.679  -32.860  -22.992 0.2000000030
23791  42.618  -33.787  -23.532 0.2000000030
22858  41.857  -34.856  -23.564 0.2000000030
21013  42.084  -36.690  -24.104 0.2000000030
21948  42.146  -35.286  -23.932 0.2000000030
20992  42.093  -36.042  -24.044 0.2000000030
21012  42.645  -36.578  -24.416 0.1000000015
24588  41.703  -31.940  -18.548 0.1000000015
24615  43.287  -32.560  -20.333 0.1000000015
22856  42.981  -34.061  -23.909 0.2000000030
16440  43.681  -41.098  -28.390 0.2000000030
17289  44.013  -40.664  -29.362 0.2000000030
17275  42.564  -40.223  -27.563 0.2000000030
17290  43.810  -40.416  -28.765 0.2000000030
17274  43.092  -40.359  -27.993 0.2000000030
18181  43.870  -39.580  -29.012 0.1000000015
17311  44.073  -40.195  -29.364 0.2000000030
18162  43.279  -39.592  -28.296 0.2000000030
18180  44.261  -39.695  -29.762 0.1000000015
18196  44.493  -39.785  -30.771 0.1000000015
24657  43.899  -32.621  -22.146 0.1000000015
19115  43.089  -38.487  -28.217 0.1000000015
19130  44.121  -38.900  -29.400 0.1000000015
19114  43.518  -38.690  -28.607 0.1000000015
19129  44.547  -39.079  -30.116 0.1000000015
18210  44.981  -39.542  -31.437 0.1000000015
24669  44.602  -32.726  -22.790 0.1000000015
23772  45.615  -32.714  -22.036 0.1000000015
19083  42.873  -37.848  -26.722 0.1000000015
19099  42.882  -38.346  -27.777 0.1000000015
20108  43.966  -38.217  -29.109 0.1000000015
20090  43.643  -37.851  -28.568 0.1000000015
19146  45.133  -38.814  -30.896 0.1000000015
18209  45.300  -39.391  -31.984 0.1000000015
19161  45.314  -39.275  -31.532 0.1000000015
24668  45.169  -32.659  -22.552 0.1000000015
23790  43.418  -33.514  -23.727 0.1000000015
21061  44.034  -37.034  -28.222 0.1000000015
20056  42.940  -37.762  -27.097 0.1000000015
21095  45.313  -36.940  -29.366 0.1000000015
21079  43.924  -37.324  -28.472 0.1000000015
19098  43.212  -38.109  -28.236 0.1000000015
20072  43.411  -37.412  -27.786 0.1000000015
20106  45.221  -37.603  -29.933 0.1000000015
20089  44.167  -37.595  -29.055 0.1000000015
19145  46.218  -38.576  -31.164 0.1000000015
20121  45.146  -38.127  -30.307 0.1000000015
20107  44.621  -38.200  -29.777 0.1000000015
19159  46.848  -39.170  -31.556 0.1000000015
19160  45.914  -39.221  -31.570 0.1000000015
23788  45.634  -32.945  -23.213 0.1000000015
23789  44.429  -33.146  -23.575 0.1000000015
20055  43.401  -37.440  -26.732 0.1000000015
20119  46.627  -37.865  -30.607 0.1000000015
21060  44.455  -36.737  -27.885 0.1000000015
13260  41.783  -45.507  -26.083 0.1000000015
14038  41.804  -44.587  -26.594 0.1000000015
14039  40.395  -44.461  -25.977 0.1000000015
13261  40.923  -45.210  -25.808 0.1000000015
13247  39.119  -45.738  -25.441 0.1000000015
12509  39.513  -46.884  -25.044 0.1000000015
11130  38.876  -48.203  -26.151 0.1000000015
13259  42.791  -45.738  -26.719 0.1000000015
14019  40.234  -45.089  -25.614 0.1000000015
13246  40.156  -45.727  -25.244 0.1000000015
14826  41.662  -44.016  -26.876 0.1000000015
14054  42.862  -44.464  -27.983 0.1000000015
13275  43.312  -45.368  -27.793 0.1000000015
13258  43.465  -45.824  -27.292 0.1000000015
13287  44.114  -45.628  -28.709 0.1000000015
14827  41.096  -43.760  -26.625 0.1000000015
14840  42.678  -43.997  -28.043 0.1000000015
14854  42.193  -43.077  -28.214 0.1000000015
14842  41.162  -43.109  -27.027 0.1000000015
14841  42.041  -43.787  -27.489 0.1000000015
15631  41.516  -42.726  -27.575 0.1000000015
14037  42.597  -44.942  -27.316 0.1000000015
11158  38.862  -48.728  -27.732 0.1000000015
6310  40.883  -55.000  -0.001 0.1000000015
6967  41.006  -54.281  -0.404 0.1000000015
7554  40.293  -54.104  0.119 0.1000000015
7555  39.729  -54.061  0.564 0.1000000015
7556  39.067  -53.652  0.902 0.1000000015
8168  39.013  -53.022  0.463 0.1000000015
8196  41.845  -51.860  -1.820 0.1000000015
8293  44.175  -51.938  -9.003 0.1000000015
8302  44.360  -51.974  -9.333 0.1000000015
8808  38.122  -52.124  3.186 0.1000000015
8837  40.821  -52.235  -1.171 0.1000000015
8849  41.699  -51.559  -1.752 0.1000000015
8850  40.991  -51.675  -1.452 0.1000000015
8851  40.209  -51.185  -1.283 0.1000000015
8863  42.125  -51.280  -2.129 0.1000000015
8925  44.075  -51.337  -8.099 0.1000000015
8927  43.199  -51.040  -7.699 0.1000000015
8933  44.328  -51.616  -8.823 0.1000000015
8935  43.129  -51.215  -8.172 0.1000000015
8945  44.632  -51.610  -9.651 0.1000000015
8975  45.162  -50.720  -11.393 0.1000000015
8992  45.675  -50.424  -11.855 0.1000000015
9104  45.828  -50.844  -19.571 0.1000000015
9451  38.233  -50.772  0.329 0.1000000015
9499  41.817  -49.895  -3.060 0.1000000015
9512  40.150  -50.027  -4.098 0.1000000015
9542  43.538  -50.275  -6.988 0.1000000015
9550  44.184  -51.148  -7.909 0.1000000015
9551  43.899  -50.858  -7.708 0.1000000015
9576  44.454  -51.136  -9.003 0.1000000015
9608  45.900  -49.529  -12.108 0.1000000015
9609  45.711  -49.968  -11.768 0.1000000015
9611  44.114  -49.920  -11.159 0.1000000015
9627  45.846  -49.456  -12.326 0.1000000015
10065  38.054  -50.331  1.009 0.1000000015
10082  41.864  -50.300  -2.056 0.1000000015
10126  40.025  -49.832  -4.360 0.1000000015
10166  43.257  -49.906  -7.976 0.1000000015
10178  43.641  -50.249  -8.511 0.1000000015
10200  42.117  -49.294  -10.123 0.1000000015
10216  41.943  -49.076  -10.412 0.1000000015
10229  45.980  -49.301  -11.959 0.1000000015
10230  45.526  -49.408  -11.713 0.1000000015
10245  45.941  -49.266  -12.187 0.1000000015
10292  47.319  -48.844  -16.699 0.1000000015
10407  45.462  -49.840  -21.444 0.1000000015
10774  39.554  -48.830  -1.882 0.1000000015
10782  42.227  -49.162  -2.621 0.1000000015
10798  42.320  -49.105  -2.836 0.1000000015
10841  41.229  -47.982  -6.521 0.1000000015
10885  42.375  -48.656  -11.007 0.1000000015
10886  41.863  -48.571  -10.761 0.1000000015
10898  46.137  -49.161  -11.921 0.1000000015
10899  45.913  -49.082  -11.869 0.1000000015
10903  42.310  -48.291  -11.131 0.1000000015
10913  45.731  -49.052  -12.029 0.1000000015
11063  47.131  -48.374  -22.373 0.1000000015
11146  38.929  -48.769  -26.648 0.1000000015
11446  40.805  -47.600  1.832 0.1000000015
11447  39.846  -47.466  1.490 0.1000000015
11494  38.952  -47.379  -2.464 0.1000000015
11723  45.261  -47.312  -20.966 0.1000000015
11733  47.090  -48.045  -22.178 0.1000000015
11748  47.049  -47.884  -22.816 0.1000000015
11760  46.855  -47.917  -23.260 0.1000000015
11773  46.099  -47.794  -24.910 0.1000000015
11788  45.938  -47.530  -25.601 0.1000000015
11807  38.475  -47.813  -26.672 0.1000000015
12147  39.777  -47.075  1.025 0.1000000015
12264  38.601  -45.521  -8.264 0.1000000015
12280  39.801  -47.026  -9.755 0.1000000015
12287  40.193  -46.706  -10.165 0.1000000015
12299  43.124  -47.150  -11.188 0.1000000015
12448  45.805  -47.250  -21.918 0.1000000015
12933  37.571  -44.824  -3.780 0.1000000015
12967  48.305  -45.207  -6.809 0.1000000015
12974  49.066  -45.004  -7.385 0.1000000015
12975  48.585  -45.112  -7.280 0.1000000015
12976  47.814  -45.259  -7.245 0.1000000015
12979  44.877  -45.219  -7.705 0.1000000015
13040  44.575  -45.962  -11.034 0.1000000015
13042  43.343  -45.298  -11.436 0.1000000015
13183  41.938  -44.887  -20.823 0.1000000015
13241  46.418  -46.319  -25.550 0.2000000030
13285  45.248  -45.507  -28.086 0.1000000015
13671  39.671  -44.968  -0.495 0.1000000015
13695  38.032  -44.500  -2.567 0.1000000015
13701  37.576  -44.372  -3.505 0.1000000015
13738  46.956  -44.715  -6.423 0.1000000015
13741  44.673  -44.667  -7.191 0.1000000015
13742  37.792  -44.258  -6.637 0.1000000015
13743  37.500  -44.265  -5.825 0.1000000015
13749  47.512  -44.922  -7.587 0.1000000015
13751  44.305  -44.854  -7.686 0.1000000015
13753  42.659  -44.199  -8.099 0.1000000015
13772  43.272  -44.862  -8.632 0.1000000015
13801  41.498  -44.800  -9.534 0.1000000015
13803  39.841  -44.677  -9.335 0.1000000015
13930  44.902  -45.328  -18.980 0.1000000015
13950  42.721  -44.657  -19.948 0.2000000030
13975  40.881  -44.105  -22.036 0.1000000015
14020  39.610  -44.981  -25.501 0.1000000015
14055  42.371  -44.417  -27.311 0.1000000015
14064  45.114  -45.244  -28.340 0.2000000030
14083  44.162  -44.210  -30.303 0.2000000030
14469  38.119  -43.632  -3.040 0.1000000015
14470  37.706  -44.029  -3.304 0.1000000015
14477  38.066  -43.195  -4.006 0.1000000015
14501  37.516  -43.625  -5.411 0.1000000015
14518  46.499  -43.806  -6.443 0.1000000015
14521  43.718  -43.377  -6.923 0.1000000015
14530  50.770  -43.004  -7.746 0.1000000015
14556  38.821  -44.077  -8.190 0.1000000015
14580  44.935  -44.169  -9.384 0.1000000015
14595  45.044  -43.643  -9.653 0.1000000015
14614  43.737  -43.540  -10.683 0.1000000015
14719  49.000  -43.864  -18.417 0.1000000015
14777  40.754  -43.837  -21.615 0.2000000030
14803  42.289  -43.540  -25.064 0.2000000030
14804  41.644  -43.307  -24.709 0.2000000030
14805  41.106  -43.202  -24.267 0.3000000119
14824  43.646  -43.559  -26.499 0.2000000030
14852  43.378  -44.116  -29.279 0.2000000030
15303  50.390  -41.604  -6.167 0.1000000015
15304  50.133  -41.717  -6.103 0.1000000015
15307  39.416  -41.796  -5.179 0.1000000015
15322  49.871  -42.410  -6.350 0.1000000015
15349  39.132  -42.705  -7.077 0.1000000015
15350  38.614  -43.040  -7.033 0.1000000015
15377  45.372  -43.379  -9.660 0.1000000015
15395  44.989  -43.095  -10.256 0.1000000015
15408  46.799  -42.481  -11.773 0.1000000015
15409  46.105  -42.426  -11.507 0.1000000015
15425  46.404  -42.417  -12.339 0.1000000015
15429  42.506  -43.194  -12.047 0.1000000015
15430  41.928  -43.316  -12.297 0.1000000015
15505  47.881  -41.982  -18.259 0.2000000030
15534  42.687  -43.074  -19.842 0.3000000119
15566  39.738  -41.987  -21.994 0.5000000000
15582  39.803  -42.162  -22.157 0.4000000060
15619  40.480  -43.097  -26.684 0.1000000015
16077  41.232  -41.013  -4.449 0.1000000015
16092  49.847  -41.270  -5.914 0.1000000015
16096  42.195  -40.864  -5.720 0.1000000015
16180  45.524  -41.118  -9.016 0.1000000015
16213  49.970  -41.513  -11.418 0.1000000015
16290  47.363  -41.375  -16.870 0.3000000119
16295  46.744  -41.194  -18.148 0.4000000060
16308  46.072  -41.106  -18.943 0.4000000060
16339  43.681  -41.249  -20.135 0.4000000060
16464  43.150  -41.726  -30.769 0.1000000015
16472  44.089  -41.136  -32.363 0.1000000015
16978  48.463  -41.293  -10.262 0.1000000015
17115  44.586  -40.215  -15.801 0.4000000060
17160  45.790  -41.012  -19.043 0.4000000060
17228  41.152  -40.089  -25.053 0.3000000119
17796  38.296  -39.286  -3.082 0.1000000015
17819  45.432  -39.474  -4.267 0.1000000015
17826  48.977  -39.598  -6.052 0.1000000015
17829  47.427  -38.714  -6.319 0.1000000015
17875  40.155  -39.845  -9.090 0.3000000119
17949  44.461  -40.235  -14.992 0.4000000060
17975  44.668  -40.254  -15.132 0.4000000060
18029  43.541  -39.982  -18.798 0.4000000060
18149  43.000  -39.796  -27.972 0.2000000030
18163  43.025  -38.895  -28.132 0.2000000030
18755  45.909  -38.663  -4.618 0.1000000015
18771  47.551  -38.845  -5.372 0.1000000015
18785  48.314  -38.859  -5.965 0.1000000015
18786  47.837  -38.736  -5.880 0.1000000015
18806  38.916  -38.733  -7.806 0.1000000015
18818  38.056  -38.318  -8.925 0.2000000030
18853  38.659  -38.146  -11.222 0.4000000060
19018  39.730  -39.289  -22.464 0.4000000060
19735  35.535  -37.346  -3.103 0.1000000015
20073  42.882  -37.936  -27.380 0.2000000030
20120  45.683  -37.969  -30.570 0.1000000015
20864  39.632  -37.131  -15.756 0.5000000000
21078  44.511  -36.965  -28.739 0.1000000015
21096  44.721  -37.392  -29.408 0.1000000015
21735  37.998  -35.896  -12.932 0.3000000119
21907  39.753  -35.965  -20.337 0.4000000060
24294  32.754  -32.902  -1.392 0.1000000015
24312  32.805  -32.448  -2.043 0.1000000015
24380  33.930  -31.834  -5.201 0.1000000015
24418  34.637  -31.286  -9.011 0.1000000015
24659  42.308  -32.968  -22.518 0.2000000030
25314  35.438  -31.506  -11.103 0.1000000015
26145  33.777  -30.559  -5.994 0.1000000015
26197  34.815  -30.301  -9.084 0.1000000015
26988  33.850  -29.173  -2.769 0.1000000015
27065  33.846  -30.008  -6.185 0.1000000015
27114  34.835  -29.799  -8.584 0.1000000015
27158  35.660  -30.115  -10.085 0.1000000015
27915  33.720  -29.343  -2.202 0.1000000015
27924  33.837  -29.187  -2.469 0.1000000015
28024  34.648  -29.263  -7.235 0.1000000015
