#!ascii label  , from subject 201818 vox2ras=TkReg
828
51590  -17.096  -13.759  36.160 0.0000000000
66330  -39.328  -2.164  29.540 0.0000000000
68604  -42.243  0.206  23.834 0.0000000000
60692  -48.274  -6.702  20.122 0.0000000000
61648  -38.020  -5.819  31.258 0.0000000000
65305  -46.061  -3.343  22.526 0.0000000000
68718  -49.801  0.327  14.317 0.0000000000
71857  -53.619  3.422  11.269 0.0000000000
65186  -41.576  -3.662  29.825 0.0000000000
68556  -41.247  0.106  26.810 0.0000000000
69621  -39.678  1.348  26.542 0.0000000000
58095  -17.297  -9.582  37.931 0.0000000000
59258  -21.372  -8.212  36.955 0.0000000000
54860  -24.738  -11.812  36.708 0.0000000000
54864  -28.651  -12.173  34.824 0.0000000000
54868  -34.136  -10.894  34.594 0.0000000000
57050  -37.785  -9.262  32.973 0.0000000000
60500  -40.642  -6.181  31.051 0.0000000000
65262  -43.796  -2.737  24.187 0.0000000000
72927  -53.968  4.690  9.966 0.0000000000
66333  -40.734  -1.942  30.097 0.0000000000
68521  -40.689  -0.076  28.867 0.0000000000
68533  -39.046  -0.288  28.032 0.0000000000
57019  -17.780  -9.302  35.385 0.0000000000
59255  -18.971  -8.288  37.091 0.0000000000
58141  -34.118  -9.582  33.865 0.0000000000
55961  -35.926  -10.246  34.009 0.0000000000
59294  -35.929  -8.503  33.511 0.0000000000
64008  -38.985  -3.892  30.564 0.0000000000
62835  -39.155  -5.308  32.109 0.0000000000
65145  -39.907  -3.518  31.115 0.0000000000
61662  -41.397  -5.353  30.417 0.0000000000
70646  -43.169  1.202  25.790 0.0000000000
67507  -43.402  -0.566  25.281 0.0000000000
67509  -44.759  -0.716  24.866 0.0000000000
61813  -46.920  -6.070  21.745 0.0000000000
60598  -46.562  -5.665  23.206 0.0000000000
58394  -47.333  -7.786  21.135 0.0000000000
59591  -47.674  -7.009  18.339 0.0000000000
67632  -51.676  0.108  15.036 0.0000000000
67615  -50.260  -0.686  16.232 0.0000000000
59372  -36.207  -7.961  30.862 0.0000000000
60704  -46.404  -6.492  20.220 0.0000000000
70774  -52.182  2.022  13.041 0.0000000000
68739  -52.969  1.263  13.142 0.0000000000
71890  -54.942  3.199  9.271 0.0000000000
61702  -40.927  -5.355  27.943 0.0000000000
66361  -40.910  -1.673  28.297 0.0000000000
70620  -41.573  1.189  27.087 0.0000000000
54841  -17.418  -11.647  37.841 0.0000000000
55908  -22.830  -10.226  37.627 0.0000000000
56991  -23.222  -9.568  36.892 0.0000000000
52667  -23.729  -12.701  37.330 0.0000000000
50481  -25.377  -14.447  36.406 0.0000000000
51595  -27.622  -14.057  35.028 0.0000000000
52699  -29.400  -13.140  34.248 0.0000000000
54848  -30.992  -11.739  34.892 0.0000000000
52742  -34.878  -12.578  32.951 0.0000000000
61610  -37.883  -6.963  32.808 0.0000000000
58181  -39.296  -7.934  31.905 0.0000000000
57116  -40.268  -8.441  30.101 0.0000000000
58244  -41.368  -8.126  29.076 0.0000000000
60550  -41.936  -6.387  28.643 0.0000000000
65265  -45.555  -2.712  24.186 0.0000000000
65362  -48.493  -2.958  16.988 0.0000000000
61869  -49.168  -5.471  18.534 0.0000000000
52655  -17.110  -13.130  37.870 0.0000000000
66332  -40.082  -1.510  29.848 0.0000000000
68503  -39.960  -0.585  29.194 0.0000000000
67462  -39.274  -0.812  28.744 0.0000000000
58179  -34.680  -9.213  33.112 0.0000000000
59293  -35.323  -8.938  33.831 0.0000000000
59325  -35.500  -8.645  32.547 0.0000000000
65170  -39.037  -3.015  29.874 0.0000000000
65143  -39.390  -3.653  30.974 0.0000000000
65157  -39.760  -2.917  30.762 0.0000000000
65159  -40.626  -3.049  30.736 0.0000000000
68560  -44.214  0.224  25.480 0.0000000000
68587  -43.712  0.568  24.796 0.0000000000
60691  -47.387  -6.685  20.817 0.0000000000
60666  -47.326  -6.639  21.670 0.0000000000
59545  -47.714  -7.293  21.022 0.0000000000
58434  -47.562  -7.804  19.995 0.0000000000
59562  -48.543  -7.090  19.781 0.0000000000
67663  -51.654  -0.386  14.182 0.0000000000
66548  -51.121  -1.006  14.773 0.0000000000
66563  -51.168  -0.960  13.848 0.0000000000
70798  -51.598  2.102  11.300 0.0000000000
71834  -52.701  2.428  12.644 0.0000000000
69765  -52.865  1.726  13.376 0.0000000000
70785  -53.593  2.406  12.207 0.0000000000
69777  -53.737  1.833  11.946 0.0000000000
71844  -53.753  2.931  11.704 0.0000000000
72948  -54.787  4.801  9.572 0.0000000000
62919  -41.408  -4.587  28.710 0.0000000000
64068  -40.735  -3.254  28.247 0.0000000000
65201  -41.612  -2.706  28.876 0.0000000000
69599  -40.081  0.942  27.993 0.0000000000
69586  -40.861  0.419  28.257 0.0000000000
70631  -40.469  1.641  27.090 0.0000000000
70653  -41.196  1.632  26.088 0.0000000000
69634  -39.802  1.183  25.826 0.0000000000
55918  -17.989  -10.501  37.092 0.0000000000
56976  -18.007  -9.682  37.552 0.0000000000
59265  -20.081  -7.931  36.500 0.0000000000
55954  -24.234  -10.643  36.088 0.0000000000
55933  -24.176  -10.811  36.874 0.0000000000
54845  -23.858  -11.322  37.885 0.0000000000
54846  -24.251  -11.884  37.401 0.0000000000
51576  -24.785  -14.036  36.808 0.0000000000
53758  -25.236  -12.770  36.518 0.0000000000
53761  -27.950  -12.856  34.768 0.0000000000
52698  -28.457  -13.691  34.410 0.0000000000
53762  -29.162  -12.548  34.699 0.0000000000
57007  -32.419  -10.412  34.323 0.0000000000
55938  -31.721  -10.905  34.566 0.0000000000
54866  -32.272  -11.378  34.920 0.0000000000
52686  -32.155  -12.321  34.285 0.0000000000
52687  -33.093  -12.114  34.396 0.0000000000
51636  -33.841  -12.797  33.341 0.0000000000
52704  -34.793  -11.986  33.826 0.0000000000
55963  -36.957  -9.684  33.584 0.0000000000
53799  -36.650  -10.898  33.061 0.0000000000
54919  -37.623  -10.384  32.648 0.0000000000
56018  -38.404  -9.597  32.211 0.0000000000
60480  -36.933  -7.323  32.290 0.0000000000
61637  -37.853  -6.116  31.859 0.0000000000
61638  -39.707  -5.692  31.827 0.0000000000
60463  -38.991  -6.791  32.335 0.0000000000
59327  -39.625  -7.119  31.680 0.0000000000
57086  -39.831  -8.136  31.285 0.0000000000
58197  -40.288  -7.691  31.032 0.0000000000
58211  -41.356  -7.381  30.006 0.0000000000
62874  -41.709  -4.781  30.157 0.0000000000
60534  -41.746  -5.755  29.485 0.0000000000
61688  -41.698  -4.946  29.065 0.0000000000
61703  -41.482  -5.457  28.483 0.0000000000
56986  -16.890  -10.069  37.136 0.0000000000
56974  -16.772  -10.274  37.948 0.0000000000
55897  -17.005  -11.280  38.529 0.0000000000
66390  -40.643  -0.661  26.807 0.0000000000
67492  -40.721  -0.643  26.059 0.0000000000
65243  -43.964  -2.011  24.595 0.0000000000
66443  -45.288  -1.679  22.952 0.0000000000
66432  -45.687  -1.813  23.606 0.0000000000
66433  -45.938  -2.641  23.504 0.0000000000
59499  -45.975  -7.294  22.283 0.0000000000
61763  -45.558  -5.337  23.402 0.0000000000
65378  -50.056  -2.651  16.622 0.0000000000
66511  -49.073  -2.049  16.985 0.0000000000
64232  -49.484  -3.823  17.345 0.0000000000
64213  -48.957  -4.398  17.991 0.0000000000
61885  -49.334  -5.202  17.732 0.0000000000
61884  -49.053  -5.616  17.327 0.0000000000
71872  -52.835  3.892  10.084 0.0000000000
72910  -53.480  4.004  10.545 0.0000000000
72926  -53.373  4.460  9.767 0.0000000000
73973  -53.669  5.881  8.544 0.0000000000
66335  -41.229  -2.558  29.801 0.0000000000
66347  -41.158  -1.883  29.368 0.0000000000
67451  -40.717  -1.305  29.751 0.0000000000
69584  -39.892  0.424  28.415 0.0000000000
69598  -39.437  0.668  27.605 0.0000000000
58119  -17.367  -9.307  37.020 0.0000000000
59254  -18.359  -8.419  37.256 0.0000000000
59275  -20.305  -7.820  35.844 0.0000000000
57009  -34.099  -10.097  34.402 0.0000000000
54869  -34.968  -10.853  34.423 0.0000000000
58127  -35.234  -9.461  34.230 0.0000000000
58144  -36.012  -9.240  34.094 0.0000000000
59283  -37.044  -8.578  33.779 0.0000000000
62859  -38.474  -5.178  30.897 0.0000000000
62845  -38.394  -5.422  31.585 0.0000000000
62846  -38.820  -4.871  31.577 0.0000000000
63995  -39.563  -4.346  31.482 0.0000000000
61649  -40.500  -5.404  31.233 0.0000000000
60501  -41.183  -6.167  30.590 0.0000000000
62860  -40.737  -4.634  30.949 0.0000000000
64010  -41.255  -3.769  30.386 0.0000000000
55948  -16.782  -10.367  35.423 0.0000000000
69622  -42.499  0.623  26.266 0.0000000000
67494  -42.651  -0.008  25.753 0.0000000000
67495  -43.604  -0.075  25.622 0.0000000000
67508  -44.178  -0.638  25.178 0.0000000000
65244  -44.601  -2.077  24.768 0.0000000000
64160  -46.266  -4.033  22.362 0.0000000000
64132  -46.721  -4.442  23.137 0.0000000000
61787  -47.767  -6.205  22.547 0.0000000000
59500  -46.657  -7.182  22.197 0.0000000000
68700  -50.740  0.445  15.101 0.0000000000
68684  -50.123  -0.174  15.713 0.0000000000
68686  -51.070  -0.164  15.649 0.0000000000
66522  -50.440  -1.566  16.327 0.0000000000
65182  -38.789  -2.627  29.027 0.0000000000
64034  -38.717  -3.682  29.235 0.0000000000
67525  -43.886  -0.647  23.383 0.0000000000
64159  -45.710  -3.786  21.949 0.0000000000
63012  -46.074  -4.754  21.905 0.0000000000
61836  -46.339  -6.410  20.945 0.0000000000
60705  -47.202  -6.500  19.953 0.0000000000
69763  -50.998  1.103  13.839 0.0000000000
69753  -52.188  1.376  14.052 0.0000000000
68720  -52.446  0.928  13.816 0.0000000000
67685  -52.396  0.191  12.603 0.0000000000
71873  -54.471  3.605  10.536 0.0000000000
70832  -54.733  2.267  9.610 0.0000000000
62917  -40.380  -4.028  27.838 0.0000000000
65219  -40.542  -2.568  27.945 0.0000000000
68545  -41.027  -0.189  27.497 0.0000000000
67464  -41.071  -1.074  28.784 0.0000000000
68536  -41.009  -0.207  27.986 0.0000000000
68546  -41.359  0.347  27.013 0.0000000000
70634  -42.248  1.347  26.659 0.0000000000
69637  -42.356  1.351  25.519 0.0000000000
68542  -37.736  -0.676  26.923 0.0000000000
68554  -37.920  0.164  26.335 0.0000000000
69648  -38.443  0.441  24.844 0.0000000000
53740  -17.275  -12.466  37.527 0.0000000000
54877  -17.666  -11.597  36.274 0.0000000000
53777  -23.061  -11.707  36.114 0.0000000000
59304  -19.888  -8.001  34.167 0.0000000000
59276  -21.053  -8.018  35.709 0.0000000000
58125  -22.375  -8.571  36.775 0.0000000000
53741  -23.041  -11.719  37.485 0.0000000000
50489  -26.227  -15.151  35.507 0.0000000000
51613  -27.241  -14.711  34.885 0.0000000000
55936  -29.139  -11.663  34.614 0.0000000000
55937  -30.579  -11.257  34.502 0.0000000000
54865  -29.904  -11.833  34.851 0.0000000000
53780  -30.456  -12.675  34.293 0.0000000000
52721  -31.430  -13.013  33.509 0.0000000000
53797  -35.454  -11.633  33.580 0.0000000000
59326  -36.226  -8.040  32.522 0.0000000000
60444  -36.983  -7.834  33.290 0.0000000000
59297  -37.496  -8.154  33.280 0.0000000000
61624  -38.261  -6.318  32.447 0.0000000000
60462  -38.493  -7.111  32.628 0.0000000000
57068  -38.434  -8.966  32.395 0.0000000000
56019  -38.792  -9.334  31.863 0.0000000000
56050  -39.049  -9.319  30.935 0.0000000000
57150  -41.036  -8.660  28.351 0.0000000000
59373  -41.719  -7.154  29.692 0.0000000000
59394  -42.046  -7.292  28.858 0.0000000000
58285  -41.828  -8.225  27.277 0.0000000000
59439  -41.549  -7.544  27.178 0.0000000000
54831  -17.126  -11.788  38.462 0.0000000000
68607  -44.743  -0.642  23.981 0.0000000000
66406  -45.130  -1.573  24.643 0.0000000000
65264  -45.032  -2.747  24.376 0.0000000000
62953  -46.310  -4.635  23.503 0.0000000000
62951  -45.096  -4.315  23.850 0.0000000000
62950  -44.218  -4.011  23.668 0.0000000000
60716  -47.049  -6.171  19.297 0.0000000000
61849  -48.528  -5.890  19.268 0.0000000000
67613  -48.950  -0.935  16.102 0.0000000000
65377  -48.356  -2.097  16.758 0.0000000000
63071  -48.266  -4.609  17.973 0.0000000000
61868  -48.857  -5.313  18.838 0.0000000000
60707  -48.645  -6.404  19.509 0.0000000000
59580  -48.963  -6.506  18.705 0.0000000000
51574  -16.632  -14.159  37.048 0.0000000000
66331  -39.761  -1.725  29.807 0.0000000000
67448  -39.582  -1.329  29.236 0.0000000000
66346  -39.249  -1.515  28.946 0.0000000000
58194  -33.864  -9.684  32.593 0.0000000000
58195  -34.509  -9.466  32.197 0.0000000000
66312  -39.306  -2.683  30.137 0.0000000000
66313  -39.572  -2.431  30.271 0.0000000000
66314  -40.009  -2.101  30.366 0.0000000000
68586  -42.722  0.664  24.477 0.0000000000
68605  -43.271  0.029  23.816 0.0000000000
59546  -48.194  -7.039  20.508 0.0000000000
59561  -48.011  -7.531  20.248 0.0000000000
67684  -51.710  -0.327  13.228 0.0000000000
71856  -52.886  3.306  11.169 0.0000000000
71843  -53.212  2.857  12.263 0.0000000000
64053  -41.261  -3.815  29.060 0.0000000000
64052  -41.273  -3.308  28.993 0.0000000000
66363  -41.393  -2.823  29.311 0.0000000000
69609  -39.871  1.401  27.263 0.0000000000
69610  -40.443  1.461  27.545 0.0000000000
70641  -40.216  1.598  26.684 0.0000000000
70652  -40.482  1.535  26.200 0.0000000000
70651  -40.049  1.441  26.326 0.0000000000
56975  -17.412  -10.151  38.057 0.0000000000
58096  -17.797  -9.356  37.833 0.0000000000
59257  -20.640  -8.205  36.831 0.0000000000
54859  -24.179  -11.304  37.361 0.0000000000
53744  -24.655  -12.585  37.223 0.0000000000
54863  -27.579  -12.498  34.758 0.0000000000
55940  -33.607  -10.571  34.672 0.0000000000
55939  -32.614  -10.791  34.752 0.0000000000
54867  -33.132  -11.178  34.856 0.0000000000
53766  -33.555  -11.585  34.571 0.0000000000
52703  -33.816  -12.146  34.000 0.0000000000
53767  -34.361  -11.339  34.419 0.0000000000
57034  -37.330  -9.276  33.439 0.0000000000
54904  -37.284  -10.272  33.058 0.0000000000
56001  -37.722  -9.835  32.949 0.0000000000
54920  -38.090  -9.979  32.449 0.0000000000
56002  -38.081  -9.710  32.602 0.0000000000
61647  -37.516  -6.393  31.486 0.0000000000
60482  -40.023  -6.173  31.499 0.0000000000
60481  -39.458  -6.508  31.945 0.0000000000
59328  -40.169  -6.978  31.223 0.0000000000
58210  -40.853  -7.732  30.324 0.0000000000
59349  -40.795  -6.963  30.773 0.0000000000
64023  -41.585  -3.906  29.876 0.0000000000
62886  -41.745  -4.442  29.514 0.0000000000
62920  -41.585  -4.670  28.935 0.0000000000
58105  -17.159  -9.621  37.633 0.0000000000
58094  -17.002  -9.757  37.905 0.0000000000
67493  -41.393  -0.077  26.137 0.0000000000
66419  -43.305  -2.036  24.312 0.0000000000
64105  -43.497  -3.526  23.743 0.0000000000
66459  -45.656  -2.451  22.450 0.0000000000
66444  -45.798  -2.239  22.945 0.0000000000
65282  -45.964  -2.675  23.122 0.0000000000
68698  -49.273  -0.293  14.870 0.0000000000
64233  -49.909  -3.318  16.938 0.0000000000
65364  -49.777  -2.843  17.004 0.0000000000
66334  -40.992  -2.140  29.894 0.0000000000
68519  -39.724  -0.332  28.845 0.0000000000
68504  -40.186  -0.543  29.278 0.0000000000
68534  -39.680  0.298  28.201 0.0000000000
68544  -38.711  0.349  27.112 0.0000000000
56999  -17.804  -9.076  35.993 0.0000000000
59289  -19.768  -7.864  35.203 0.0000000000
58159  -33.513  -9.829  33.556 0.0000000000
58140  -33.751  -9.732  33.748 0.0000000000
57029  -33.281  -10.040  33.932 0.0000000000
57030  -33.758  -9.696  34.046 0.0000000000
57031  -34.468  -9.755  34.253 0.0000000000
58142  -34.921  -9.344  34.023 0.0000000000
59280  -35.538  -8.862  33.914 0.0000000000
59281  -35.975  -8.759  33.868 0.0000000000
58145  -36.689  -9.017  33.919 0.0000000000
59295  -36.506  -8.289  33.630 0.0000000000
64007  -38.756  -4.501  30.503 0.0000000000
63993  -38.797  -4.664  31.075 0.0000000000
65144  -39.610  -3.613  31.058 0.0000000000
63996  -40.073  -4.131  31.300 0.0000000000
62848  -39.889  -4.877  31.758 0.0000000000
62849  -40.314  -4.716  31.317 0.0000000000
63997  -40.492  -3.958  31.004 0.0000000000
66315  -40.492  -2.209  30.378 0.0000000000
65160  -40.867  -2.770  30.555 0.0000000000
65171  -41.303  -3.018  30.159 0.0000000000
56998  -17.253  -9.570  36.137 0.0000000000
69623  -42.923  0.887  26.202 0.0000000000
68558  -42.908  0.311  25.949 0.0000000000
68559  -43.883  0.164  25.928 0.0000000000
67497  -44.454  -0.066  25.298 0.0000000000
67496  -44.252  -0.110  25.459 0.0000000000
66404  -43.956  -1.353  25.042 0.0000000000
66405  -44.685  -1.394  24.892 0.0000000000
63013  -46.612  -5.166  22.091 0.0000000000
62994  -46.820  -4.822  22.476 0.0000000000
61786  -46.954  -5.596  22.143 0.0000000000
59522  -47.194  -7.398  21.759 0.0000000000
59521  -46.344  -7.657  21.861 0.0000000000
58415  -46.883  -8.013  20.657 0.0000000000
68701  -51.401  0.321  15.216 0.0000000000
67631  -51.228  -0.346  15.525 0.0000000000
65389  -50.228  -2.583  15.951 0.0000000000
64033  -38.593  -3.240  28.885 0.0000000000
63011  -45.466  -4.486  21.578 0.0000000000
61835  -45.913  -6.183  20.702 0.0000000000
60689  -46.307  -6.461  20.532 0.0000000000
60690  -46.621  -6.508  20.576 0.0000000000
70782  -51.657  1.899  12.299 0.0000000000
70773  -51.300  1.504  13.347 0.0000000000
70772  -50.733  1.250  12.924 0.0000000000
70768  -51.524  1.479  13.809 0.0000000000
69752  -51.416  1.216  14.121 0.0000000000
70769  -51.755  1.578  13.748 0.0000000000
69754  -52.634  1.363  13.774 0.0000000000
68738  -52.741  0.706  12.972 0.0000000000
68756  -52.892  0.554  12.445 0.0000000000
68757  -53.357  1.008  12.108 0.0000000000
69795  -54.040  1.756  11.337 0.0000000000
72911  -54.051  3.980  10.649 0.0000000000
72928  -54.609  4.331  10.098 0.0000000000
72949  -54.848  4.292  9.161 0.0000000000
72929  -54.793  3.798  9.682 0.0000000000
61717  -40.503  -5.738  27.407 0.0000000000
62930  -40.056  -4.362  27.398 0.0000000000
62931  -40.617  -4.946  27.730 0.0000000000
65200  -41.011  -2.505  28.533 0.0000000000
66377  -40.510  -1.480  27.665 0.0000000000
67473  -40.890  -0.870  28.019 0.0000000000
67452  -41.014  -1.197  29.289 0.0000000000
68522  -41.076  -0.504  28.679 0.0000000000
69601  -41.144  0.881  27.624 0.0000000000
69587  -41.040  0.293  27.956 0.0000000000
69602  -41.408  0.674  27.266 0.0000000000
70621  -41.798  1.079  26.840 0.0000000000
70633  -41.644  1.514  26.881 0.0000000000
69635  -40.792  1.327  25.646 0.0000000000
70654  -41.908  1.686  25.980 0.0000000000
54856  -17.503  -11.688  37.109 0.0000000000
54842  -17.654  -11.126  37.373 0.0000000000
55919  -22.104  -9.787  36.865 0.0000000000
55920  -22.439  -10.098  36.997 0.0000000000
54858  -22.714  -10.909  36.663 0.0000000000
59305  -20.536  -8.021  33.793 0.0000000000
59290  -20.453  -7.892  34.900 0.0000000000
58112  -22.813  -9.087  37.087 0.0000000000
58099  -22.625  -9.111  37.496 0.0000000000
56979  -23.241  -9.583  37.580 0.0000000000
53743  -24.031  -12.297  37.519 0.0000000000
53742  -23.449  -11.946  37.582 0.0000000000
53757  -23.351  -12.401  36.909 0.0000000000
52679  -23.749  -13.287  36.696 0.0000000000
51591  -24.033  -14.008  36.174 0.0000000000
50480  -25.139  -14.337  36.666 0.0000000000
50487  -25.024  -14.658  36.388 0.0000000000
50488  -25.671  -14.925  35.982 0.0000000000
52683  -27.289  -13.571  35.197 0.0000000000
52682  -26.291  -13.618  35.653 0.0000000000
51594  -26.571  -14.439  35.491 0.0000000000
51614  -27.936  -14.107  34.576 0.0000000000
52719  -28.870  -13.700  34.082 0.0000000000
51615  -29.765  -13.368  33.889 0.0000000000
50502  -30.080  -13.561  33.572 0.0000000000
51616  -30.393  -13.254  33.760 0.0000000000
55923  -31.230  -11.259  34.916 0.0000000000
55960  -30.727  -11.052  34.011 0.0000000000
55922  -30.704  -11.541  34.761 0.0000000000
54847  -30.601  -11.786  34.773 0.0000000000
53763  -30.422  -12.166  34.631 0.0000000000
53746  -31.204  -11.846  34.723 0.0000000000
52702  -32.793  -12.519  34.001 0.0000000000
52701  -31.790  -12.655  33.901 0.0000000000
51656  -34.504  -12.797  32.955 0.0000000000
51677  -34.029  -13.008  32.558 0.0000000000
52761  -34.757  -12.737  32.350 0.0000000000
54870  -35.506  -10.655  34.196 0.0000000000
53784  -35.351  -11.402  33.887 0.0000000000
53785  -35.829  -11.035  33.669 0.0000000000
59348  -36.138  -8.047  31.830 0.0000000000
61622  -37.141  -7.213  32.523 0.0000000000
61608  -37.107  -7.604  33.260 0.0000000000
61609  -37.385  -7.321  32.879 0.0000000000
60445  -37.475  -7.644  33.135 0.0000000000
60446  -38.031  -7.453  32.833 0.0000000000
62834  -38.676  -5.537  32.034 0.0000000000
62833  -38.187  -5.972  32.117 0.0000000000
61625  -38.747  -6.230  32.397 0.0000000000
59310  -39.140  -7.355  32.097 0.0000000000
59309  -38.631  -7.612  32.433 0.0000000000
58163  -38.248  -8.338  32.581 0.0000000000
58180  -38.808  -8.129  32.251 0.0000000000
57084  -38.741  -9.152  32.071 0.0000000000
57069  -39.126  -8.544  31.965 0.0000000000
57099  -39.979  -8.403  30.905 0.0000000000
57098  -39.363  -8.939  31.113 0.0000000000
57115  -39.428  -8.896  30.462 0.0000000000
58226  -40.909  -8.146  29.578 0.0000000000
57133  -40.865  -8.460  28.892 0.0000000000
60518  -41.607  -6.136  30.033 0.0000000000
60533  -41.854  -6.240  29.361 0.0000000000
59413  -42.093  -7.494  28.319 0.0000000000
57172  -42.081  -8.111  28.133 0.0000000000
59426  -42.058  -7.501  27.919 0.0000000000
59425  -41.794  -7.483  27.555 0.0000000000
60560  -41.171  -6.212  27.749 0.0000000000
55906  -17.423  -10.904  38.019 0.0000000000
67506  -42.366  -0.500  25.374 0.0000000000
67505  -41.367  -0.548  25.475 0.0000000000
68606  -44.166  -0.260  24.015 0.0000000000
66421  -45.827  -2.408  23.896 0.0000000000
66420  -45.469  -1.876  24.268 0.0000000000
65246  -45.334  -2.060  24.465 0.0000000000
65245  -45.104  -2.100  24.637 0.0000000000
62954  -46.765  -4.803  23.288 0.0000000000
64110  -46.408  -4.326  23.366 0.0000000000
61742  -46.680  -5.238  23.301 0.0000000000
61740  -45.666  -4.822  23.686 0.0000000000
62974  -45.058  -4.935  23.523 0.0000000000
62973  -44.555  -4.682  23.470 0.0000000000
61848  -47.826  -6.058  19.308 0.0000000000
61867  -48.240  -5.354  18.743 0.0000000000
67614  -49.426  -0.753  16.125 0.0000000000
66521  -49.669  -1.342  16.661 0.0000000000
65363  -49.280  -2.954  17.166 0.0000000000
64230  -47.987  -3.729  17.067 0.0000000000
64231  -48.863  -4.017  17.667 0.0000000000
63054  -49.017  -4.699  18.244 0.0000000000
61850  -49.006  -5.852  19.146 0.0000000000
61851  -49.160  -5.917  18.959 0.0000000000
60708  -49.046  -6.254  19.113 0.0000000000
60717  -49.155  -6.051  18.757 0.0000000000
67438  -40.379  -1.639  30.010 0.0000000000
67450  -40.326  -1.055  29.632 0.0000000000
67463  -39.639  -0.826  29.083 0.0000000000
68518  -39.369  -0.457  28.560 0.0000000000
58160  -34.070  -9.468  33.550 0.0000000000
58161  -34.742  -9.194  33.667 0.0000000000
59307  -35.347  -8.766  33.345 0.0000000000
59308  -35.939  -8.319  33.029 0.0000000000
65156  -39.356  -3.268  30.635 0.0000000000
65146  -40.265  -3.473  31.017 0.0000000000
65158  -40.181  -2.839  30.773 0.0000000000
69639  -43.384  1.029  25.495 0.0000000000
68569  -43.964  0.652  25.511 0.0000000000
68570  -44.385  0.146  25.151 0.0000000000
68588  -44.538  -0.241  24.533 0.0000000000
58416  -47.553  -7.827  20.570 0.0000000000
59579  -48.407  -6.967  18.956 0.0000000000
67647  -51.964  0.205  14.443 0.0000000000
67646  -51.493  -0.396  14.978 0.0000000000
70783  -52.226  2.295  12.448 0.0000000000
71833  -52.451  2.382  12.613 0.0000000000
69764  -52.578  1.915  13.457 0.0000000000
70775  -52.845  2.245  12.997 0.0000000000
70784  -53.249  2.279  12.812 0.0000000000
69776  -53.390  1.784  12.683 0.0000000000
70799  -54.096  2.476  11.517 0.0000000000
73940  -54.426  5.074  9.669 0.0000000000
73941  -54.689  4.991  9.696 0.0000000000
71900  -55.043  3.328  8.392 0.0000000000
62918  -40.820  -4.268  28.207 0.0000000000
64051  -41.034  -3.463  28.602 0.0000000000
65184  -41.403  -2.645  28.951 0.0000000000
66362  -41.149  -1.896  28.831 0.0000000000
69585  -40.469  0.508  28.438 0.0000000000
69600  -40.774  1.096  27.820 0.0000000000
70632  -41.006  1.583  27.165 0.0000000000
70642  -40.821  1.679  26.635 0.0000000000
55917  -17.616  -11.013  37.682 0.0000000000
55907  -17.826  -10.482  37.571 0.0000000000
56987  -18.648  -9.245  36.740 0.0000000000
56990  -22.358  -9.677  37.384 0.0000000000
56980  -23.792  -9.994  37.582 0.0000000000
55921  -23.940  -10.478  37.394 0.0000000000
52668  -24.308  -13.219  37.175 0.0000000000
52669  -25.045  -13.385  36.968 0.0000000000
51577  -25.341  -14.016  36.689 0.0000000000
52684  -28.339  -13.314  34.635 0.0000000000
51596  -28.034  -13.798  34.645 0.0000000000
52685  -29.154  -12.926  34.533 0.0000000000
53779  -29.718  -12.690  34.452 0.0000000000
57006  -31.586  -10.594  33.868 0.0000000000
55924  -31.884  -11.108  34.964 0.0000000000
54849  -31.602  -11.650  34.990 0.0000000000
53747  -31.811  -11.755  34.751 0.0000000000
52724  -34.333  -12.524  33.437 0.0000000000
55962  -36.434  -9.996  33.752 0.0000000000
54902  -36.133  -10.770  33.555 0.0000000000
54903  -36.675  -10.518  33.294 0.0000000000
54918  -37.044  -10.742  32.936 0.0000000000
54961  -38.090  -10.394  31.716 0.0000000000
56035  -38.531  -9.849  31.767 0.0000000000
60515  -36.691  -7.446  31.341 0.0000000000
60498  -36.538  -7.617  31.786 0.0000000000
60499  -37.064  -7.026  31.710 0.0000000000
61636  -37.358  -6.735  32.009 0.0000000000
61623  -37.714  -6.604  32.440 0.0000000000
62836  -39.499  -5.327  31.973 0.0000000000
61626  -39.274  -5.956  32.151 0.0000000000
58196  -39.780  -7.774  31.503 0.0000000000
58227  -41.305  -7.701  29.744 0.0000000000
62873  -41.534  -4.568  30.319 0.0000000000
61663  -41.632  -5.293  30.026 0.0000000000
61674  -41.760  -5.280  29.538 0.0000000000
61687  -41.771  -5.683  29.065 0.0000000000
60561  -41.690  -6.616  27.997 0.0000000000
55905  -16.471  -10.509  37.525 0.0000000000
56964  -16.496  -10.964  38.335 0.0000000000
56966  -17.147  -10.763  38.221 0.0000000000
66403  -43.137  -1.244  24.781 0.0000000000
67527  -45.169  -1.197  23.603 0.0000000000
66431  -45.403  -1.549  23.398 0.0000000000
65266  -45.936  -3.115  23.632 0.0000000000
60641  -46.357  -6.769  22.617 0.0000000000
61764  -46.184  -5.758  23.314 0.0000000000
66513  -50.044  -2.277  16.802 0.0000000000
66512  -49.785  -2.122  16.984 0.0000000000
64214  -49.142  -4.348  17.858 0.0000000000
63055  -49.322  -4.682  17.873 0.0000000000
60727  -49.093  -5.957  18.176 0.0000000000
72947  -53.683  5.002  9.414 0.0000000000
73955  -53.615  5.364  8.959 0.0000000000
73956  -54.088  5.593  9.160 0.0000000000
75052  -54.253  6.066  8.804 0.0000000000
65172  -41.373  -3.269  30.210 0.0000000000
66348  -41.327  -2.617  29.571 0.0000000000
68506  -40.842  -0.644  29.246 0.0000000000
68505  -40.544  -0.524  29.386 0.0000000000
69608  -39.203  0.989  26.886 0.0000000000
58106  -17.754  -8.912  37.493 0.0000000000
59262  -18.301  -8.306  36.995 0.0000000000
59273  -18.958  -7.981  36.357 0.0000000000
59274  -19.685  -7.692  35.824 0.0000000000
59266  -20.875  -7.925  36.499 0.0000000000
55935  -28.192  -11.926  34.740 0.0000000000
57008  -33.318  -10.256  34.417 0.0000000000
55941  -34.341  -10.349  34.524 0.0000000000
55942  -35.156  -10.503  34.560 0.0000000000
57012  -35.800  -9.777  34.183 0.0000000000
59279  -35.057  -8.458  34.019 0.0000000000
58129  -35.849  -9.679  34.437 0.0000000000
57032  -36.283  -9.580  33.951 0.0000000000
57033  -36.879  -9.404  33.744 0.0000000000
58146  -37.236  -8.831  33.629 0.0000000000
63980  -39.089  -4.767  31.788 0.0000000000
63994  -39.195  -4.115  31.173 0.0000000000
63981  -39.286  -4.753  31.897 0.0000000000
61639  -40.116  -5.362  31.573 0.0000000000
61650  -40.973  -5.383  30.825 0.0000000000
62861  -41.189  -4.574  30.631 0.0000000000
64009  -40.895  -3.807  30.692 0.0000000000
64022  -41.494  -3.831  30.140 0.0000000000
68557  -41.931  0.357  26.271 0.0000000000
65294  -46.137  -3.363  22.792 0.0000000000
64147  -46.492  -4.063  22.879 0.0000000000
62975  -47.042  -5.058  22.957 0.0000000000
60621  -46.965  -5.979  22.893 0.0000000000
60642  -47.103  -6.764  22.322 0.0000000000
60620  -46.547  -6.168  22.893 0.0000000000
68699  -49.934  0.135  15.082 0.0000000000
68685  -50.765  -0.112  15.714 0.0000000000
67616  -50.805  -0.605  15.947 0.0000000000
66523  -50.901  -0.849  15.890 0.0000000000
66329  -39.068  -2.321  29.223 0.0000000000
66345  -38.970  -1.972  28.883 0.0000000000
66360  -38.331  -1.920  28.162 0.0000000000
61661  -38.176  -5.717  30.545 0.0000000000
62871  -38.589  -4.947  30.244 0.0000000000
64020  -38.747  -4.449  30.164 0.0000000000
64021  -38.814  -3.921  29.908 0.0000000000
65183  -38.810  -3.278  29.399 0.0000000000
65169  -39.065  -2.521  29.437 0.0000000000
68623  -42.550  -0.355  23.258 0.0000000000
68624  -43.219  -0.571  23.216 0.0000000000
67542  -43.541  -1.028  22.805 0.0000000000
66458  -45.084  -2.185  22.192 0.0000000000
65304  -45.897  -3.191  22.287 0.0000000000
61812  -46.450  -5.678  21.678 0.0000000000
61811  -45.894  -5.465  21.413 0.0000000000
61837  -46.800  -6.235  21.425 0.0000000000
60706  -48.073  -6.426  19.819 0.0000000000
69762  -50.449  0.885  13.395 0.0000000000
69751  -50.654  0.757  14.317 0.0000000000
69736  -51.070  0.866  14.635 0.0000000000
69737  -51.490  0.887  14.733 0.0000000000
68702  -52.034  0.655  14.653 0.0000000000
67664  -52.171  0.238  13.575 0.0000000000
68758  -53.732  1.463  11.647 0.0000000000
71858  -54.184  3.310  11.048 0.0000000000
71859  -54.462  3.116  10.636 0.0000000000
71874  -54.676  3.275  10.061 0.0000000000
64067  -40.308  -3.405  27.787 0.0000000000
65218  -40.141  -2.215  27.317 0.0000000000
67483  -40.873  -0.431  27.195 0.0000000000
67474  -41.017  -0.990  28.438 0.0000000000
68535  -40.969  -0.396  27.847 0.0000000000
69611  -42.038  0.898  26.503 0.0000000000
69612  -42.552  1.162  26.444 0.0000000000
70645  -42.858  1.333  26.095 0.0000000000
70644  -42.170  1.612  26.378 0.0000000000
70655  -42.572  1.530  25.892 0.0000000000
70656  -43.124  1.384  25.952 0.0000000000
67461  -38.838  -1.290  28.529 0.0000000000
68532  -38.498  -0.497  27.785 0.0000000000
68553  -37.465  -0.517  26.549 0.0000000000
68555  -38.589  0.733  26.500 0.0000000000
69620  -39.023  1.057  26.197 0.0000000000
69633  -38.791  0.823  25.506 0.0000000000
52678  -17.164  -13.099  36.347 0.0000000000
53755  -17.302  -12.407  36.719 0.0000000000
58107  -18.388  -8.862  37.351 0.0000000000
58111  -22.103  -8.598  37.186 0.0000000000
54834  -23.390  -10.728  37.850 0.0000000000
54843  -22.973  -10.878  37.461 0.0000000000
53756  -23.031  -11.671  37.107 0.0000000000
51592  -24.466  -14.473  36.332 0.0000000000
52681  -25.578  -13.492  36.318 0.0000000000
51593  -25.728  -14.163  36.058 0.0000000000
55958  -27.944  -11.656  34.463 0.0000000000
55959  -29.596  -11.462  34.092 0.0000000000
53764  -31.409  -12.148  34.465 0.0000000000
53781  -31.282  -12.530  34.155 0.0000000000
52700  -30.655  -12.917  34.000 0.0000000000
52720  -30.802  -13.082  33.746 0.0000000000
53768  -34.937  -11.284  34.284 0.0000000000
52705  -35.249  -11.807  33.720 0.0000000000
52725  -35.301  -12.029  33.392 0.0000000000
53798  -36.018  -11.284  33.305 0.0000000000
52726  -35.808  -11.821  33.104 0.0000000000
52743  -35.629  -12.143  32.855 0.0000000000
60442  -36.177  -8.171  33.026 0.0000000000
60479  -36.654  -7.752  32.532 0.0000000000
60460  -36.419  -7.984  32.873 0.0000000000
60443  -36.577  -8.002  33.174 0.0000000000
59296  -37.025  -8.150  33.612 0.0000000000
58162  -37.722  -8.639  33.078 0.0000000000
61611  -38.299  -6.796  32.644 0.0000000000
59298  -37.966  -7.773  32.916 0.0000000000
57051  -38.029  -8.810  32.755 0.0000000000
56036  -38.952  -9.372  31.427 0.0000000000
57085  -39.292  -8.689  31.715 0.0000000000
59350  -41.353  -6.950  30.286 0.0000000000
58305  -41.169  -8.389  26.473 0.0000000000
59424  -41.464  -7.047  27.383 0.0000000000
59438  -41.255  -7.613  26.933 0.0000000000
53732  -17.079  -12.568  38.290 0.0000000000
52666  -17.255  -13.303  37.177 0.0000000000
67528  -45.316  -1.285  23.940 0.0000000000
67517  -45.273  -1.309  24.269 0.0000000000
65263  -44.490  -2.731  24.395 0.0000000000
65283  -46.111  -3.280  23.204 0.0000000000
64109  -45.940  -3.816  23.672 0.0000000000
62952  -45.777  -4.401  23.733 0.0000000000
64108  -45.434  -3.586  24.109 0.0000000000
64107  -44.917  -3.389  24.254 0.0000000000
64106  -44.361  -3.479  24.107 0.0000000000
60715  -46.544  -6.391  19.618 0.0000000000
67630  -49.506  -0.393  15.510 0.0000000000
67629  -48.622  -0.876  15.541 0.0000000000
66520  -48.771  -1.269  16.455 0.0000000000
66534  -48.265  -1.237  16.020 0.0000000000
64229  -47.432  -3.974  16.865 0.0000000000
63072  -48.760  -4.578  18.118 0.0000000000
63053  -48.689  -4.898  18.447 0.0000000000
59563  -48.753  -6.639  19.241 0.0000000000
59593  -48.841  -6.384  18.224 0.0000000000
59592  -48.441  -6.672  18.269 0.0000000000
51575  -17.123  -13.637  36.707 0.0000000000
51655  -34.085  -12.886  33.058 0.0000000000
51678  -34.467  -12.846  32.781 0.0000000000
52680  -24.260  -13.829  36.687 0.0000000000
52688  -33.619  -11.915  34.351 0.0000000000
52741  -34.457  -12.715  33.131 0.0000000000
52762  -35.341  -12.375  32.503 0.0000000000
53745  -30.844  -11.839  34.738 0.0000000000
53782  -33.973  -11.719  34.291 0.0000000000
53783  -34.541  -11.652  34.134 0.0000000000
54832  -22.842  -10.713  37.689 0.0000000000
54885  -35.316  -10.988  34.153 0.0000000000
54886  -35.866  -10.699  33.886 0.0000000000
54887  -36.361  -10.393  33.609 0.0000000000
54937  -38.122  -10.178  32.198 0.0000000000
55910  -23.841  -10.247  37.696 0.0000000000
55943  -35.446  -10.301  34.329 0.0000000000
55981  -36.734  -10.067  33.519 0.0000000000
55982  -37.254  -9.854  33.326 0.0000000000
57010  -34.879  -9.828  34.372 0.0000000000
57011  -35.409  -9.887  34.329 0.0000000000
57067  -38.000  -9.443  32.732 0.0000000000
57082  -33.629  -9.878  32.210 0.0000000000
57152  -42.044  -8.355  27.919 0.0000000000
57171  -41.866  -8.363  27.738 0.0000000000
58128  -35.502  -9.588  34.332 0.0000000000
58143  -35.533  -9.153  34.141 0.0000000000
58246  -42.049  -7.864  28.494 0.0000000000
58267  -40.992  -8.530  28.790 0.0000000000
58268  -41.798  -8.248  28.150 0.0000000000
58269  -41.994  -7.981  28.151 0.0000000000
58286  -41.969  -7.857  27.705 0.0000000000
58287  -42.095  -7.840  27.959 0.0000000000
59253  -18.043  -8.456  37.191 0.0000000000
59282  -36.549  -8.680  33.876 0.0000000000
59395  -42.013  -7.609  28.592 0.0000000000
59396  -42.086  -7.696  28.415 0.0000000000
59412  -42.015  -7.111  28.189 0.0000000000
59414  -42.074  -7.806  28.235 0.0000000000
59427  -42.152  -7.641  28.089 0.0000000000
59481  -48.393  -6.158  23.069 0.0000000000
59482  -48.489  -6.162  23.024 0.0000000000
59501  -48.494  -6.444  23.246 0.0000000000
59502  -48.835  -6.305  23.270 0.0000000000
59523  -49.049  -6.618  22.766 0.0000000000
59524  -48.984  -6.463  22.435 0.0000000000
60461  -36.827  -7.668  32.760 0.0000000000
60519  -41.681  -5.742  29.706 0.0000000000
60599  -46.777  -5.607  23.096 0.0000000000
60622  -48.101  -6.080  23.005 0.0000000000
60623  -48.321  -6.040  22.986 0.0000000000
60643  -47.904  -6.393  22.496 0.0000000000
60644  -48.999  -6.147  22.926 0.0000000000
60667  -48.885  -6.479  21.929 0.0000000000
60668  -48.952  -6.281  21.967 0.0000000000
61673  -41.767  -5.744  29.304 0.0000000000
61704  -41.594  -4.918  28.811 0.0000000000
61743  -46.938  -5.222  23.093 0.0000000000
61765  -46.973  -5.478  23.036 0.0000000000
61766  -47.187  -5.586  22.958 0.0000000000
61767  -47.870  -5.683  23.046 0.0000000000
61788  -47.965  -6.018  22.482 0.0000000000
61814  -48.049  -6.382  21.923 0.0000000000
61815  -48.411  -6.433  21.868 0.0000000000
62847  -39.496  -4.881  31.932 0.0000000000
62901  -40.997  -3.890  28.504 0.0000000000
62902  -41.168  -3.967  28.708 0.0000000000
62903  -41.514  -4.196  29.070 0.0000000000
62976  -47.350  -5.632  22.813 0.0000000000
62995  -47.244  -5.433  22.653 0.0000000000
62996  -47.755  -6.002  22.844 0.0000000000
64035  -41.277  -2.948  28.909 0.0000000000
64036  -41.483  -2.750  28.949 0.0000000000
64037  -41.576  -3.832  29.497 0.0000000000
64131  -46.249  -3.855  23.298 0.0000000000
64148  -46.904  -4.742  22.835 0.0000000000
65185  -41.860  -2.832  28.634 0.0000000000
65202  -41.555  -3.302  29.357 0.0000000000
65293  -45.950  -2.850  22.675 0.0000000000
65361  -48.062  -3.174  16.798 0.0000000000
66316  -40.805  -2.414  30.350 0.0000000000
67439  -40.596  -1.735  30.080 0.0000000000
67449  -39.926  -0.965  29.385 0.0000000000
67510  -45.211  -1.351  24.553 0.0000000000
67516  -45.098  -0.840  24.140 0.0000000000
67686  -52.903  0.401  12.076 0.0000000000
68520  -40.287  -0.059  28.920 0.0000000000
68543  -38.152  -0.465  27.240 0.0000000000
68719  -50.294  0.467  14.770 0.0000000000
68721  -52.768  1.281  13.575 0.0000000000
69624  -43.436  0.967  25.867 0.0000000000
69638  -42.891  1.215  25.518 0.0000000000
69738  -51.845  0.862  14.772 0.0000000000
70619  -41.252  1.349  27.363 0.0000000000
70635  -42.743  1.280  26.329 0.0000000000
70643  -41.483  1.698  26.539 0.0000000000
70800  -54.403  2.738  10.959 0.0000000000
71841  -52.098  2.333  11.915 0.0000000000
72912  -54.322  3.828  10.601 0.0000000000
