#!ascii label  , from subject 201818 vox2ras=TkReg
1065
98680  -46.348  34.350  -8.630 0.0000000000
108693  -37.992  49.570  -19.122 0.0000000000
101355  -40.998  38.294  -12.501 0.0000000000
100796  -47.288  37.187  -21.350 0.0000000000
109847  -43.731  51.313  -17.798 0.0000000000
104891  -45.121  44.047  -16.452 0.0000000000
105587  -45.930  44.244  -20.705 0.0000000000
100786  -42.541  37.306  -20.174 0.0000000000
97300  -43.835  32.145  -4.658 0.0000000000
99368  -46.480  35.629  -7.196 0.0000000000
113350  -34.018  58.228  -21.043 0.0000000000
112805  -38.952  56.369  -22.798 0.0000000000
111042  -43.852  53.569  -23.470 0.0000000000
100713  -48.074  38.080  -12.851 0.0000000000
105528  -39.060  44.042  -14.180 0.0000000000
100765  -44.574  37.340  -17.681 0.0000000000
98034  -47.495  33.607  -15.704 0.0000000000
98784  -43.051  34.892  -19.812 0.0000000000
98793  -37.123  33.789  -20.557 0.0000000000
97985  -45.248  33.662  -9.997 0.0000000000
109877  -45.907  50.893  -18.619 0.0000000000
107982  -46.486  48.241  -17.222 0.0000000000
107415  -45.741  47.171  -18.973 0.0000000000
104935  -43.546  43.819  -20.855 0.0000000000
98658  -44.905  34.451  -6.425 0.0000000000
98675  -43.558  35.120  -8.360 0.0000000000
113332  -31.722  57.452  -19.156 0.0000000000
110430  -41.236  53.431  -21.583 0.0000000000
103559  -46.358  42.320  -11.351 0.0000000000
100710  -45.058  37.960  -12.742 0.0000000000
108021  -35.184  48.711  -19.010 0.0000000000
106176  -38.580  45.725  -17.138 0.0000000000
103620  -46.786  41.561  -18.762 0.0000000000
102915  -44.560  41.078  -18.293 0.0000000000
100781  -47.091  37.289  -19.657 0.0000000000
99454  -47.232  35.047  -16.978 0.0000000000
98804  -48.507  34.628  -20.026 0.0000000000
98762  -46.133  34.330  -18.047 0.0000000000
98832  -45.363  34.965  -21.749 0.0000000000
99477  -38.977  35.021  -20.798 0.0000000000
108697  -41.482  49.883  -18.099 0.0000000000
106790  -41.055  46.855  -17.510 0.0000000000
107377  -44.761  47.566  -16.375 0.0000000000
105554  -46.351  44.623  -17.938 0.0000000000
103659  -46.157  41.611  -20.866 0.0000000000
100793  -44.754  37.241  -21.384 0.0000000000
102957  -44.100  40.677  -21.013 0.0000000000
102935  -41.157  40.155  -19.920 0.0000000000
97938  -46.281  32.951  -3.698 0.0000000000
98651  -46.749  34.559  -5.543 0.0000000000
99370  -48.221  35.783  -7.636 0.0000000000
110394  -30.566  52.464  -18.905 0.0000000000
110414  -33.078  53.066  -20.217 0.0000000000
110417  -35.780  52.629  -20.679 0.0000000000
110420  -38.718  52.866  -20.546 0.0000000000
110972  -41.168  53.498  -20.032 0.0000000000
110975  -43.698  53.621  -20.171 0.0000000000
109891  -45.167  51.982  -21.561 0.0000000000
110466  -44.793  52.367  -24.120 0.0000000000
100702  -45.649  38.311  -10.179 0.0000000000
101328  -47.939  38.141  -9.768 0.0000000000
99393  -48.185  36.183  -10.914 0.0000000000
102880  -39.125  40.546  -14.993 0.0000000000
104885  -42.197  43.898  -15.860 0.0000000000
102904  -42.297  40.653  -17.264 0.0000000000
100747  -43.083  37.112  -15.414 0.0000000000
99418  -46.356  35.928  -14.821 0.0000000000
98709  -48.998  35.122  -14.082 0.0000000000
97992  -47.384  34.013  -12.142 0.0000000000
98019  -45.974  33.319  -13.822 0.0000000000
98730  -43.578  34.705  -15.865 0.0000000000
98757  -40.526  34.717  -17.477 0.0000000000
99501  -41.197  34.678  -22.163 0.0000000000
98781  -39.445  34.016  -20.322 0.0000000000
98064  -38.170  33.320  -17.604 0.0000000000
97978  -46.594  34.459  -7.343 0.0000000000
97981  -45.544  33.854  -8.765 0.0000000000
97982  -46.048  34.126  -9.355 0.0000000000
109341  -45.975  50.263  -18.704 0.0000000000
108700  -46.302  49.230  -18.346 0.0000000000
108698  -45.528  49.363  -18.815 0.0000000000
107414  -44.702  47.797  -18.798 0.0000000000
100708  -43.044  37.831  -13.032 0.0000000000
108023  -36.709  49.187  -19.168 0.0000000000
102189  -47.100  39.466  -20.218 0.0000000000
102181  -46.905  39.426  -19.533 0.0000000000
100782  -47.511  37.289  -20.158 0.0000000000
100133  -47.618  36.036  -19.527 0.0000000000
100153  -48.110  35.552  -20.876 0.0000000000
98817  -46.691  34.778  -21.166 0.0000000000
100161  -46.691  36.248  -21.770 0.0000000000
109310  -42.789  50.580  -17.870 0.0000000000
107991  -42.427  48.681  -17.695 0.0000000000
108681  -44.262  49.478  -17.148 0.0000000000
106799  -46.520  46.388  -18.924 0.0000000000
106780  -46.312  46.542  -17.246 0.0000000000
105569  -46.388  44.240  -19.642 0.0000000000
104292  -46.422  42.336  -20.014 0.0000000000
104948  -46.078  43.101  -20.609 0.0000000000
103657  -45.055  41.476  -21.331 0.0000000000
104299  -44.475  42.370  -21.429 0.0000000000
104291  -42.107  41.981  -20.898 0.0000000000
99358  -45.467  35.026  -6.674 0.0000000000
98650  -46.082  34.557  -5.409 0.0000000000
99359  -46.323  35.274  -6.433 0.0000000000
99360  -46.905  34.806  -6.772 0.0000000000
99369  -47.651  35.888  -6.895 0.0000000000
113349  -32.792  57.955  -20.495 0.0000000000
112195  -31.688  55.134  -20.395 0.0000000000
112197  -33.273  55.116  -20.973 0.0000000000
110986  -34.199  53.519  -20.673 0.0000000000
112790  -34.891  56.899  -21.290 0.0000000000
113913  -37.938  58.169  -23.100 0.0000000000
112793  -37.752  56.828  -21.716 0.0000000000
112212  -39.327  55.513  -21.408 0.0000000000
110422  -40.252  52.965  -20.119 0.0000000000
111595  -40.459  54.521  -21.036 0.0000000000
111030  -42.810  53.381  -22.080 0.0000000000
111012  -42.639  53.749  -21.165 0.0000000000
111013  -43.470  53.801  -21.521 0.0000000000
110423  -44.539  53.093  -20.777 0.0000000000
111015  -44.711  53.066  -22.005 0.0000000000
110432  -45.089  52.449  -22.240 0.0000000000
111043  -44.517  53.154  -23.792 0.0000000000
102831  -44.370  41.410  -8.632 0.0000000000
102054  -42.964  39.576  -8.798 0.0000000000
102068  -44.426  40.479  -9.834 0.0000000000
101325  -44.427  38.844  -10.183 0.0000000000
102848  -45.514  40.906  -10.330 0.0000000000
102109  -47.068  39.923  -12.262 0.0000000000
103552  -48.351  41.497  -11.177 0.0000000000
101348  -48.528  38.970  -11.099 0.0000000000
100053  -48.359  36.907  -10.234 0.0000000000
100706  -48.521  37.876  -11.693 0.0000000000
105518  -37.748  43.763  -13.588 0.0000000000
104232  -37.752  41.814  -14.071 0.0000000000
104234  -38.805  42.416  -14.726 0.0000000000
106155  -43.818  45.519  -15.539 0.0000000000
106153  -42.296  45.292  -15.462 0.0000000000
105549  -43.741  44.208  -15.941 0.0000000000
101415  -44.677  38.727  -18.285 0.0000000000
102914  -43.862  40.762  -18.077 0.0000000000
101408  -43.930  38.577  -17.827 0.0000000000
101397  -42.081  38.707  -16.436 0.0000000000
100756  -43.470  37.454  -16.533 0.0000000000
100094  -44.244  36.554  -15.540 0.0000000000
100105  -45.310  35.982  -16.384 0.0000000000
98048  -47.795  34.797  -17.104 0.0000000000
98733  -48.395  34.908  -15.659 0.0000000000
98022  -49.122  34.096  -15.038 0.0000000000
98696  -48.695  34.745  -13.050 0.0000000000
98021  -48.409  33.546  -14.715 0.0000000000
98004  -46.906  33.441  -12.847 0.0000000000
98033  -46.321  33.636  -15.104 0.0000000000
98772  -44.657  34.733  -18.678 0.0000000000
98744  -44.943  34.621  -16.962 0.0000000000
98759  -43.107  35.071  -17.644 0.0000000000
98741  -41.514  34.884  -16.405 0.0000000000
98758  -41.880  35.092  -17.611 0.0000000000
100787  -43.719  37.272  -20.769 0.0000000000
99493  -43.642  35.401  -21.936 0.0000000000
99480  -41.407  35.672  -21.074 0.0000000000
99476  -38.405  34.668  -20.598 0.0000000000
98794  -38.364  33.861  -21.319 0.0000000000
98780  -38.410  33.927  -19.977 0.0000000000
98767  -38.495  33.950  -18.348 0.0000000000
98078  -37.905  33.575  -19.705 0.0000000000
97402  -37.347  32.659  -19.552 0.0000000000
97316  -46.859  33.048  -4.823 0.0000000000
97989  -44.077  32.809  -10.846 0.0000000000
109849  -45.237  50.992  -17.394 0.0000000000
108683  -45.793  49.625  -17.054 0.0000000000
109314  -45.964  49.970  -17.525 0.0000000000
107406  -46.332  47.533  -18.510 0.0000000000
106807  -45.969  46.397  -19.470 0.0000000000
104936  -44.339  43.797  -21.023 0.0000000000
106186  -44.402  45.774  -19.513 0.0000000000
97953  -44.591  33.211  -5.082 0.0000000000
98657  -43.565  33.914  -6.828 0.0000000000
99377  -45.531  35.886  -8.337 0.0000000000
114380  -33.014  60.052  -19.520 0.0000000000
111619  -40.070  54.614  -21.802 0.0000000000
110477  -42.756  52.889  -23.845 0.0000000000
111063  -43.505  53.326  -24.863 0.0000000000
104206  -45.648  43.440  -10.339 0.0000000000
102107  -44.964  39.872  -12.004 0.0000000000
100711  -46.123  38.042  -12.719 0.0000000000
105547  -39.068  44.606  -15.282 0.0000000000
104262  -45.955  42.682  -17.580 0.0000000000
104261  -44.930  42.625  -17.469 0.0000000000
103619  -46.089  41.217  -18.560 0.0000000000
102171  -46.040  39.478  -18.869 0.0000000000
100773  -45.640  37.275  -18.546 0.0000000000
100122  -45.876  36.175  -18.184 0.0000000000
100124  -47.146  35.823  -18.940 0.0000000000
99472  -47.622  35.320  -18.492 0.0000000000
98047  -47.280  34.899  -17.186 0.0000000000
98057  -46.748  34.060  -17.160 0.0000000000
98788  -47.344  34.110  -19.331 0.0000000000
99482  -45.652  34.680  -20.011 0.0000000000
98799  -43.817  34.716  -20.733 0.0000000000
100138  -40.561  36.009  -20.377 0.0000000000
101353  -39.101  38.511  -12.336 0.0000000000
108695  -39.628  49.849  -18.791 0.0000000000
107402  -39.677  48.122  -18.270 0.0000000000
107990  -41.200  48.823  -17.925 0.0000000000
107375  -43.299  47.279  -16.862 0.0000000000
106169  -44.376  45.834  -15.840 0.0000000000
107980  -45.429  48.333  -16.527 0.0000000000
106171  -45.779  45.683  -16.947 0.0000000000
104902  -46.305  43.705  -17.363 0.0000000000
104272  -46.842  42.707  -18.481 0.0000000000
103648  -46.812  40.945  -20.310 0.0000000000
102195  -46.429  39.496  -21.432 0.0000000000
100794  -45.864  37.134  -21.999 0.0000000000
102194  -45.620  39.431  -21.500 0.0000000000
102193  -44.822  39.344  -21.237 0.0000000000
101428  -43.127  38.369  -20.210 0.0000000000
104298  -43.528  42.378  -21.260 0.0000000000
102944  -42.635  40.341  -20.564 0.0000000000
97954  -45.640  33.958  -4.941 0.0000000000
98643  -46.435  34.183  -4.677 0.0000000000
97955  -47.245  34.067  -4.880 0.0000000000
98660  -47.132  34.675  -6.078 0.0000000000
98669  -47.246  34.962  -6.860 0.0000000000
98677  -46.967  34.853  -7.898 0.0000000000
109318  -31.335  50.283  -18.406 0.0000000000
110403  -31.519  52.441  -19.446 0.0000000000
109329  -32.604  50.472  -19.042 0.0000000000
109331  -34.195  50.465  -19.533 0.0000000000
109345  -35.590  50.981  -20.026 0.0000000000
109870  -36.806  51.273  -20.071 0.0000000000
113890  -35.164  59.238  -21.210 0.0000000000
112209  -36.490  56.016  -21.444 0.0000000000
110989  -37.253  53.543  -21.008 0.0000000000
109872  -38.672  51.466  -19.858 0.0000000000
109873  -39.598  51.884  -19.758 0.0000000000
109875  -40.961  52.269  -19.388 0.0000000000
110396  -42.272  52.398  -19.056 0.0000000000
111596  -41.082  54.346  -20.963 0.0000000000
110974  -42.942  53.829  -19.961 0.0000000000
110398  -44.076  52.635  -18.816 0.0000000000
110399  -44.976  52.151  -18.972 0.0000000000
110412  -45.358  52.165  -19.794 0.0000000000
109887  -45.038  51.585  -20.950 0.0000000000
109898  -45.058  51.736  -22.731 0.0000000000
111065  -44.211  52.799  -25.047 0.0000000000
99385  -44.395  36.237  -9.168 0.0000000000
100041  -46.111  36.418  -8.772 0.0000000000
103550  -47.319  41.901  -10.427 0.0000000000
101326  -46.993  38.140  -9.937 0.0000000000
100051  -47.385  36.999  -8.876 0.0000000000
100044  -48.356  36.675  -8.551 0.0000000000
99380  -48.351  35.802  -8.525 0.0000000000
98685  -47.762  35.271  -10.049 0.0000000000
101377  -40.242  38.609  -14.328 0.0000000000
106178  -40.584  46.184  -17.175 0.0000000000
106151  -40.335  44.992  -15.417 0.0000000000
104883  -40.535  43.665  -15.318 0.0000000000
104260  -43.710  42.746  -17.220 0.0000000000
104247  -41.287  42.638  -16.435 0.0000000000
104237  -40.353  42.593  -15.799 0.0000000000
102890  -40.245  40.628  -16.056 0.0000000000
101387  -41.203  38.686  -15.510 0.0000000000
100719  -41.912  37.804  -14.240 0.0000000000
100721  -43.616  37.330  -13.576 0.0000000000
100067  -45.137  36.701  -13.903 0.0000000000
100069  -47.087  36.680  -13.706 0.0000000000
99441  -47.244  35.064  -16.254 0.0000000000
99420  -48.007  35.371  -14.765 0.0000000000
100059  -48.924  36.440  -13.287 0.0000000000
99398  -48.474  35.812  -12.041 0.0000000000
99396  -47.552  35.242  -11.296 0.0000000000
98684  -47.051  34.814  -10.330 0.0000000000
97991  -46.544  33.928  -11.519 0.0000000000
98003  -45.674  33.238  -12.498 0.0000000000
98018  -44.652  33.334  -13.435 0.0000000000
98045  -45.586  33.972  -15.736 0.0000000000
98032  -44.821  33.954  -14.784 0.0000000000
98031  -43.569  33.759  -14.098 0.0000000000
98716  -42.366  34.231  -14.429 0.0000000000
98728  -41.265  34.562  -15.184 0.0000000000
100159  -44.950  35.810  -22.250 0.0000000000
98830  -43.257  34.246  -22.608 0.0000000000
98812  -41.660  33.819  -21.843 0.0000000000
99489  -40.108  34.796  -21.659 0.0000000000
98085  -39.837  33.482  -21.928 0.0000000000
98782  -40.510  34.373  -20.100 0.0000000000
98768  -39.538  34.467  -18.899 0.0000000000
98756  -39.097  34.095  -17.173 0.0000000000
98676  -46.266  34.239  -8.037 0.0000000000
97977  -45.752  33.808  -7.556 0.0000000000
109340  -45.324  50.561  -19.380 0.0000000000
108715  -45.676  49.799  -18.838 0.0000000000
108714  -44.933  49.678  -18.927 0.0000000000
101356  -42.263  38.371  -12.380 0.0000000000
108024  -37.395  49.498  -19.187 0.0000000000
108007  -37.780  48.771  -18.826 0.0000000000
101430  -47.313  38.399  -20.579 0.0000000000
100789  -47.489  37.263  -20.841 0.0000000000
100142  -47.870  36.295  -20.370 0.0000000000
100162  -47.093  36.045  -21.526 0.0000000000
100151  -47.032  36.485  -21.606 0.0000000000
109846  -42.987  51.402  -17.995 0.0000000000
108680  -43.178  49.604  -17.660 0.0000000000
109311  -43.930  50.492  -17.465 0.0000000000
106188  -46.375  45.481  -19.605 0.0000000000
106181  -46.422  45.543  -18.524 0.0000000000
106205  -46.349  44.628  -20.309 0.0000000000
105588  -46.207  43.891  -20.292 0.0000000000
105596  -46.074  43.780  -20.690 0.0000000000
104947  -45.630  43.113  -21.272 0.0000000000
105594  -45.383  43.650  -21.268 0.0000000000
96699  -44.048  31.611  -4.241 0.0000000000
99367  -45.323  35.337  -7.447 0.0000000000
112781  -33.312  57.447  -20.962 0.0000000000
112780  -32.776  56.640  -20.889 0.0000000000
112789  -33.840  56.864  -21.163 0.0000000000
112207  -34.433  55.946  -21.167 0.0000000000
113361  -34.496  57.554  -21.230 0.0000000000
112235  -38.343  55.982  -23.073 0.0000000000
112814  -37.167  57.042  -23.137 0.0000000000
113378  -38.684  57.162  -22.736 0.0000000000
113366  -38.610  57.213  -22.256 0.0000000000
112795  -39.313  56.177  -21.998 0.0000000000
112201  -39.888  55.119  -21.190 0.0000000000
112796  -39.767  55.814  -21.891 0.0000000000
111041  -43.193  53.342  -23.146 0.0000000000
111031  -43.663  53.585  -22.471 0.0000000000
111014  -44.185  53.586  -21.823 0.0000000000
111032  -44.340  53.430  -22.757 0.0000000000
111033  -44.832  52.905  -22.921 0.0000000000
103533  -44.775  42.159  -8.802 0.0000000000
102838  -44.255  40.834  -9.383 0.0000000000
102839  -44.837  41.363  -9.687 0.0000000000
102082  -45.003  40.179  -10.199 0.0000000000
101361  -47.621  39.051  -12.440 0.0000000000
102110  -47.891  40.083  -12.210 0.0000000000
101362  -48.454  39.084  -12.150 0.0000000000
100714  -48.632  37.600  -12.669 0.0000000000
105536  -38.668  44.504  -14.736 0.0000000000
105527  -38.019  44.159  -13.980 0.0000000000
104879  -38.505  43.282  -14.060 0.0000000000
104880  -39.203  43.296  -14.587 0.0000000000
105550  -44.623  44.775  -15.821 0.0000000000
105541  -43.763  44.891  -15.518 0.0000000000
104890  -44.291  43.863  -16.354 0.0000000000
100772  -45.016  37.947  -18.376 0.0000000000
102159  -44.141  39.343  -18.144 0.0000000000
100764  -43.648  37.891  -17.475 0.0000000000
100757  -44.294  36.951  -16.861 0.0000000000
100113  -44.770  36.491  -16.950 0.0000000000
98035  -48.379  34.028  -16.084 0.0000000000
98020  -47.280  33.484  -14.210 0.0000000000
98771  -43.580  35.005  -18.701 0.0000000000
98770  -42.400  35.057  -18.761 0.0000000000
100141  -42.954  36.531  -20.839 0.0000000000
100140  -42.159  36.172  -20.716 0.0000000000
98779  -37.527  34.404  -20.090 0.0000000000
98077  -37.983  33.440  -20.441 0.0000000000
97409  -37.536  32.722  -20.604 0.0000000000
98083  -37.431  33.247  -21.119 0.0000000000
97326  -46.344  33.088  -5.361 0.0000000000
97984  -44.506  33.283  -9.444 0.0000000000
97990  -45.345  33.446  -11.228 0.0000000000
109861  -45.511  51.268  -18.180 0.0000000000
109325  -45.865  50.495  -17.842 0.0000000000
109862  -45.948  50.610  -18.275 0.0000000000
108012  -46.120  48.546  -18.623 0.0000000000
108013  -46.415  48.439  -18.386 0.0000000000
107416  -46.269  46.777  -19.106 0.0000000000
106187  -45.457  45.744  -19.821 0.0000000000
106806  -45.082  46.559  -19.202 0.0000000000
106805  -43.924  46.667  -19.166 0.0000000000
97963  -43.254  33.127  -6.026 0.0000000000
98668  -44.729  34.959  -7.161 0.0000000000
99366  -44.299  35.132  -7.820 0.0000000000
114379  -32.406  59.854  -19.034 0.0000000000
110476  -42.103  52.383  -23.548 0.0000000000
110489  -42.231  52.432  -24.461 0.0000000000
109945  -41.554  52.109  -24.995 0.0000000000
101358  -44.492  38.744  -12.361 0.0000000000
101359  -45.558  38.872  -12.339 0.0000000000
108004  -34.682  48.416  -18.706 0.0000000000
103608  -46.813  42.241  -18.197 0.0000000000
103607  -46.406  41.980  -18.065 0.0000000000
102927  -46.833  40.435  -19.198 0.0000000000
101423  -46.768  38.323  -19.437 0.0000000000
102180  -46.507  39.097  -19.217 0.0000000000
101417  -46.099  38.335  -19.109 0.0000000000
100774  -46.558  37.309  -19.126 0.0000000000
100123  -46.587  36.171  -18.695 0.0000000000
100132  -46.997  36.489  -19.256 0.0000000000
100134  -48.273  35.554  -19.884 0.0000000000
121309  -48.216  34.779  -18.844 0.0000000000
121302  -47.824  34.795  -17.620 0.0000000000
121306  -48.152  34.148  -19.188 0.0000000000
121300  -47.508  34.217  -18.471 0.0000000000
98833  -46.015  34.957  -21.476 0.0000000000
98801  -46.080  34.683  -20.433 0.0000000000
98816  -45.651  34.829  -21.145 0.0000000000
98800  -45.078  34.821  -20.364 0.0000000000
98815  -44.616  34.725  -21.426 0.0000000000
108696  -40.805  49.666  -18.311 0.0000000000
108010  -40.575  48.999  -18.133 0.0000000000
107392  -43.747  48.228  -17.020 0.0000000000
107391  -42.915  47.612  -17.161 0.0000000000
107376  -43.805  47.518  -16.741 0.0000000000
106777  -44.110  46.732  -16.241 0.0000000000
106778  -44.998  46.656  -16.225 0.0000000000
108670  -46.333  48.664  -16.987 0.0000000000
108668  -45.324  49.137  -16.672 0.0000000000
107981  -46.103  48.199  -16.716 0.0000000000
106179  -46.263  45.614  -17.647 0.0000000000
105552  -46.041  44.752  -17.133 0.0000000000
104912  -46.657  43.645  -18.190 0.0000000000
104302  -46.105  42.129  -20.531 0.0000000000
103647  -46.567  41.293  -20.393 0.0000000000
102961  -46.864  40.295  -20.877 0.0000000000
102960  -46.561  40.690  -21.054 0.0000000000
102959  -45.761  40.542  -21.398 0.0000000000
102958  -44.863  40.443  -21.196 0.0000000000
102946  -44.300  40.032  -21.019 0.0000000000
101429  -43.906  38.433  -20.670 0.0000000000
105585  -44.126  44.367  -20.483 0.0000000000
104945  -43.962  43.174  -21.304 0.0000000000
104944  -43.050  43.165  -21.154 0.0000000000
103644  -42.004  41.340  -20.792 0.0000000000
103654  -42.520  41.715  -20.894 0.0000000000
97964  -44.291  33.749  -5.984 0.0000000000
98649  -45.082  34.069  -5.512 0.0000000000
99352  -46.520  35.012  -5.769 0.0000000000
98644  -46.900  34.527  -4.823 0.0000000000
97946  -47.238  34.004  -4.153 0.0000000000
98670  -47.729  35.376  -7.376 0.0000000000
109852  -29.597  52.055  -17.686 0.0000000000
109306  -29.599  50.516  -17.125 0.0000000000
109853  -30.068  51.507  -18.025 0.0000000000
109308  -30.725  50.059  -17.938 0.0000000000
109854  -31.163  51.349  -18.705 0.0000000000
112773  -31.053  56.278  -19.374 0.0000000000
110984  -32.529  53.522  -20.315 0.0000000000
110983  -31.813  53.798  -20.137 0.0000000000
110970  -31.933  53.129  -19.973 0.0000000000
109866  -32.241  51.259  -19.217 0.0000000000
110404  -32.769  52.498  -19.825 0.0000000000
109330  -33.236  50.412  -19.254 0.0000000000
110405  -33.440  52.172  -19.970 0.0000000000
110987  -35.261  53.641  -20.849 0.0000000000
110416  -34.751  52.670  -20.453 0.0000000000
109346  -36.054  51.242  -20.184 0.0000000000
109883  -36.338  51.905  -20.362 0.0000000000
112791  -35.900  57.001  -21.435 0.0000000000
113363  -36.394  58.000  -21.476 0.0000000000
111009  -38.338  54.601  -21.287 0.0000000000
111008  -37.614  54.418  -21.270 0.0000000000
110990  -38.307  53.733  -21.039 0.0000000000
110419  -37.773  52.757  -20.766 0.0000000000
109886  -38.980  52.198  -20.157 0.0000000000
110971  -40.803  53.364  -20.123 0.0000000000
110407  -40.748  52.882  -19.923 0.0000000000
110408  -41.614  52.840  -19.503 0.0000000000
109857  -41.448  51.772  -18.913 0.0000000000
111010  -40.875  53.964  -21.437 0.0000000000
111607  -40.382  54.460  -21.358 0.0000000000
111011  -41.493  54.021  -21.130 0.0000000000
110995  -43.246  54.010  -20.694 0.0000000000
110994  -42.320  54.062  -20.566 0.0000000000
110410  -43.536  53.249  -19.466 0.0000000000
110411  -44.521  53.004  -19.947 0.0000000000
110424  -45.085  52.655  -21.016 0.0000000000
109888  -45.614  51.829  -20.524 0.0000000000
110448  -45.056  52.316  -23.223 0.0000000000
109914  -44.918  51.723  -23.780 0.0000000000
109373  -44.731  51.245  -23.649 0.0000000000
111064  -43.932  53.077  -25.033 0.0000000000
100047  -43.513  36.939  -9.534 0.0000000000
100701  -44.975  38.701  -10.228 0.0000000000
100048  -44.460  37.010  -9.621 0.0000000000
100049  -45.469  36.998  -9.504 0.0000000000
99386  -45.187  36.433  -9.135 0.0000000000
100696  -45.914  37.577  -9.887 0.0000000000
104216  -45.954  43.138  -10.809 0.0000000000
104845  -46.615  43.422  -10.149 0.0000000000
104217  -46.860  42.857  -10.942 0.0000000000
102086  -48.442  39.967  -10.667 0.0000000000
102085  -47.864  39.943  -10.305 0.0000000000
101327  -47.380  38.155  -9.807 0.0000000000
100698  -47.888  37.455  -9.141 0.0000000000
100043  -47.801  36.625  -8.239 0.0000000000
100690  -48.367  37.182  -8.983 0.0000000000
99381  -48.499  36.195  -9.098 0.0000000000
99388  -48.393  36.194  -9.899 0.0000000000
99387  -48.254  35.658  -9.520 0.0000000000
99392  -47.970  35.604  -10.542 0.0000000000
102879  -38.496  40.449  -14.488 0.0000000000
102116  -38.942  39.085  -13.958 0.0000000000
107389  -40.516  47.690  -17.957 0.0000000000
106789  -40.052  46.719  -17.670 0.0000000000
106774  -41.378  46.259  -16.857 0.0000000000
105539  -41.883  44.484  -15.355 0.0000000000
106152  -41.324  45.199  -15.445 0.0000000000
104884  -41.398  43.666  -15.700 0.0000000000
103606  -45.370  41.641  -18.147 0.0000000000
103605  -44.298  41.768  -17.851 0.0000000000
102913  -43.033  40.670  -17.716 0.0000000000
103594  -42.682  41.582  -17.371 0.0000000000
103593  -41.879  41.628  -16.969 0.0000000000
103592  -41.120  41.529  -16.565 0.0000000000
103582  -40.491  41.514  -16.208 0.0000000000
102902  -40.887  40.651  -16.426 0.0000000000
100755  -42.551  37.967  -16.481 0.0000000000
101396  -41.462  38.953  -16.071 0.0000000000
100745  -41.670  38.139  -15.652 0.0000000000
100735  -41.736  37.958  -15.143 0.0000000000
100736  -42.436  37.427  -14.836 0.0000000000
100720  -42.723  37.465  -13.889 0.0000000000
100737  -43.243  37.013  -14.435 0.0000000000
100095  -45.131  36.058  -15.468 0.0000000000
100082  -44.696  36.493  -14.757 0.0000000000
100083  -45.742  36.118  -14.559 0.0000000000
100068  -46.147  36.647  -13.743 0.0000000000
100084  -46.660  36.187  -14.291 0.0000000000
100115  -46.718  35.383  -17.791 0.0000000000
121303  -46.574  35.289  -16.986 0.0000000000
98719  -48.838  34.834  -14.885 0.0000000000
98720  -48.694  35.316  -14.368 0.0000000000
100086  -48.034  36.060  -14.069 0.0000000000
100060  -49.030  35.884  -13.623 0.0000000000
98697  -48.920  35.085  -13.542 0.0000000000
98005  -48.163  33.777  -13.105 0.0000000000
98695  -48.388  34.429  -12.527 0.0000000000
98688  -47.923  34.587  -11.962 0.0000000000
98687  -47.268  34.662  -11.350 0.0000000000
98745  -46.023  34.170  -17.238 0.0000000000
98046  -46.490  33.925  -16.389 0.0000000000
98743  -43.866  34.911  -16.749 0.0000000000
98731  -44.657  34.444  -15.963 0.0000000000
98718  -44.145  34.434  -15.369 0.0000000000
98717  -43.494  34.347  -14.996 0.0000000000
98030  -42.697  33.667  -13.719 0.0000000000
98740  -40.277  34.495  -16.119 0.0000000000
98727  -40.157  33.874  -15.006 0.0000000000
100150  -45.179  36.441  -21.942 0.0000000000
99502  -42.118  34.789  -22.371 0.0000000000
99503  -43.073  34.779  -22.346 0.0000000000
98829  -42.303  34.248  -22.799 0.0000000000
98110  -42.406  33.805  -22.673 0.0000000000
98109  -41.495  33.818  -22.596 0.0000000000
99478  -39.844  35.396  -20.790 0.0000000000
98795  -39.092  33.526  -21.153 0.0000000000
98809  -38.824  34.032  -21.944 0.0000000000
98796  -40.113  33.833  -21.158 0.0000000000
98755  -38.524  33.823  -17.677 0.0000000000
98065  -38.616  33.635  -16.819 0.0000000000
97974  -46.574  34.204  -6.609 0.0000000000
97973  -45.568  33.299  -6.564 0.0000000000
97976  -44.892  33.235  -7.317 0.0000000000
108699  -45.890  49.231  -18.660 0.0000000000
107405  -45.660  47.996  -18.703 0.0000000000
107404  -45.281  48.181  -18.665 0.0000000000
101357  -43.469  38.552  -12.399 0.0000000000
100709  -44.028  37.864  -12.830 0.0000000000
108022  -35.778  48.908  -19.133 0.0000000000
108006  -36.585  48.385  -18.798 0.0000000000
106798  -38.277  46.870  -18.070 0.0000000000
102936  -47.002  40.314  -19.790 0.0000000000
101424  -47.198  38.389  -19.920 0.0000000000
99496  -48.307  35.048  -20.818 0.0000000000
98818  -47.803  34.516  -20.733 0.0000000000
99495  -47.370  35.011  -21.537 0.0000000000
99494  -46.829  34.866  -21.601 0.0000000000
99506  -46.345  35.249  -21.796 0.0000000000
109323  -41.797  50.606  -18.275 0.0000000000
107992  -43.443  48.712  -17.345 0.0000000000
107979  -44.539  48.551  -16.756 0.0000000000
107393  -46.498  47.457  -17.637 0.0000000000
106793  -46.532  46.521  -18.085 0.0000000000
105560  -46.517  44.520  -18.821 0.0000000000
104923  -46.522  43.482  -18.990 0.0000000000
104937  -46.363  43.279  -19.787 0.0000000000
104301  -45.800  42.329  -20.975 0.0000000000
103658  -45.778  41.528  -21.215 0.0000000000
103656  -44.097  41.442  -21.294 0.0000000000
104297  -42.493  42.422  -21.031 0.0000000000
97302  -45.754  32.800  -3.930 0.0000000000
98659  -45.934  34.901  -6.098 0.0000000000
99353  -47.040  35.176  -5.899 0.0000000000
110961  -29.967  53.477  -18.600 0.0000000000
113340  -31.907  57.229  -19.965 0.0000000000
112779  -31.761  56.174  -20.372 0.0000000000
113348  -32.265  57.011  -20.458 0.0000000000
112196  -32.458  55.372  -20.744 0.0000000000
111589  -32.871  54.360  -20.690 0.0000000000
110415  -33.680  52.658  -20.280 0.0000000000
111590  -33.701  54.329  -20.810 0.0000000000
111591  -34.550  54.407  -20.891 0.0000000000
111592  -35.349  54.701  -21.087 0.0000000000
113387  -36.790  58.005  -23.050 0.0000000000
113364  -37.240  57.802  -21.690 0.0000000000
113365  -37.850  57.260  -21.854 0.0000000000
112211  -38.322  55.882  -21.654 0.0000000000
111593  -38.960  54.455  -21.143 0.0000000000
110991  -39.324  53.690  -20.764 0.0000000000
111594  -39.700  54.684  -21.019 0.0000000000
110992  -40.422  53.604  -20.474 0.0000000000
110446  -41.980  53.022  -22.016 0.0000000000
111029  -42.190  53.497  -21.481 0.0000000000
110996  -44.068  53.585  -20.875 0.0000000000
110997  -44.487  53.166  -21.295 0.0000000000
111044  -44.868  52.721  -23.523 0.0000000000
104187  -44.438  42.391  -8.287 0.0000000000
102822  -43.967  40.846  -8.263 0.0000000000
102830  -43.928  40.723  -8.987 0.0000000000
100694  -43.619  37.864  -9.847 0.0000000000
101334  -44.161  39.411  -10.122 0.0000000000
101335  -44.709  39.353  -10.200 0.0000000000
101336  -45.476  39.179  -10.281 0.0000000000
102869  -46.508  40.688  -11.961 0.0000000000
103560  -47.244  41.985  -11.498 0.0000000000
102871  -47.995  40.977  -12.032 0.0000000000
102098  -48.621  40.078  -11.386 0.0000000000
101339  -48.335  38.810  -10.163 0.0000000000
100699  -48.351  37.519  -9.586 0.0000000000
100704  -48.508  37.852  -10.633 0.0000000000
100055  -48.428  36.909  -11.300 0.0000000000
104230  -37.788  42.691  -13.750 0.0000000000
104233  -38.060  42.302  -14.213 0.0000000000
103576  -39.245  41.514  -15.182 0.0000000000
106775  -42.258  46.402  -16.650 0.0000000000
106154  -43.160  45.427  -15.407 0.0000000000
105540  -42.903  44.434  -15.650 0.0000000000
105548  -43.245  43.926  -16.108 0.0000000000
102923  -44.394  40.450  -18.368 0.0000000000
102168  -44.079  39.996  -18.208 0.0000000000
102158  -43.518  39.651  -17.889 0.0000000000
102157  -42.775  39.712  -17.350 0.0000000000
102149  -42.087  39.712  -16.912 0.0000000000
101406  -42.572  39.001  -16.950 0.0000000000
101398  -42.728  38.300  -16.789 0.0000000000
100093  -43.639  36.837  -15.719 0.0000000000
100103  -43.892  36.784  -16.035 0.0000000000
99439  -45.945  35.650  -15.746 0.0000000000
98747  -47.615  34.902  -16.656 0.0000000000
98049  -48.301  34.764  -16.242 0.0000000000
98036  -48.600  34.568  -15.865 0.0000000000
98708  -48.996  34.607  -14.117 0.0000000000
98006  -48.806  34.046  -14.005 0.0000000000
98761  -45.273  34.582  -17.876 0.0000000000
98760  -44.070  34.917  -17.654 0.0000000000
99438  -43.620  35.014  -17.226 0.0000000000
99437  -43.342  35.080  -17.065 0.0000000000
98729  -42.495  34.720  -15.560 0.0000000000
98742  -42.817  35.068  -16.667 0.0000000000
100792  -44.121  36.662  -21.344 0.0000000000
100149  -44.367  36.085  -21.852 0.0000000000
100148  -43.509  36.136  -21.396 0.0000000000
100147  -42.693  35.893  -21.286 0.0000000000
99491  -41.913  35.376  -21.625 0.0000000000
98071  -38.011  33.491  -18.902 0.0000000000
98063  -37.856  33.073  -18.517 0.0000000000
98070  -37.686  33.145  -19.254 0.0000000000
96701  -47.651  32.592  -4.254 0.0000000000
109848  -44.674  51.206  -17.529 0.0000000000
109312  -44.836  50.510  -17.128 0.0000000000
108684  -46.373  49.183  -17.444 0.0000000000
109326  -46.108  49.971  -18.033 0.0000000000
107994  -46.543  48.372  -17.944 0.0000000000
106808  -46.369  46.296  -19.349 0.0000000000
106204  -45.744  44.970  -20.407 0.0000000000
105586  -45.123  44.180  -20.871 0.0000000000
106203  -44.794  44.980  -20.116 0.0000000000
106202  -43.746  45.095  -19.906 0.0000000000
97314  -44.228  32.604  -4.783 0.0000000000
97952  -43.792  32.985  -5.447 0.0000000000
113341  -32.208  58.353  -19.675 0.0000000000
113872  -32.739  59.342  -19.166 0.0000000000
113873  -33.186  59.715  -19.762 0.0000000000
114386  -33.594  60.293  -20.019 0.0000000000
112224  -39.897  55.426  -22.002 0.0000000000
110445  -40.929  52.584  -22.165 0.0000000000
110447  -42.459  53.077  -22.273 0.0000000000
110464  -42.493  52.850  -22.783 0.0000000000
111051  -43.348  53.397  -24.138 0.0000000000
110490  -42.902  52.901  -24.903 0.0000000000
102859  -44.897  41.119  -11.485 0.0000000000
102868  -45.660  40.623  -11.896 0.0000000000
102108  -46.069  39.835  -12.178 0.0000000000
101360  -46.637  38.947  -12.375 0.0000000000
100712  -47.171  38.102  -12.771 0.0000000000
105546  -38.362  44.658  -15.614 0.0000000000
104901  -45.505  43.461  -17.078 0.0000000000
104900  -44.595  43.416  -16.952 0.0000000000
103618  -45.554  40.997  -18.565 0.0000000000
102926  -46.406  40.491  -18.839 0.0000000000
102925  -45.734  40.414  -18.740 0.0000000000
102170  -45.236  39.595  -18.642 0.0000000000
101416  -45.435  38.558  -18.672 0.0000000000
100766  -45.351  36.635  -18.001 0.0000000000
121305  -47.071  35.543  -18.487 0.0000000000
121301  -47.376  35.246  -17.980 0.0000000000
121299  -47.713  34.880  -17.325 0.0000000000
98746  -46.802  34.141  -17.784 0.0000000000
98774  -46.637  34.175  -18.661 0.0000000000
98802  -47.099  34.366  -20.213 0.0000000000
98787  -46.139  34.320  -19.615 0.0000000000
98773  -45.691  34.497  -18.727 0.0000000000
98786  -45.204  34.685  -19.472 0.0000000000
98785  -44.225  34.871  -19.639 0.0000000000
100139  -41.332  36.242  -20.360 0.0000000000
100131  -40.879  36.546  -19.791 0.0000000000
100130  -40.182  36.127  -19.735 0.0000000000
99469  -39.468  35.555  -20.113 0.0000000000
99468  -38.875  35.317  -19.918 0.0000000000
99467  -38.133  35.120  -19.539 0.0000000000
108694  -38.649  49.501  -18.943 0.0000000000
108008  -39.057  48.787  -18.594 0.0000000000
108009  -40.035  48.963  -18.420 0.0000000000
107403  -40.390  48.512  -18.130 0.0000000000
107390  -41.689  47.737  -17.623 0.0000000000
106792  -42.594  46.879  -16.962 0.0000000000
106168  -43.544  46.064  -15.878 0.0000000000
108682  -45.135  49.794  -16.960 0.0000000000
107378  -45.606  47.472  -16.454 0.0000000000
106779  -45.756  46.586  -16.605 0.0000000000
106170  -45.254  45.728  -16.193 0.0000000000
105551  -45.531  44.835  -16.434 0.0000000000
104892  -45.831  44.122  -16.728 0.0000000000
104263  -46.647  42.806  -17.871 0.0000000000
104282  -46.678  42.507  -19.242 0.0000000000
103633  -46.814  41.628  -19.622 0.0000000000
103621  -46.932  40.983  -19.435 0.0000000000
102948  -46.934  40.530  -20.520 0.0000000000
102196  -47.013  39.623  -20.942 0.0000000000
101436  -46.983  38.207  -21.279 0.0000000000
100795  -46.852  37.093  -21.812 0.0000000000
101435  -46.231  38.310  -21.720 0.0000000000
101434  -45.360  38.327  -21.524 0.0000000000
101433  -44.582  38.420  -21.089 0.0000000000
100788  -44.295  37.826  -20.919 0.0000000000
104946  -44.901  43.305  -21.444 0.0000000000
103646  -43.558  41.038  -21.052 0.0000000000
103645  -42.898  41.077  -20.872 0.0000000000
102945  -43.579  40.296  -20.770 0.0000000000
97944  -45.152  33.043  -4.483 0.0000000000
97945  -45.935  33.372  -4.284 0.0000000000
97939  -46.996  33.379  -3.554 0.0000000000
97947  -47.785  33.638  -3.897 0.0000000000
97303  -47.662  33.518  -4.297 0.0000000000
97966  -46.558  33.717  -5.701 0.0000000000
110968  -30.543  53.539  -19.248 0.0000000000
112189  -31.086  55.296  -19.933 0.0000000000
110969  -31.219  53.518  -19.762 0.0000000000
110402  -30.924  52.984  -19.384 0.0000000000
109865  -31.526  51.769  -19.105 0.0000000000
109319  -32.149  50.247  -18.767 0.0000000000
108690  -32.505  49.486  -18.635 0.0000000000
108691  -33.455  49.421  -18.827 0.0000000000
108705  -33.889  49.916  -19.229 0.0000000000
108706  -34.689  49.390  -19.258 0.0000000000
109881  -34.272  51.939  -20.118 0.0000000000
109868  -34.613  51.162  -19.922 0.0000000000
109332  -35.190  50.449  -19.780 0.0000000000
109333  -36.225  50.597  -19.818 0.0000000000
108708  -36.850  49.945  -19.448 0.0000000000
108709  -37.685  50.068  -19.368 0.0000000000
113881  -34.426  59.329  -20.862 0.0000000000
113362  -35.223  58.145  -21.322 0.0000000000
112208  -35.428  55.819  -21.279 0.0000000000
111602  -36.168  55.026  -21.273 0.0000000000
112792  -36.903  56.991  -21.494 0.0000000000
111007  -36.727  54.302  -21.153 0.0000000000
110988  -36.289  53.473  -20.973 0.0000000000
109884  -37.271  51.997  -20.354 0.0000000000
109871  -37.731  51.344  -19.981 0.0000000000
109335  -38.200  50.669  -19.657 0.0000000000
109336  -39.295  50.744  -19.232 0.0000000000
109321  -39.759  50.472  -18.879 0.0000000000
109322  -40.452  50.737  -18.928 0.0000000000
110406  -40.138  52.516  -19.932 0.0000000000
109874  -40.351  52.119  -19.549 0.0000000000
109856  -40.638  51.681  -19.163 0.0000000000
109858  -42.492  51.745  -18.412 0.0000000000
110993  -41.316  54.085  -20.566 0.0000000000
110973  -42.016  53.684  -19.961 0.0000000000
110409  -42.595  53.181  -19.406 0.0000000000
110397  -43.102  52.528  -18.922 0.0000000000
109859  -43.465  52.095  -18.134 0.0000000000
109860  -44.461  51.858  -18.161 0.0000000000
110400  -45.508  51.773  -19.046 0.0000000000
109876  -45.683  51.280  -19.309 0.0000000000
109350  -45.355  51.303  -20.099 0.0000000000
109890  -44.853  51.619  -21.942 0.0000000000
111052  -43.967  53.479  -24.378 0.0000000000
111053  -44.332  53.030  -24.621 0.0000000000
110465  -44.569  52.779  -24.369 0.0000000000
99384  -43.494  36.165  -9.257 0.0000000000
99376  -44.202  35.605  -8.531 0.0000000000
104844  -46.176  43.517  -9.812 0.0000000000
102849  -46.393  41.080  -10.438 0.0000000000
102084  -47.016  39.931  -10.340 0.0000000000
103551  -47.974  41.600  -10.810 0.0000000000
101337  -46.615  38.659  -10.220 0.0000000000
100697  -46.899  37.705  -9.675 0.0000000000
100050  -46.488  36.969  -9.228 0.0000000000
99378  -46.818  36.120  -7.834 0.0000000000
99379  -47.568  36.451  -7.648 0.0000000000
100035  -48.140  36.340  -7.678 0.0000000000
100691  -48.460  36.946  -9.021 0.0000000000
100036  -48.386  36.152  -7.993 0.0000000000
98678  -47.755  35.270  -8.230 0.0000000000
98682  -47.792  35.183  -9.254 0.0000000000
98681  -46.933  34.627  -9.115 0.0000000000
101365  -39.189  38.602  -13.255 0.0000000000
101376  -39.554  38.741  -13.919 0.0000000000
101366  -40.185  38.321  -13.340 0.0000000000
107388  -39.460  47.305  -18.038 0.0000000000
106177  -39.726  45.842  -17.161 0.0000000000
106165  -40.663  45.536  -16.356 0.0000000000
106164  -39.399  45.014  -15.992 0.0000000000
105537  -39.780  44.496  -14.847 0.0000000000
105529  -39.506  43.857  -14.548 0.0000000000
104899  -44.028  43.411  -16.787 0.0000000000
104889  -43.549  43.578  -16.551 0.0000000000
104888  -42.785  43.575  -16.342 0.0000000000
103604  -43.417  41.642  -17.670 0.0000000000
104248  -42.534  42.640  -16.936 0.0000000000
104887  -42.012  43.314  -16.305 0.0000000000
104238  -40.891  43.145  -15.794 0.0000000000
104882  -39.801  43.451  -15.020 0.0000000000
104236  -39.490  42.501  -15.244 0.0000000000
103581  -39.885  41.563  -15.708 0.0000000000
102889  -39.702  40.611  -15.508 0.0000000000
102148  -41.387  39.696  -16.423 0.0000000000
102138  -41.008  39.363  -15.978 0.0000000000
102137  -40.340  39.618  -15.606 0.0000000000
101386  -40.573  38.864  -15.028 0.0000000000
101378  -41.094  38.208  -14.668 0.0000000000
101367  -41.233  37.999  -13.524 0.0000000000
101368  -42.219  37.799  -13.372 0.0000000000
100081  -43.810  36.737  -14.985 0.0000000000
100738  -44.148  36.823  -14.116 0.0000000000
100722  -44.580  37.245  -13.328 0.0000000000
100723  -45.608  37.250  -13.189 0.0000000000
100724  -46.637  37.287  -13.154 0.0000000000
100725  -47.580  37.251  -13.159 0.0000000000
100114  -45.598  35.997  -17.350 0.0000000000
99453  -46.182  35.448  -16.434 0.0000000000
99440  -46.644  35.373  -15.824 0.0000000000
99442  -47.720  34.930  -16.061 0.0000000000
99429  -47.247  35.328  -15.428 0.0000000000
99419  -47.080  35.771  -14.810 0.0000000000
100085  -47.461  36.060  -14.178 0.0000000000
100070  -47.871  36.619  -13.712 0.0000000000
100726  -48.330  37.077  -13.250 0.0000000000
100057  -48.694  36.740  -12.340 0.0000000000
98689  -48.312  34.982  -12.219 0.0000000000
99397  -47.982  35.466  -11.538 0.0000000000
99391  -47.469  35.172  -10.719 0.0000000000
97986  -46.185  34.107  -10.257 0.0000000000
98002  -44.404  32.929  -12.224 0.0000000000
98732  -45.556  34.178  -16.453 0.0000000000
98017  -43.423  33.197  -13.144 0.0000000000
100802  -46.423  36.784  -22.041 0.0000000000
100160  -45.794  36.115  -22.279 0.0000000000
99505  -45.192  35.286  -22.264 0.0000000000
99504  -44.146  35.169  -22.441 0.0000000000
98831  -44.401  34.630  -22.239 0.0000000000
98814  -43.359  34.240  -21.923 0.0000000000
98813  -42.234  33.906  -21.819 0.0000000000
98798  -42.569  34.531  -20.970 0.0000000000
99479  -40.680  35.554  -21.013 0.0000000000
99488  -39.211  34.673  -21.570 0.0000000000
98810  -39.592  34.167  -22.276 0.0000000000
98826  -39.915  33.924  -22.549 0.0000000000
98096  -40.662  33.468  -22.464 0.0000000000
98797  -41.368  34.063  -21.223 0.0000000000
98783  -41.814  34.645  -19.947 0.0000000000
98769  -41.080  34.816  -18.801 0.0000000000
97292  -45.859  32.287  -3.723 0.0000000000
97313  -43.541  32.596  -5.232 0.0000000000
98084  -38.984  33.481  -22.012 0.0000000000
98086  -40.800  33.706  -21.892 0.0000000000
98087  -41.364  33.806  -21.864 0.0000000000
98094  -39.171  33.753  -22.296 0.0000000000
98095  -39.773  33.639  -22.493 0.0000000000
98097  -41.671  33.632  -22.281 0.0000000000
98098  -42.665  33.691  -22.391 0.0000000000
98099  -43.088  33.905  -22.480 0.0000000000
98107  -40.104  33.846  -22.691 0.0000000000
98108  -40.582  33.767  -22.782 0.0000000000
98111  -42.875  33.811  -22.644 0.0000000000
98748  -47.927  34.864  -16.247 0.0000000000
98803  -48.197  34.216  -19.757 0.0000000000
98819  -48.474  34.409  -20.459 0.0000000000
98827  -40.366  34.213  -22.553 0.0000000000
98828  -41.341  34.196  -22.571 0.0000000000
99401  -48.814  35.686  -12.959 0.0000000000
99402  -49.072  35.296  -13.398 0.0000000000
99410  -49.049  35.660  -14.039 0.0000000000
99417  -46.031  35.961  -14.831 0.0000000000
99421  -48.467  35.781  -14.144 0.0000000000
99427  -45.961  35.851  -15.109 0.0000000000
99428  -46.553  35.626  -15.286 0.0000000000
99430  -47.814  35.020  -15.720 0.0000000000
99451  -43.346  35.069  -17.306 0.0000000000
99452  -43.520  35.019  -17.453 0.0000000000
99470  -45.311  34.657  -19.660 0.0000000000
99471  -45.539  34.616  -19.741 0.0000000000
99481  -45.357  34.721  -19.889 0.0000000000
99483  -48.510  35.089  -20.060 0.0000000000
99487  -38.599  34.476  -21.365 0.0000000000
99492  -42.858  35.318  -21.808 0.0000000000
99507  -47.008  35.741  -21.563 0.0000000000
100042  -47.083  36.527  -8.426 0.0000000000
100045  -48.495  36.744  -9.327 0.0000000000
100052  -47.911  36.906  -8.660 0.0000000000
100071  -48.430  36.480  -13.760 0.0000000000
100072  -48.785  36.156  -13.884 0.0000000000
100087  -48.206  36.341  -14.043 0.0000000000
100104  -44.394  36.542  -16.273 0.0000000000
100143  -48.302  35.616  -20.586 0.0000000000
100152  -47.507  36.123  -21.225 0.0000000000
100695  -44.743  37.967  -10.057 0.0000000000
100703  -46.268  38.020  -10.042 0.0000000000
100746  -42.270  37.796  -15.854 0.0000000000
100785  -41.955  36.703  -20.138 0.0000000000
100801  -46.226  36.597  -22.223 0.0000000000
101338  -47.595  38.948  -10.052 0.0000000000
101388  -41.718  38.428  -15.926 0.0000000000
101407  -43.188  38.624  -17.303 0.0000000000
102055  -43.498  40.215  -8.873 0.0000000000
102081  -44.384  39.896  -10.049 0.0000000000
102083  -45.993  39.986  -10.418 0.0000000000
102111  -48.399  40.426  -11.927 0.0000000000
102136  -39.683  39.898  -15.140 0.0000000000
102147  -40.736  39.967  -16.150 0.0000000000
102169  -44.559  39.782  -18.444 0.0000000000
102172  -46.582  39.805  -19.109 0.0000000000
102187  -43.298  39.375  -20.539 0.0000000000
102188  -44.067  39.323  -20.946 0.0000000000
102840  -45.756  41.561  -9.963 0.0000000000
102850  -47.289  40.920  -10.433 0.0000000000
102851  -47.975  40.901  -10.557 0.0000000000
102852  -48.434  40.861  -10.950 0.0000000000
102861  -46.857  41.419  -11.685 0.0000000000
102862  -47.480  41.308  -11.955 0.0000000000
102863  -48.474  40.931  -11.497 0.0000000000
102870  -47.353  40.778  -12.119 0.0000000000
102872  -48.305  41.106  -11.833 0.0000000000
102903  -41.581  40.637  -16.803 0.0000000000
102924  -45.034  40.586  -18.541 0.0000000000
102943  -41.663  40.479  -20.261 0.0000000000
102947  -46.698  40.848  -20.685 0.0000000000
103541  -46.403  42.226  -10.104 0.0000000000
103542  -46.986  42.223  -10.087 0.0000000000
103549  -46.886  41.585  -10.347 0.0000000000
103561  -47.939  41.547  -11.694 0.0000000000
103562  -48.305  41.418  -11.596 0.0000000000
103568  -48.124  41.275  -11.913 0.0000000000
103569  -48.241  41.387  -11.747 0.0000000000
103572  -37.596  41.323  -13.946 0.0000000000
103574  -38.040  41.350  -14.321 0.0000000000
103575  -38.594  41.434  -14.713 0.0000000000
103634  -46.881  40.961  -20.000 0.0000000000
103655  -43.161  41.682  -21.111 0.0000000000
104198  -45.930  43.021  -9.569 0.0000000000
104199  -46.602  43.009  -9.923 0.0000000000
104207  -47.076  42.884  -10.369 0.0000000000
104208  -47.507  42.272  -10.814 0.0000000000
104209  -47.907  41.883  -11.004 0.0000000000
104215  -45.318  43.130  -10.551 0.0000000000
104218  -47.690  42.172  -11.255 0.0000000000
104219  -48.078  41.736  -11.349 0.0000000000
104246  -40.770  42.081  -16.303 0.0000000000
104249  -43.133  43.138  -16.788 0.0000000000
104259  -43.078  42.160  -17.320 0.0000000000
104300  -45.287  42.376  -21.341 0.0000000000
104851  -45.753  43.538  -9.990 0.0000000000
104852  -46.195  43.624  -10.354 0.0000000000
104853  -46.666  43.391  -10.587 0.0000000000
104859  -46.312  43.491  -10.781 0.0000000000
104860  -46.419  43.428  -10.972 0.0000000000
104874  -37.608  43.208  -13.501 0.0000000000
104875  -38.018  43.010  -13.803 0.0000000000
104878  -38.047  43.525  -13.660 0.0000000000
105517  -37.239  43.893  -13.601 0.0000000000
105538  -40.932  44.455  -15.088 0.0000000000
105542  -44.174  45.252  -15.597 0.0000000000
105595  -45.832  43.772  -21.078 0.0000000000
106150  -39.862  44.857  -15.359 0.0000000000
106166  -41.769  45.749  -16.154 0.0000000000
106167  -42.698  45.933  -16.041 0.0000000000
106776  -43.160  46.775  -16.584 0.0000000000
106791  -41.991  46.913  -17.195 0.0000000000
107379  -46.242  47.423  -16.897 0.0000000000
107993  -44.004  48.751  -17.060 0.0000000000
108011  -45.368  48.728  -18.722 0.0000000000
108667  -44.838  49.261  -16.853 0.0000000000
108669  -45.990  48.908  -16.787 0.0000000000
108678  -41.347  49.541  -17.991 0.0000000000
108679  -42.025  49.761  -17.877 0.0000000000
108707  -35.903  49.694  -19.539 0.0000000000
108710  -38.475  50.067  -19.270 0.0000000000
108711  -38.995  50.039  -19.033 0.0000000000
108716  -45.966  49.646  -18.577 0.0000000000
109309  -42.185  50.319  -17.968 0.0000000000
109313  -45.585  50.487  -17.306 0.0000000000
109317  -30.678  50.725  -18.144 0.0000000000
109320  -32.803  50.018  -18.869 0.0000000000
109324  -42.507  51.096  -18.101 0.0000000000
109334  -37.237  50.668  -19.655 0.0000000000
109337  -40.047  51.448  -19.272 0.0000000000
109845  -29.713  50.979  -17.537 0.0000000000
109855  -31.728  50.782  -18.771 0.0000000000
109867  -33.537  51.458  -19.825 0.0000000000
109869  -35.185  51.070  -19.943 0.0000000000
109880  -33.739  52.057  -20.030 0.0000000000
109882  -35.331  51.708  -20.144 0.0000000000
109885  -38.199  52.079  -20.294 0.0000000000
109913  -41.574  52.199  -23.413 0.0000000000
110393  -29.795  52.600  -18.104 0.0000000000
110395  -31.171  51.995  -19.075 0.0000000000
110418  -36.785  52.661  -20.787 0.0000000000
110421  -39.644  52.821  -20.230 0.0000000000
110431  -41.758  53.478  -21.476 0.0000000000
110985  -33.326  53.553  -20.537 0.0000000000
111006  -35.957  54.217  -21.068 0.0000000000
111581  -31.371  54.419  -20.126 0.0000000000
111588  -32.094  54.420  -20.437 0.0000000000
111603  -37.070  55.177  -21.354 0.0000000000
111604  -37.938  55.238  -21.372 0.0000000000
111605  -38.730  55.152  -21.317 0.0000000000
111606  -39.229  55.007  -21.162 0.0000000000
111608  -40.863  54.392  -21.101 0.0000000000
112198  -34.049  55.113  -21.057 0.0000000000
112199  -34.757  55.180  -21.111 0.0000000000
112200  -39.649  55.166  -21.165 0.0000000000
112205  -33.064  55.840  -21.001 0.0000000000
112206  -33.646  55.847  -21.114 0.0000000000
112210  -37.427  56.037  -21.561 0.0000000000
112213  -39.984  55.410  -21.538 0.0000000000
112223  -39.371  55.615  -22.586 0.0000000000
112234  -37.475  56.198  -23.213 0.0000000000
112788  -33.307  56.294  -21.078 0.0000000000
112794  -38.571  56.537  -21.895 0.0000000000
112806  -39.428  56.213  -22.372 0.0000000000
112807  -39.620  55.956  -22.045 0.0000000000
112815  -37.951  56.907  -23.202 0.0000000000
112816  -38.528  56.835  -23.091 0.0000000000
113351  -34.727  58.805  -21.131 0.0000000000
113367  -39.099  56.766  -22.383 0.0000000000
113379  -39.067  56.662  -22.599 0.0000000000
113386  -35.900  57.799  -22.914 0.0000000000
113388  -37.629  57.688  -23.095 0.0000000000
113389  -38.274  57.465  -23.105 0.0000000000
113879  -32.883  59.026  -19.907 0.0000000000
113880  -33.575  59.299  -20.395 0.0000000000
113894  -38.007  58.001  -22.278 0.0000000000
113905  -38.259  57.859  -22.596 0.0000000000
113912  -37.372  58.403  -22.889 0.0000000000
113914  -38.329  57.671  -22.865 0.0000000000
121304  -46.933  35.805  -18.745 0.0000000000
121307  -48.446  34.213  -19.289 0.0000000000
121308  -48.381  34.066  -19.493 0.0000000000
