#!ascii label  , from subject  vox2ras=TkReg coords=orig
341
64899  -18.343  -4.270  -35.598 0.5555555820
64922  -18.664  -4.159  -36.803 0.6666666865
64942  -19.054  -3.911  -37.322 0.7777777910
64943  -19.783  -3.771  -37.818 0.7777777910
66101  -19.385  -2.798  -38.191 0.8888888955
64885  -18.313  -4.309  -35.029 0.5555555820
66028  -18.494  -3.611  -35.558 0.5555555820
66080  -18.330  -3.116  -36.766 0.6666666865
66102  -20.156  -2.730  -38.593 0.8888888955
66114  -20.485  -2.434  -39.041 1.0000000000
64974  -21.895  -2.928  -39.454 0.8888888955
66116  -22.116  -2.280  -39.775 1.0000000000
67154  -18.435  -2.775  -36.010 0.7777777910
67204  -18.464  -2.102  -37.379 1.0000000000
68306  -18.561  -0.868  -38.218 1.0000000000
67225  -18.909  -1.921  -38.188 1.0000000000
67242  -19.514  -1.419  -39.109 1.0000000000
67243  -20.249  -1.669  -39.276 1.0000000000
68322  -19.511  -0.691  -39.364 1.0000000000
68323  -20.406  -0.670  -39.898 1.0000000000
67257  -22.217  -0.964  -40.502 1.0000000000
68324  -21.081  -0.773  -40.176 1.0000000000
69384  -21.678  0.334  -41.008 1.0000000000
68352  -22.846  0.141  -41.430 0.7777777910
69336  -18.625  0.182  -38.000 0.8888888955
69349  -18.665  0.280  -38.774 1.0000000000
69363  -19.046  0.253  -39.410 1.0000000000
69383  -20.557  0.532  -40.623 1.0000000000
69401  -22.298  0.713  -41.495 1.0000000000
69402  -22.932  0.392  -41.727 0.8888888955
69415  -23.132  0.699  -42.198 1.0000000000
69426  -23.302  0.196  -43.070 0.7777777910
68393  -24.084  -0.013  -43.418 0.7777777910
70366  -18.637  1.194  -38.628 0.5555555820
71410  -18.573  2.242  -39.674 0.7777777910
70380  -18.678  1.235  -39.492 0.8888888955
70395  -19.379  1.366  -40.258 1.0000000000
69364  -19.764  0.299  -39.999 1.0000000000
69399  -20.610  1.129  -41.020 1.0000000000
70414  -21.492  1.492  -41.651 1.0000000000
69414  -22.695  1.173  -41.923 0.8888888955
70427  -22.237  1.599  -41.908 1.0000000000
70428  -22.858  1.534  -42.309 0.8888888955
70444  -23.961  1.084  -43.638 0.7777777910
70429  -25.521  1.199  -43.107 0.6666666865
70446  -25.585  1.810  -43.398 0.6666666865
71395  -18.533  2.052  -39.067 0.7777777910
72452  -18.477  2.875  -39.322 0.6666666865
72466  -18.893  2.930  -40.523 0.7777777910
71411  -18.900  2.289  -40.185 0.8888888955
71428  -19.386  2.191  -40.746 0.8888888955
70413  -20.683  1.556  -41.381 1.0000000000
71429  -20.087  2.376  -41.343 1.0000000000
71430  -20.936  2.168  -41.723 1.0000000000
71431  -21.624  2.083  -41.959 1.0000000000
71444  -22.150  2.361  -42.481 0.8888888955
71458  -23.568  2.261  -43.122 0.7777777910
71459  -24.371  2.174  -43.670 0.7777777910
72519  -24.734  2.995  -44.012 0.7777777910
71460  -25.251  2.225  -43.745 0.6666666865
73478  -18.517  3.717  -39.477 0.6666666865
73464  -18.416  3.250  -39.035 0.6666666865
72465  -18.499  3.130  -40.002 0.7777777910
72484  -18.477  3.571  -40.656 0.7777777910
72486  -19.942  3.136  -41.674 0.8888888955
72485  -19.191  3.303  -41.201 1.0000000000
72504  -20.361  3.489  -42.215 1.0000000000
71443  -21.186  2.729  -42.130 0.8888888955
72517  -22.716  3.356  -43.393 0.8888888955
72518  -23.747  3.190  -43.939 0.8888888955
72516  -21.961  3.730  -43.050 0.8888888955
72532  -24.321  3.603  -44.370 0.7777777910
72520  -25.604  2.995  -44.136 0.7777777910
72521  -26.471  3.347  -43.955 0.6666666865
73490  -18.484  4.187  -40.252 0.6666666865
73503  -19.090  4.143  -41.620 0.8888888955
72503  -19.593  3.706  -41.806 1.0000000000
73525  -21.382  4.145  -43.060 1.0000000000
72505  -21.403  3.413  -42.683 0.8888888955
73539  -23.735  3.987  -44.428 0.7777777910
73554  -24.380  4.360  -44.743 0.7777777910
72534  -25.852  3.837  -44.531 0.6666666865
72535  -26.509  4.078  -44.532 0.5555555820
73540  -27.002  4.012  -44.086 0.5555555820
74541  -18.730  4.695  -39.930 0.6666666865
73502  -18.631  4.455  -41.027 0.8888888955
73522  -18.941  4.870  -41.633 1.0000000000
73523  -19.513  4.450  -42.270 1.0000000000
73536  -20.995  4.648  -43.364 0.8888888955
73537  -21.862  4.420  -43.548 0.8888888955
74610  -22.133  5.145  -44.236 0.8888888955
73538  -22.904  4.235  -44.133 0.8888888955
73553  -23.416  4.743  -44.654 0.7777777910
74627  -24.906  5.010  -45.145 0.7777777910
74628  -25.509  4.855  -45.165 0.7777777910
73556  -26.078  4.672  -45.032 0.5555555820
74625  -22.707  5.652  -45.043 0.7777777910
74643  -26.266  5.630  -45.287 0.5555555820
74630  -27.195  5.612  -44.390 0.5555555820
74642  -25.641  5.476  -45.427 0.6666666865
74555  -18.415  5.441  -40.622 0.5555555820
74570  -18.304  5.563  -41.450 0.7777777910
74589  -18.928  5.492  -42.202 1.0000000000
74590  -19.757  5.390  -43.045 0.8888888955
74608  -19.902  5.898  -43.527 0.8888888955
74609  -20.772  5.509  -43.835 0.8888888955
74641  -24.584  5.727  -45.616 0.6666666865
75723  -26.891  6.281  -45.287 0.5555555820
75668  -18.153  6.628  -41.190 0.6666666865
75701  -18.421  7.218  -42.740 0.7777777910
75702  -19.236  6.654  -43.305 0.8888888955
75703  -19.979  6.140  -43.779 0.8888888955
75719  -19.552  7.187  -43.897 0.7777777910
74623  -20.964  6.186  -44.392 0.8888888955
75721  -21.251  6.726  -44.907 0.7777777910
75722  -21.879  6.160  -45.166 0.7777777910
74639  -22.986  6.368  -45.443 0.6666666865
76855  -21.915  7.753  -45.627 0.6666666865
75733  -23.245  6.872  -45.994 0.6666666865
75734  -24.206  6.534  -46.006 0.6666666865
74640  -23.627  6.082  -45.504 0.5555555820
76868  -24.200  7.866  -46.694 0.6666666865
75745  -23.829  7.195  -46.355 0.5555555820
75747  -25.503  6.988  -46.412 0.5555555820
75736  -26.308  6.498  -45.721 0.4444444478
76870  -26.000  7.638  -46.363 0.5555555820
76821  -18.020  7.808  -42.413 0.6666666865
77911  -18.176  8.681  -42.992 0.5555555820
76822  -18.510  7.773  -43.080 0.7777777910
76839  -19.050  7.726  -43.728 0.7777777910
77935  -19.137  8.711  -43.948 0.6666666865
76840  -19.777  7.751  -44.303 0.6666666865
76853  -20.255  7.997  -44.908 0.6666666865
77955  -21.955  8.399  -46.017 0.6666666865
77969  -24.686  8.685  -46.993 0.6666666865
76869  -25.134  7.752  -46.772 0.5555555820
77970  -25.515  8.661  -46.686 0.5555555820
78938  -18.715  9.645  -43.890 0.6666666865
77934  -18.521  9.095  -43.476 0.6666666865
78939  -19.364  9.522  -44.444 0.6666666865
77953  -20.518  8.648  -45.128 0.6666666865
77954  -21.312  8.641  -45.614 0.6666666865
77966  -21.807  8.996  -46.029 0.6666666865
77978  -24.267  9.302  -47.223 0.6666666865
78988  -25.352  9.670  -47.633 0.5555555820
78976  -26.215  9.402  -46.904 0.6666666865
79872  -19.104  10.273  -44.221 0.6666666865
79874  -20.376  10.041  -45.011 0.6666666865
78940  -20.130  9.448  -44.814 0.6666666865
78973  -22.796  9.715  -46.545 0.6666666865
66100  -18.688  -2.683  -37.849 0.8888888955
67203  -18.272  -2.758  -37.041 1.0000000000
67226  -19.629  -1.960  -38.685 1.0000000000
67244  -21.248  -1.472  -39.788 1.0000000000
72438  -18.694  2.689  -38.776 0.5555555820
72506  -22.177  3.071  -42.958 0.8888888955
74611  -22.813  4.976  -44.473 0.8888888955
75735  -25.181  6.317  -46.051 0.6666666865
76857  -26.460  7.354  -45.877 0.4444444478
79847  -18.674  10.271  -43.661 0.6666666865
80795  -19.528  10.693  -44.403 0.6666666865
73465  -18.675  3.481  -38.885 0.4444444478
62639  -18.173  -5.461  -35.990 0.5555555820
64921  -18.422  -4.224  -36.182 0.6666666865
63787  -18.954  -4.439  -37.112 0.5555555820
63788  -19.330  -4.772  -37.429 0.5555555820
64944  -20.227  -4.183  -38.183 0.6666666865
64960  -20.516  -3.706  -38.526 0.8888888955
66117  -23.098  -2.456  -39.941 0.8888888955
66129  -22.734  -1.703  -40.254 1.0000000000
67182  -18.272  -1.880  -36.524 0.6666666865
67258  -23.175  -0.990  -40.799 0.8888888955
67271  -23.836  -0.551  -41.173 0.6666666865
68362  -23.823  0.244  -42.245 0.7777777910
67298  -25.135  -0.409  -42.163 0.6666666865
68377  -24.721  0.449  -42.772 0.6666666865
69416  -25.596  0.852  -42.913 0.5555555820
71461  -26.141  2.284  -43.449 0.5555555820
73558  -27.357  5.196  -44.017 0.4444444478
75737  -26.863  6.600  -45.274 0.4444444478
80774  -19.143  10.865  -43.950 0.6666666865
79896  -20.278  10.563  -45.108 0.6666666865
78959  -21.354  9.584  -45.774 0.6666666865
78972  -21.970  9.645  -46.288 0.6666666865
79914  -22.930  10.521  -46.896 0.6666666865
79915  -23.456  10.246  -47.255 0.6666666865
78987  -24.451  9.755  -47.696 0.6666666865
80796  -20.313  11.135  -44.732 0.5555555820
63762  -18.459  -4.885  -36.294 0.6666666865
63763  -18.825  -4.954  -36.872 0.6666666865
66059  -18.437  -3.612  -36.646 0.6666666865
66081  -18.526  -3.203  -37.230 0.8888888955
66082  -19.017  -3.270  -37.713 0.8888888955
66103  -20.826  -2.961  -38.860 1.0000000000
65981  -18.655  -4.108  -34.810 0.5555555820
66000  -18.618  -3.813  -35.002 0.5555555820
66058  -18.364  -3.450  -36.206 0.6666666865
67181  -18.217  -2.659  -36.658 0.8888888955
64959  -19.965  -3.236  -38.259 0.8888888955
66115  -21.217  -2.468  -39.300 1.0000000000
67227  -20.119  -2.201  -38.912 1.0000000000
67123  -18.688  -3.068  -35.447 0.6666666865
68289  -18.474  -0.941  -37.283 0.8888888955
68307  -19.008  -1.240  -38.827 1.0000000000
68321  -18.840  -0.448  -38.959 1.0000000000
67256  -21.587  -1.032  -40.245 1.0000000000
69365  -20.355  -0.038  -40.229 1.0000000000
68339  -21.468  -0.330  -40.542 1.0000000000
68340  -22.405  -0.097  -40.945 1.0000000000
68341  -23.134  -0.316  -41.243 0.8888888955
68353  -23.404  0.002  -41.732 0.7777777910
70381  -19.089  0.764  -39.862 1.0000000000
70396  -19.944  1.046  -40.534 1.0000000000
69400  -21.221  0.961  -41.196 1.0000000000
70443  -23.432  1.100  -42.991 0.8888888955
70460  -23.419  0.415  -43.777 0.7777777910
69427  -24.403  0.572  -43.555 0.6666666865
70394  -18.773  1.776  -39.952 0.8888888955
70411  -19.561  1.670  -40.642 0.8888888955
70412  -19.991  1.464  -40.862 1.0000000000
71445  -22.998  1.990  -42.726 0.8888888955
70430  -25.947  1.339  -43.174 0.5555555820
71382  -18.632  1.935  -38.527 0.6666666865
71442  -20.556  2.831  -41.735 1.0000000000
71457  -22.715  2.587  -42.973 0.7777777910
71462  -26.866  2.819  -43.291 0.5555555820
72533  -25.042  3.671  -44.474 0.7777777910
73524  -20.551  4.354  -42.860 0.8888888955
73555  -25.308  4.387  -44.863 0.6666666865
73557  -26.859  4.868  -44.472 0.5555555820
74591  -20.499  4.956  -43.308 1.0000000000
74626  -23.932  5.239  -45.145 0.8888888955
73570  -26.444  5.203  -45.060 0.6666666865
74624  -21.589  5.858  -44.652 0.8888888955
74629  -26.787  5.761  -45.050 0.5555555820
75681  -18.470  6.672  -42.134 0.7777777910
75682  -19.095  6.066  -42.649 0.8888888955
75720  -20.221  6.662  -44.187 0.7777777910
76841  -20.522  7.378  -44.685 0.6666666865
75732  -22.280  6.769  -45.427 0.6666666865
75731  -21.635  7.251  -45.273 0.6666666865
76866  -22.362  7.950  -46.222 0.6666666865
76856  -22.605  7.412  -45.940 0.6666666865
75746  -24.687  7.034  -46.531 0.5555555820
77971  -26.119  8.542  -46.284 0.5555555820
77912  -18.675  8.435  -43.383 0.7777777910
77968  -23.623  8.958  -46.772 0.6666666865
77980  -25.204  9.107  -47.166 0.6666666865
79829  -18.467  10.530  -43.127 0.5555555820
78958  -20.781  9.455  -45.244 0.6666666865
78974  -23.301  9.806  -47.004 0.6666666865
67282  -24.160  -0.365  -41.741 0.6666666865
79928  -25.503  10.618  -48.001 0.6666666865
79929  -25.997  10.803  -47.670 0.4444444478
61455  -20.896  -7.160  -37.066 0.4444444478
62621  -18.224  -5.978  -36.024 0.4444444478
61452  -18.714  -6.373  -36.289 0.4444444478
62640  -18.545  -5.541  -36.387 0.4444444478
62641  -19.019  -5.659  -36.759 0.4444444478
61454  -20.339  -6.856  -36.946 0.4444444478
61471  -21.169  -6.607  -37.510 0.4444444478
62661  -19.893  -5.458  -37.517 0.4444444478
62662  -20.669  -5.613  -37.908 0.4444444478
63789  -20.205  -4.722  -37.862 0.5555555820
63790  -20.826  -4.909  -38.124 0.4444444478
64976  -23.977  -3.179  -40.164 0.6666666865
66130  -23.763  -2.015  -40.557 0.6666666865
67259  -24.037  -1.311  -41.023 0.6666666865
66144  -25.178  -1.610  -41.161 0.5555555820
67272  -24.477  -1.109  -41.415 0.5555555820
68363  -26.028  0.125  -42.648 0.5555555820
69417  -26.342  0.643  -42.653 0.4444444478
79897  -20.877  10.352  -45.343 0.5555555820
80817  -20.534  10.881  -45.263 0.5555555820
79898  -21.509  10.455  -45.975 0.5555555820
79925  -23.372  10.803  -47.252 0.5555555820
79926  -23.949  10.535  -47.589 0.5555555820
80845  -25.088  11.334  -48.510 0.5555555820
60310  -20.562  -7.562  -36.759 0.4444444478
64989  -24.410  -2.505  -40.661 0.6666666865
81790  -22.109  11.780  -46.520 0.5555555820
63764  -19.097  -5.245  -37.093 0.4444444478
79927  -24.761  10.517  -48.017 0.5555555820
70431  -26.754  1.163  -42.844 0.4444444478
80797  -20.671  11.842  -45.255 0.5555555820
80834  -22.391  11.259  -46.733 0.5555555820
81801  -23.013  11.818  -47.431 0.5555555820
80844  -24.238  11.449  -47.973 0.5555555820
81772  -20.937  12.425  -45.578 0.5555555820
62620  -17.789  -5.941  -35.545 0.4444444478
63804  -20.606  -4.427  -38.267 0.5555555820
67283  -24.832  -0.797  -41.770 0.5555555820
67299  -25.783  -0.236  -42.368 0.4444444478
60308  -19.114  -6.936  -36.346 0.4444444478
62660  -19.394  -5.569  -37.172 0.4444444478
61453  -19.472  -6.382  -36.873 0.4444444478
61470  -20.179  -6.151  -37.372 0.4444444478
80819  -21.772  11.294  -46.291 0.5555555820
80818  -21.031  11.371  -45.549 0.5555555820
80843  -23.478  11.387  -47.531 0.5555555820
81791  -22.534  12.147  -46.944 0.4444444478
81802  -23.354  12.415  -47.753 0.4444444478
83541  -21.272  13.602  -45.572 0.4444444478
81810  -25.494  12.828  -48.912 0.4444444478
81753  -20.703  12.265  -45.062 0.4444444478
82680  -20.971  13.114  -45.356 0.4444444478
67245  -21.960  -1.529  -40.158 1.0000000000
68338  -20.758  -0.273  -40.318 1.0000000000
69385  -22.145  0.331  -41.118 1.0000000000
69382  -19.888  0.806  -40.374 1.0000000000
68376  -24.171  0.446  -42.717 0.7777777910
69442  -23.725  -0.120  -43.659 0.7777777910
68394  -24.267  0.231  -43.137 0.7777777910
69443  -24.279  -0.025  -43.688 0.7777777910
70445  -25.032  1.358  -43.284 0.6666666865
70461  -23.894  0.258  -44.056 0.7777777910
72423  -18.798  2.517  -38.566 0.4444444478
73569  -26.120  5.229  -45.213 0.5555555820
76854  -21.060  7.764  -45.165 0.6666666865
75744  -23.422  7.254  -46.279 0.6666666865
76867  -23.215  7.759  -46.372 0.6666666865
78914  -18.268  9.764  -43.261 0.6666666865
77936  -19.849  8.678  -44.601 0.6666666865
77967  -22.551  8.774  -46.274 0.6666666865
77979  -24.805  9.333  -47.306 0.6666666865
78975  -25.581  9.203  -47.126 0.6666666865
79873  -19.815  10.276  -44.697 0.6666666865
78986  -23.762  9.688  -47.417 0.6666666865
78989  -25.991  10.123  -47.626 0.6666666865
79913  -22.178  10.473  -46.519 0.5555555820
67297  -24.343  -0.317  -42.256 0.6666666865
67309  -25.769  -0.589  -42.015 0.4444444478
68378  -25.416  0.371  -42.784 0.6666666865
69428  -25.002  0.747  -43.036 0.6666666865
71446  -26.486  1.667  -43.159 0.5555555820
80835  -22.956  11.329  -47.120 0.5555555820
61469  -19.704  -5.899  -37.264 0.4444444478
67285  -26.228  -0.274  -42.454 0.4444444478
67284  -25.723  -0.079  -42.581 0.4444444478
67310  -26.162  -0.824  -41.994 0.4444444478
66178  -26.001  -0.679  -41.949 0.4444444478
