#!ascii label  , from subject 201818 vox2ras=TkReg
446
12482  -33.530  -57.257  -14.360 0.0000000000
9374  -33.899  -62.014  -19.834 0.0000000000
14179  -39.920  -55.739  -20.339 0.0000000000
11013  -33.063  -59.607  -18.188 0.0000000000
11838  -37.998  -57.953  -22.809 0.0000000000
13320  -41.729  -55.569  -15.196 0.0000000000
15828  -39.111  -53.164  -18.569 0.0000000000
15783  -34.666  -54.329  -15.899 0.0000000000
15038  -37.805  -54.637  -21.661 0.0000000000
12629  -38.751  -57.359  -21.488 0.0000000000
14238  -37.852  -55.816  -23.079 0.0000000000
15816  -41.665  -54.092  -17.321 0.0000000000
15768  -39.395  -54.314  -15.750 0.0000000000
16615  -33.151  -53.025  -18.304 0.0000000000
16627  -34.929  -52.365  -19.177 0.0000000000
10115  -28.705  -60.282  -15.999 0.0000000000
8629  -34.217  -62.319  -18.589 0.0000000000
8646  -29.208  -61.850  -20.009 0.0000000000
7954  -30.831  -63.856  -21.246 0.0000000000
12539  -38.459  -56.881  -16.556 0.0000000000
11722  -32.646  -57.772  -17.020 0.0000000000
11015  -36.794  -59.573  -18.940 0.0000000000
11769  -35.820  -59.493  -19.915 0.0000000000
14131  -41.130  -55.180  -17.956 0.0000000000
15860  -39.766  -53.945  -20.079 0.0000000000
16649  -37.699  -52.664  -20.279 0.0000000000
15724  -37.166  -54.024  -13.472 0.0000000000
14981  -37.649  -54.404  -17.459 0.0000000000
17397  -36.666  -51.443  -19.825 0.0000000000
17432  -36.125  -51.447  -21.440 0.0000000000
10152  -27.700  -60.519  -18.253 0.0000000000
12623  -31.731  -57.789  -21.548 0.0000000000
10220  -32.267  -61.103  -20.901 0.0000000000
8691  -30.433  -63.000  -22.688 0.0000000000
15059  -36.939  -54.488  -22.211 0.0000000000
14219  -37.396  -55.258  -22.405 0.0000000000
11689  -30.753  -58.785  -14.889 0.0000000000
9375  -34.634  -61.908  -19.253 0.0000000000
7921  -32.213  -63.113  -19.906 0.0000000000
7923  -33.133  -63.337  -20.241 0.0000000000
7235  -31.829  -64.595  -21.503 0.0000000000
8678  -33.044  -62.961  -21.085 0.0000000000
13373  -39.530  -55.652  -19.122 0.0000000000
13387  -38.803  -56.395  -20.063 0.0000000000
11818  -38.215  -58.001  -21.737 0.0000000000
11771  -37.889  -57.835  -20.053 0.0000000000
11792  -37.682  -58.690  -20.661 0.0000000000
11033  -36.526  -60.016  -19.698 0.0000000000
11072  -36.970  -58.958  -21.080 0.0000000000
13318  -39.815  -56.689  -15.670 0.0000000000
14113  -41.836  -55.102  -16.907 0.0000000000
15814  -39.770  -53.622  -17.667 0.0000000000
15838  -40.490  -53.704  -19.336 0.0000000000
15837  -39.291  -53.199  -19.402 0.0000000000
15859  -38.584  -53.420  -20.213 0.0000000000
16631  -38.538  -52.847  -19.632 0.0000000000
15765  -36.209  -54.440  -15.164 0.0000000000
15766  -37.260  -54.534  -15.146 0.0000000000
14956  -36.194  -54.860  -16.694 0.0000000000
18194  -35.911  -50.411  -19.860 0.0000000000
17396  -35.909  -51.246  -19.432 0.0000000000
18195  -36.319  -50.597  -20.262 0.0000000000
17409  -36.815  -51.746  -20.519 0.0000000000
11736  -33.107  -58.400  -17.612 0.0000000000
10992  -29.499  -58.917  -17.456 0.0000000000
11010  -30.471  -59.465  -18.446 0.0000000000
8660  -26.923  -62.774  -20.439 0.0000000000
12638  -30.740  -57.457  -22.620 0.0000000000
11786  -31.878  -58.632  -20.719 0.0000000000
9409  -30.072  -61.839  -21.853 0.0000000000
15040  -39.684  -55.150  -21.557 0.0000000000
13408  -39.630  -56.258  -20.883 0.0000000000
14221  -39.179  -56.021  -22.328 0.0000000000
13438  -38.459  -56.518  -22.363 0.0000000000
12662  -38.065  -57.331  -23.084 0.0000000000
14960  -41.945  -54.317  -16.929 0.0000000000
15786  -40.227  -54.014  -16.656 0.0000000000
15785  -39.221  -54.107  -16.960 0.0000000000
15822  -33.442  -53.694  -17.727 0.0000000000
15809  -34.673  -54.284  -17.733 0.0000000000
17391  -34.282  -52.016  -19.122 0.0000000000
18193  -35.108  -50.372  -19.547 0.0000000000
19091  -35.264  -49.434  -19.915 0.0000000000
10159  -34.193  -61.176  -18.261 0.0000000000
9355  -31.580  -61.173  -19.135 0.0000000000
9372  -31.630  -61.893  -19.430 0.0000000000
8664  -30.793  -62.844  -20.322 0.0000000000
7232  -29.013  -63.903  -21.797 0.0000000000
7247  -30.457  -64.621  -22.006 0.0000000000
6594  -31.656  -65.231  -22.736 0.0000000000
6609  -31.762  -65.240  -23.554 0.0000000000
12485  -36.007  -56.922  -15.189 0.0000000000
12508  -33.685  -57.099  -15.400 0.0000000000
11724  -35.783  -58.162  -17.295 0.0000000000
11739  -35.793  -58.932  -17.814 0.0000000000
12582  -37.724  -57.492  -19.516 0.0000000000
12568  -36.784  -58.384  -18.713 0.0000000000
10144  -35.714  -60.360  -18.073 0.0000000000
9360  -35.904  -61.180  -18.613 0.0000000000
10179  -35.277  -61.126  -19.301 0.0000000000
11031  -34.749  -60.289  -19.630 0.0000000000
12488  -38.613  -57.004  -15.109 0.0000000000
13335  -39.132  -56.613  -16.504 0.0000000000
14156  -40.715  -55.110  -19.566 0.0000000000
15831  -41.807  -54.135  -18.402 0.0000000000
15862  -41.329  -54.460  -20.030 0.0000000000
15017  -40.142  -54.621  -20.720 0.0000000000
15016  -39.195  -54.428  -20.852 0.0000000000
15883  -37.730  -53.648  -20.973 0.0000000000
16676  -36.388  -52.650  -21.340 0.0000000000
15746  -38.874  -54.356  -14.513 0.0000000000
14958  -38.344  -54.528  -16.833 0.0000000000
15812  -38.059  -53.940  -17.940 0.0000000000
15825  -36.343  -53.914  -18.317 0.0000000000
15826  -37.346  -53.514  -18.531 0.0000000000
16619  -37.509  -52.754  -18.986 0.0000000000
17398  -37.250  -52.004  -20.048 0.0000000000
16648  -37.029  -52.500  -20.748 0.0000000000
11719  -29.793  -58.608  -16.295 0.0000000000
10125  -27.954  -60.246  -17.024 0.0000000000
9369  -28.406  -61.043  -19.276 0.0000000000
8643  -26.403  -62.626  -19.533 0.0000000000
11816  -36.393  -58.434  -21.152 0.0000000000
11789  -34.939  -58.566  -20.085 0.0000000000
11050  -33.587  -59.813  -20.015 0.0000000000
11787  -32.820  -58.469  -20.435 0.0000000000
9388  -32.845  -61.775  -20.806 0.0000000000
8677  -32.694  -62.793  -21.534 0.0000000000
7968  -32.002  -63.543  -22.743 0.0000000000
15904  -36.195  -53.585  -22.301 0.0000000000
11690  -31.252  -58.554  -14.648 0.0000000000
12506  -31.908  -57.804  -14.867 0.0000000000
8650  -33.713  -62.677  -19.460 0.0000000000
7943  -33.075  -63.680  -20.805 0.0000000000
8666  -33.254  -62.898  -20.489 0.0000000000
14155  -40.091  -55.506  -19.799 0.0000000000
13372  -38.553  -56.227  -18.736 0.0000000000
13388  -39.578  -55.860  -20.071 0.0000000000
11817  -37.399  -58.671  -21.425 0.0000000000
11054  -37.252  -59.085  -20.573 0.0000000000
13275  -40.352  -56.376  -13.321 0.0000000000
13297  -41.035  -56.089  -14.257 0.0000000000
13319  -40.794  -56.249  -15.440 0.0000000000
13338  -41.952  -55.188  -16.135 0.0000000000
15829  -40.146  -53.462  -18.486 0.0000000000
16632  -38.909  -52.971  -19.405 0.0000000000
16621  -38.856  -52.932  -19.173 0.0000000000
15763  -34.267  -53.958  -15.535 0.0000000000
15742  -34.586  -53.662  -14.756 0.0000000000
15764  -35.204  -54.276  -15.471 0.0000000000
15743  -35.563  -53.989  -14.470 0.0000000000
14939  -35.802  -54.702  -15.872 0.0000000000
14955  -35.096  -54.662  -16.381 0.0000000000
19093  -36.150  -50.038  -20.522 0.0000000000
10995  -32.710  -58.948  -17.997 0.0000000000
10994  -31.782  -58.744  -17.943 0.0000000000
11012  -32.477  -59.531  -18.303 0.0000000000
11070  -30.588  -58.782  -20.935 0.0000000000
10218  -30.613  -60.709  -21.103 0.0000000000
10217  -29.486  -60.574  -21.346 0.0000000000
15039  -38.581  -54.951  -21.742 0.0000000000
15062  -39.489  -55.585  -22.040 0.0000000000
14220  -38.104  -55.867  -22.280 0.0000000000
14239  -38.005  -56.367  -22.860 0.0000000000
13452  -37.828  -56.711  -22.503 0.0000000000
15781  -33.309  -53.884  -16.780 0.0000000000
15823  -34.070  -53.769  -18.112 0.0000000000
17390  -33.371  -51.917  -18.913 0.0000000000
9322  -28.086  -61.247  -16.444 0.0000000000
9358  -34.554  -61.752  -18.286 0.0000000000
9356  -32.665  -61.255  -18.836 0.0000000000
8628  -33.351  -62.185  -18.942 0.0000000000
7941  -31.775  -63.606  -20.570 0.0000000000
7940  -30.402  -63.218  -20.776 0.0000000000
7233  -30.174  -64.154  -21.737 0.0000000000
7246  -29.719  -64.550  -22.228 0.0000000000
7236  -32.416  -64.675  -21.770 0.0000000000
6581  -31.752  -64.943  -22.093 0.0000000000
6582  -32.163  -64.959  -22.347 0.0000000000
6595  -32.062  -64.970  -22.787 0.0000000000
7248  -32.478  -64.535  -22.461 0.0000000000
12512  -37.267  -57.302  -15.957 0.0000000000
12511  -36.358  -57.295  -15.955 0.0000000000
11738  -34.992  -58.519  -17.533 0.0000000000
11725  -36.184  -58.354  -17.764 0.0000000000
12605  -39.057  -56.931  -21.116 0.0000000000
13407  -39.011  -56.697  -20.751 0.0000000000
12604  -38.615  -57.294  -20.845 0.0000000000
11770  -37.484  -58.405  -19.900 0.0000000000
11754  -36.934  -58.638  -19.090 0.0000000000
11014  -36.463  -59.778  -18.478 0.0000000000
10161  -36.071  -60.662  -18.404 0.0000000000
11052  -36.119  -59.617  -19.984 0.0000000000
11032  -35.788  -60.154  -19.589 0.0000000000
11768  -35.321  -59.415  -19.850 0.0000000000
13355  -40.689  -55.615  -17.361 0.0000000000
13336  -40.254  -56.182  -16.522 0.0000000000
14130  -40.326  -55.343  -18.311 0.0000000000
14144  -40.924  -55.038  -18.756 0.0000000000
14983  -42.039  -54.471  -17.577 0.0000000000
15839  -41.388  -54.123  -19.333 0.0000000000
15861  -40.744  -54.240  -20.073 0.0000000000
15858  -38.028  -53.227  -20.474 0.0000000000
16677  -37.093  -53.058  -20.906 0.0000000000
15745  -37.761  -54.282  -14.371 0.0000000000
14957  -37.265  -54.746  -16.762 0.0000000000
14941  -37.799  -54.747  -15.986 0.0000000000
14982  -38.205  -54.281  -17.434 0.0000000000
15824  -35.157  -53.928  -18.313 0.0000000000
16617  -35.502  -53.086  -18.891 0.0000000000
16629  -36.715  -52.071  -19.308 0.0000000000
16618  -36.554  -52.915  -18.942 0.0000000000
16630  -37.609  -52.252  -19.533 0.0000000000
18207  -36.198  -50.601  -20.837 0.0000000000
12533  -32.871  -57.361  -16.195 0.0000000000
12532  -32.058  -57.534  -15.638 0.0000000000
11721  -31.786  -57.754  -16.496 0.0000000000
10991  -28.582  -59.742  -17.778 0.0000000000
10974  -28.683  -59.508  -16.801 0.0000000000
10139  -27.516  -60.713  -17.695 0.0000000000
9334  -27.164  -61.546  -17.559 0.0000000000
9333  -26.779  -61.783  -18.198 0.0000000000
10176  -30.240  -61.129  -19.382 0.0000000000
10175  -29.437  -60.741  -19.260 0.0000000000
9370  -29.737  -61.402  -19.664 0.0000000000
7936  -26.282  -63.408  -20.613 0.0000000000
8659  -26.311  -63.056  -20.105 0.0000000000
11836  -36.660  -58.249  -22.331 0.0000000000
12628  -35.972  -57.823  -22.081 0.0000000000
12602  -34.501  -57.823  -20.571 0.0000000000
11051  -34.524  -59.277  -19.834 0.0000000000
11788  -33.963  -58.518  -20.114 0.0000000000
10197  -31.900  -60.305  -20.712 0.0000000000
11049  -32.362  -59.492  -20.501 0.0000000000
10198  -32.768  -60.615  -20.512 0.0000000000
9411  -32.126  -61.803  -21.332 0.0000000000
8675  -31.037  -62.452  -22.041 0.0000000000
8692  -31.529  -62.996  -22.454 0.0000000000
7967  -31.346  -63.425  -23.008 0.0000000000
15037  -37.326  -54.300  -21.659 0.0000000000
14200  -37.562  -55.022  -22.108 0.0000000000
15060  -37.415  -54.798  -22.042 0.0000000000
14218  -36.965  -54.933  -22.718 0.0000000000
14237  -37.071  -55.248  -23.448 0.0000000000
18188  -33.394  -50.976  -19.159 0.0000000000
18191  -33.149  -50.270  -19.265 0.0000000000
10956  -29.470  -59.283  -15.747 0.0000000000
8651  -34.783  -62.296  -18.842 0.0000000000
8649  -32.591  -62.547  -19.446 0.0000000000
7922  -32.783  -63.334  -19.938 0.0000000000
7942  -32.803  -63.879  -20.491 0.0000000000
7217  -31.918  -64.235  -21.061 0.0000000000
7219  -32.894  -64.088  -20.900 0.0000000000
7957  -32.972  -63.471  -21.396 0.0000000000
13353  -38.309  -56.638  -17.500 0.0000000000
13352  -37.803  -56.908  -17.943 0.0000000000
13371  -37.733  -56.889  -18.558 0.0000000000
11793  -38.032  -58.112  -20.677 0.0000000000
11034  -37.051  -59.394  -19.672 0.0000000000
11053  -36.626  -59.281  -20.214 0.0000000000
11791  -36.413  -58.920  -20.603 0.0000000000
13337  -41.295  -55.627  -16.408 0.0000000000
13356  -41.396  -55.334  -17.272 0.0000000000
15815  -40.765  -53.760  -17.505 0.0000000000
15830  -41.157  -53.736  -18.428 0.0000000000
15836  -38.841  -53.097  -19.751 0.0000000000
16650  -38.291  -52.952  -20.013 0.0000000000
15744  -36.658  -54.198  -14.332 0.0000000000
14940  -36.768  -54.768  -15.910 0.0000000000
14980  -36.647  -54.505  -17.640 0.0000000000
17395  -34.872  -51.425  -19.317 0.0000000000
16628  -35.757  -52.198  -19.287 0.0000000000
12550  -33.478  -57.780  -17.092 0.0000000000
11734  -31.189  -58.193  -17.217 0.0000000000
11735  -32.173  -58.192  -17.447 0.0000000000
10993  -30.736  -58.711  -17.835 0.0000000000
11009  -29.416  -59.662  -18.404 0.0000000000
8661  -27.912  -62.505  -20.513 0.0000000000
11835  -30.993  -57.782  -22.154 0.0000000000
11813  -31.141  -58.169  -21.401 0.0000000000
11048  -31.204  -59.357  -20.740 0.0000000000
10196  -31.201  -60.275  -20.798 0.0000000000
10219  -31.578  -60.983  -21.085 0.0000000000
14203  -40.195  -55.605  -21.254 0.0000000000
13409  -40.160  -55.908  -20.997 0.0000000000
14202  -39.772  -55.738  -21.919 0.0000000000
13427  -39.685  -56.333  -21.823 0.0000000000
13439  -39.149  -56.511  -22.293 0.0000000000
12645  -38.537  -57.249  -22.283 0.0000000000
14114  -42.262  -54.752  -16.558 0.0000000000
15787  -41.220  -54.072  -16.406 0.0000000000
15813  -38.881  -53.670  -17.864 0.0000000000
14954  -34.459  -54.493  -16.788 0.0000000000
14978  -34.739  -54.511  -17.160 0.0000000000
16616  -34.319  -52.924  -18.770 0.0000000000
17394  -33.986  -51.365  -19.203 0.0000000000
19092  -35.970  -49.507  -20.285 0.0000000000
10158  -33.393  -60.427  -18.337 0.0000000000
10157  -32.320  -60.204  -18.531 0.0000000000
9371  -30.741  -61.759  -19.610 0.0000000000
8663  -29.831  -62.535  -20.421 0.0000000000
6580  -31.390  -64.815  -21.920 0.0000000000
6593  -30.728  -65.080  -22.444 0.0000000000
6607  -29.886  -65.746  -23.384 0.0000000000
6608  -30.969  -65.633  -23.371 0.0000000000
13290  -35.124  -56.883  -14.566 0.0000000000
12507  -32.711  -57.320  -15.073 0.0000000000
12484  -35.229  -56.908  -15.073 0.0000000000
12509  -34.646  -57.051  -15.651 0.0000000000
12535  -34.987  -57.464  -16.391 0.0000000000
12536  -35.765  -57.648  -16.548 0.0000000000
12552  -34.712  -57.781  -16.936 0.0000000000
12551  -34.253  -57.933  -17.188 0.0000000000
11737  -34.022  -58.568  -17.648 0.0000000000
10997  -34.622  -59.567  -17.909 0.0000000000
13386  -38.003  -56.700  -19.482 0.0000000000
12569  -37.186  -57.849  -18.842 0.0000000000
11740  -36.280  -59.020  -18.186 0.0000000000
10998  -35.412  -59.650  -17.920 0.0000000000
10143  -35.178  -60.538  -18.025 0.0000000000
9336  -34.920  -61.003  -18.076 0.0000000000
9359  -35.342  -61.397  -18.335 0.0000000000
8652  -35.132  -61.931  -18.590 0.0000000000
10180  -36.138  -60.877  -19.054 0.0000000000
9376  -35.370  -61.662  -18.866 0.0000000000
10178  -34.470  -61.309  -19.512 0.0000000000
13292  -36.411  -56.670  -14.500 0.0000000000
12487  -37.760  -57.092  -15.127 0.0000000000
12513  -38.148  -57.146  -15.864 0.0000000000
12515  -39.405  -56.881  -15.642 0.0000000000
12514  -38.956  -56.956  -15.872 0.0000000000
13334  -38.628  -56.689  -16.827 0.0000000000
13354  -39.473  -55.873  -17.668 0.0000000000
14143  -40.320  -55.289  -19.119 0.0000000000
14180  -40.385  -55.501  -20.448 0.0000000000
14146  -41.912  -54.723  -18.046 0.0000000000
14158  -41.793  -54.724  -18.655 0.0000000000
14997  -41.613  -54.610  -19.602 0.0000000000
15019  -41.300  -54.733  -20.085 0.0000000000
15018  -40.771  -54.902  -20.491 0.0000000000
15041  -40.310  -55.054  -21.086 0.0000000000
15884  -38.370  -54.256  -21.044 0.0000000000
15882  -36.826  -53.715  -21.462 0.0000000000
15767  -38.306  -54.494  -15.292 0.0000000000
14959  -38.932  -54.387  -16.399 0.0000000000
15827  -38.252  -53.262  -18.517 0.0000000000
14979  -35.536  -54.603  -17.558 0.0000000000
14991  -36.091  -54.348  -17.919 0.0000000000
15810  -36.733  -54.203  -18.014 0.0000000000
15811  -37.159  -54.128  -18.029 0.0000000000
16620  -38.342  -52.820  -19.052 0.0000000000
17410  -37.280  -52.125  -20.262 0.0000000000
11702  -30.345  -58.679  -15.384 0.0000000000
11733  -30.319  -58.412  -17.036 0.0000000000
10975  -29.171  -59.043  -16.474 0.0000000000
9321  -27.633  -61.726  -16.900 0.0000000000
10156  -31.501  -60.307  -18.797 0.0000000000
10154  -29.164  -60.217  -18.796 0.0000000000
9353  -27.844  -60.646  -18.685 0.0000000000
8644  -27.166  -62.160  -19.914 0.0000000000
9368  -27.322  -61.609  -19.367 0.0000000000
9352  -27.278  -61.103  -18.519 0.0000000000
13472  -38.088  -56.792  -23.665 0.0000000000
11858  -37.888  -57.846  -23.581 0.0000000000
11837  -37.415  -58.412  -22.612 0.0000000000
11790  -35.921  -58.732  -20.167 0.0000000000
11815  -35.734  -58.144  -20.754 0.0000000000
11030  -34.096  -60.829  -19.788 0.0000000000
11814  -32.047  -57.986  -21.017 0.0000000000
10199  -33.521  -61.251  -20.125 0.0000000000
8665  -33.097  -62.542  -20.891 0.0000000000
7956  -32.836  -63.317  -21.725 0.0000000000
8693  -32.202  -63.099  -22.181 0.0000000000
7969  -32.622  -63.633  -22.158 0.0000000000
7986  -32.209  -64.159  -23.010 0.0000000000
6610  -32.135  -64.852  -22.994 0.0000000000
7218  -32.428  -64.314  -21.022 0.0000000000
7237  -32.850  -64.155  -21.368 0.0000000000
7257  -32.134  -64.681  -23.185 0.0000000000
7955  -31.530  -64.196  -21.210 0.0000000000
8627  -32.788  -62.006  -19.120 0.0000000000
8630  -34.853  -62.039  -18.475 0.0000000000
8645  -28.105  -61.863  -19.962 0.0000000000
8647  -30.319  -62.171  -19.987 0.0000000000
9335  -34.698  -61.249  -18.153 0.0000000000
9351  -26.682  -61.941  -18.889 0.0000000000
9354  -30.916  -61.297  -19.307 0.0000000000
9357  -33.791  -61.592  -18.549 0.0000000000
9367  -26.825  -62.046  -19.426 0.0000000000
9373  -32.292  -61.808  -19.210 0.0000000000
9377  -35.762  -61.394  -18.710 0.0000000000
9389  -33.367  -62.143  -20.432 0.0000000000
10124  -27.582  -61.039  -17.088 0.0000000000
10140  -27.900  -60.191  -17.849 0.0000000000
10141  -33.814  -60.187  -18.144 0.0000000000
10142  -34.330  -60.517  -18.069 0.0000000000
10153  -28.327  -60.261  -18.532 0.0000000000
10155  -30.342  -60.438  -19.045 0.0000000000
10160  -35.645  -60.829  -18.123 0.0000000000
10174  -28.810  -60.543  -18.971 0.0000000000
10177  -34.035  -61.395  -19.794 0.0000000000
10181  -36.702  -60.104  -19.227 0.0000000000
10946  -30.754  -59.252  -14.650 0.0000000000
10955  -28.942  -59.474  -16.224 0.0000000000
10996  -33.652  -59.521  -18.047 0.0000000000
10999  -36.004  -59.788  -18.120 0.0000000000
11008  -28.821  -59.908  -18.398 0.0000000000
11011  -31.542  -59.424  -18.412 0.0000000000
11071  -36.754  -59.019  -20.763 0.0000000000
11701  -29.821  -58.799  -15.798 0.0000000000
11703  -31.235  -57.895  -15.530 0.0000000000
11720  -30.698  -58.123  -16.328 0.0000000000
11723  -35.259  -57.863  -16.979 0.0000000000
11753  -36.605  -58.944  -18.625 0.0000000000
12480  -31.927  -58.237  -14.374 0.0000000000
12483  -34.508  -56.947  -14.653 0.0000000000
12486  -36.872  -57.007  -15.193 0.0000000000
12489  -39.361  -56.899  -15.181 0.0000000000
12510  -35.499  -57.161  -15.819 0.0000000000
12534  -34.072  -57.404  -16.433 0.0000000000
12540  -38.875  -56.854  -16.293 0.0000000000
12583  -38.140  -57.286  -20.144 0.0000000000
12603  -35.296  -58.068  -20.506 0.0000000000
12630  -39.211  -56.956  -21.633 0.0000000000
12646  -39.009  -56.779  -22.116 0.0000000000
13291  -35.633  -56.770  -14.535 0.0000000000
13317  -39.360  -56.830  -15.908 0.0000000000
13428  -40.043  -56.094  -21.284 0.0000000000
14132  -41.696  -54.989  -17.665 0.0000000000
14133  -42.016  -54.787  -17.363 0.0000000000
14145  -41.545  -54.909  -18.394 0.0000000000
14157  -41.421  -54.830  -19.168 0.0000000000
14181  -41.088  -54.906  -19.937 0.0000000000
14201  -37.824  -55.167  -22.117 0.0000000000
14938  -35.364  -54.590  -15.869 0.0000000000
14942  -38.600  -54.555  -16.052 0.0000000000
14990  -35.788  -54.227  -18.054 0.0000000000
14992  -41.931  -54.514  -18.486 0.0000000000
14998  -41.786  -54.639  -19.024 0.0000000000
15061  -39.048  -55.485  -22.103 0.0000000000
15782  -34.121  -54.276  -16.338 0.0000000000
15784  -38.596  -54.127  -17.429 0.0000000000
15807  -33.367  -53.824  -17.311 0.0000000000
15808  -33.954  -54.236  -17.285 0.0000000000
15840  -41.785  -54.387  -19.012 0.0000000000
16608  -32.846  -53.363  -17.408 0.0000000000
