#!ascii label  , from subject 201818 vox2ras=TkReg
2044
63100  45.327  4.627  11.387 0.0000000000
52081  42.628  -4.537  27.363 0.0000000000
50992  31.900  -5.670  23.740 0.0000000000
47501  23.407  -8.164  28.986 0.0000000000
55621  37.229  -1.651  31.423 0.0000000000
41193  42.352  -14.399  28.337 0.0000000000
54571  46.120  -2.823  18.764 0.0000000000
70215  53.541  11.063  5.349 0.0000000000
58301  48.055  0.595  22.931 0.0000000000
51035  41.460  -5.513  22.050 0.0000000000
46565  37.941  -9.770  17.005 0.0000000000
48675  32.050  -7.660  29.315 0.0000000000
47569  27.690  -7.863  26.059 0.0000000000
47439  27.680  -7.836  32.298 0.0000000000
53271  33.889  -3.054  27.703 0.0000000000
66629  49.027  7.412  20.567 0.0000000000
59316  43.134  1.614  30.891 0.0000000000
60540  44.966  2.685  26.598 0.0000000000
62934  43.355  3.900  22.967 0.0000000000
53329  40.023  -3.922  23.987 0.0000000000
48807  40.346  -7.908  18.702 0.0000000000
45509  43.487  -10.669  21.703 0.0000000000
40003  38.818  -15.471  26.576 0.0000000000
40061  37.505  -15.933  22.833 0.0000000000
66828  48.529  7.517  7.678 0.0000000000
67934  47.050  8.204  3.465 0.0000000000
45512  34.416  -10.211  22.448 0.0000000000
46527  29.157  -9.375  21.404 0.0000000000
57049  40.157  -0.474  25.719 0.0000000000
44468  45.949  -11.039  26.269 0.0000000000
50931  38.936  -5.658  27.716 0.0000000000
47613  36.464  -8.472  25.213 0.0000000000
60704  43.447  2.385  16.376 0.0000000000
48558  25.010  -6.613  36.776 0.0000000000
49763  20.615  -6.355  33.224 0.0000000000
67840  52.792  8.804  12.061 0.0000000000
64386  48.615  4.996  14.590 0.0000000000
61808  45.875  4.020  18.439 0.0000000000
54490  47.703  -2.502  22.464 0.0000000000
49870  48.408  -5.942  22.526 0.0000000000
69994  46.115  10.253  22.303 0.0000000000
57148  44.691  -0.698  20.688 0.0000000000
51082  44.840  -5.162  19.939 0.0000000000
52235  41.088  -4.672  17.795 0.0000000000
44528  40.372  -11.793  22.537 0.0000000000
47435  31.748  -8.512  32.714 0.0000000000
47473  30.345  -8.184  30.823 0.0000000000
47423  30.043  -8.535  33.858 0.0000000000
48646  33.822  -7.282  31.571 0.0000000000
59370  42.504  1.183  26.285 0.0000000000
57047  42.876  -0.633  25.626 0.0000000000
57066  42.642  -0.404  24.462 0.0000000000
52102  41.439  -4.393  25.822 0.0000000000
46484  40.217  -8.779  24.141 0.0000000000
46463  41.713  -9.550  26.290 0.0000000000
39986  37.481  -16.405  27.937 0.0000000000
36034  39.241  -19.579  27.679 0.0000000000
64484  47.258  5.921  9.438 0.0000000000
64541  46.197  5.804  7.240 0.0000000000
63164  44.508  4.420  8.724 0.0000000000
48776  33.892  -7.086  21.502 0.0000000000
46506  32.649  -9.892  21.702 0.0000000000
49901  30.127  -6.782  21.266 0.0000000000
47547  25.301  -8.197  27.376 0.0000000000
47617  25.250  -8.293  24.454 0.0000000000
47598  23.336  -8.737  25.617 0.0000000000
47552  21.151  -8.463  27.297 0.0000000000
56948  40.102  0.215  30.749 0.0000000000
56992  38.456  0.011  28.206 0.0000000000
53270  40.002  -3.940  27.045 0.0000000000
55697  37.170  -1.088  26.706 0.0000000000
52108  33.142  -4.278  25.278 0.0000000000
52105  36.162  -4.166  24.730 0.0000000000
51011  34.888  -5.215  23.270 0.0000000000
46495  35.990  -9.714  23.624 0.0000000000
57203  43.816  -0.247  17.429 0.0000000000
58420  43.234  -0.312  15.020 0.0000000000
55932  45.795  -2.274  16.774 0.0000000000
50778  19.200  -5.294  35.559 0.0000000000
64357  47.293  5.373  16.489 0.0000000000
65535  48.191  6.679  17.467 0.0000000000
60597  49.335  1.894  22.568 0.0000000000
58325  48.640  0.806  21.122 0.0000000000
55783  48.579  -1.623  23.849 0.0000000000
52140  49.189  -4.982  23.502 0.0000000000
53326  47.564  -3.396  24.352 0.0000000000
57151  40.610  -1.153  20.550 0.0000000000
61775  43.036  3.048  20.380 0.0000000000
53401  41.854  -3.577  20.641 0.0000000000
51032  44.517  -5.255  22.324 0.0000000000
51055  43.253  -5.825  21.582 0.0000000000
52219  42.744  -4.460  18.345 0.0000000000
51071  41.609  -6.001  20.368 0.0000000000
49937  39.255  -6.657  16.573 0.0000000000
42393  43.424  -13.458  27.361 0.0000000000
43537  43.230  -12.290  24.768 0.0000000000
42418  41.744  -13.824  25.627 0.0000000000
43577  36.131  -13.377  20.999 0.0000000000
72604  54.055  12.134  1.643 0.0000000000
70245  52.213  11.044  3.288 0.0000000000
49827  31.688  -6.876  27.082 0.0000000000
48721  30.476  -6.826  24.951 0.0000000000
48691  30.186  -7.922  28.148 0.0000000000
47496  28.143  -8.010  29.578 0.0000000000
47457  25.598  -7.954  31.013 0.0000000000
51965  36.003  -3.979  32.725 0.0000000000
54395  35.748  -2.057  30.290 0.0000000000
51987  34.711  -4.890  31.679 0.0000000000
50914  32.926  -5.594  28.654 0.0000000000
67747  49.646  8.798  18.791 0.0000000000
65474  49.382  6.294  22.530 0.0000000000
60565  44.165  2.572  24.984 0.0000000000
57084  41.512  -0.527  22.955 0.0000000000
51037  39.677  -5.380  22.448 0.0000000000
49914  40.702  -6.820  20.801 0.0000000000
48762  40.053  -7.629  23.003 0.0000000000
46543  41.448  -9.796  20.045 0.0000000000
45558  40.938  -10.686  18.193 0.0000000000
39984  40.754  -15.319  27.421 0.0000000000
40021  40.466  -15.816  25.478 0.0000000000
36901  39.909  -18.588  26.385 0.0000000000
69052  50.854  9.357  6.492 0.0000000000
69079  49.763  9.408  4.465 0.0000000000
66860  47.878  7.901  5.359 0.0000000000
48768  27.377  -7.756  22.162 0.0000000000
58213  40.953  1.352  29.303 0.0000000000
54403  42.903  -3.454  28.150 0.0000000000
47510  43.779  -8.425  28.308 0.0000000000
48658  43.151  -7.168  30.160 0.0000000000
46408  41.728  -9.483  29.914 0.0000000000
45442  39.772  -10.189  28.495 0.0000000000
54446  36.561  -2.638  25.496 0.0000000000
48708  37.865  -7.798  27.010 0.0000000000
44459  39.466  -11.165  26.661 0.0000000000
43516  38.346  -12.414  25.477 0.0000000000
42423  37.125  -13.519  25.493 0.0000000000
61867  44.087  3.619  13.505 0.0000000000
60768  42.799  2.591  11.107 0.0000000000
59578  42.410  1.333  12.836 0.0000000000
48613  26.319  -7.374  35.005 0.0000000000
48625  24.511  -7.506  32.774 0.0000000000
49721  22.488  -6.418  35.076 0.0000000000
48639  21.796  -7.306  32.009 0.0000000000
70181  52.842  10.216  8.524 0.0000000000
67853  50.762  8.502  10.078 0.0000000000
65629  48.836  6.478  11.287 0.0000000000
63080  47.230  4.834  13.046 0.0000000000
61853  45.934  4.016  15.029 0.0000000000
61820  44.679  3.439  17.237 0.0000000000
58368  45.408  0.649  18.548 0.0000000000
62984  47.568  4.851  19.729 0.0000000000
58346  47.360  0.888  19.914 0.0000000000
54530  46.438  -2.238  20.422 0.0000000000
52181  48.565  -4.640  21.695 0.0000000000
49909  49.771  -6.078  21.725 0.0000000000
65476  47.929  6.782  21.967 0.0000000000
66601  44.787  7.520  22.700 0.0000000000
65501  45.417  6.102  20.750 0.0000000000
58317  46.614  0.594  21.852 0.0000000000
53361  45.979  -3.701  23.084 0.0000000000
51067  46.359  -5.546  21.097 0.0000000000
51102  40.351  -6.274  18.357 0.0000000000
45479  44.232  -10.913  23.732 0.0000000000
44526  42.537  -11.683  21.750 0.0000000000
45539  39.550  -10.807  20.273 0.0000000000
42446  38.183  -13.348  22.952 0.0000000000
45541  37.379  -10.748  20.774 0.0000000000
47422  31.168  -8.681  33.565 0.0000000000
46352  30.812  -8.561  34.904 0.0000000000
54425  42.998  -2.581  26.627 0.0000000000
58248  42.841  0.410  25.873 0.0000000000
54426  42.837  -2.683  26.041 0.0000000000
53303  42.249  -3.224  25.618 0.0000000000
52082  41.924  -4.686  26.733 0.0000000000
49832  40.691  -6.593  26.450 0.0000000000
48697  41.617  -7.492  27.566 0.0000000000
63119  45.881  5.032  10.492 0.0000000000
64508  45.981  5.358  8.823 0.0000000000
63143  44.430  4.386  9.728 0.0000000000
51039  33.193  -5.505  22.401 0.0000000000
49899  31.946  -6.354  21.133 0.0000000000
51015  31.854  -5.854  22.795 0.0000000000
47520  24.794  -8.175  28.272 0.0000000000
47572  24.771  -8.385  26.468 0.0000000000
47549  23.502  -8.355  27.332 0.0000000000
47575  22.235  -8.681  26.427 0.0000000000
47523  22.295  -8.202  28.063 0.0000000000
54361  37.342  -2.356  33.043 0.0000000000
55599  38.230  -1.461  32.325 0.0000000000
56927  38.808  -0.590  31.459 0.0000000000
55638  37.859  -0.624  30.085 0.0000000000
56993  37.799  -0.482  27.956 0.0000000000
55659  37.229  -0.867  29.014 0.0000000000
52109  32.809  -4.766  24.576 0.0000000000
52127  34.136  -3.976  24.328 0.0000000000
52149  33.776  -4.838  23.400 0.0000000000
49876  34.688  -6.503  22.562 0.0000000000
55895  44.917  -1.283  18.400 0.0000000000
55913  44.159  -1.099  17.282 0.0000000000
54587  45.784  -2.528  17.883 0.0000000000
65532  51.298  6.401  17.176 0.0000000000
64338  49.992  6.059  16.949 0.0000000000
66673  49.875  7.277  17.661 0.0000000000
59418  48.670  1.579  22.849 0.0000000000
57079  49.004  0.270  22.911 0.0000000000
57080  48.566  -0.591  23.514 0.0000000000
54460  48.095  -2.415  24.382 0.0000000000
57081  47.890  -0.578  23.585 0.0000000000
52186  40.319  -4.251  21.085 0.0000000000
54534  41.342  -2.413  20.013 0.0000000000
52185  41.455  -4.611  21.297 0.0000000000
52167  42.805  -5.082  22.242 0.0000000000
49893  42.597  -5.993  22.052 0.0000000000
51070  42.739  -5.757  20.759 0.0000000000
49913  41.788  -6.415  21.244 0.0000000000
41192  42.919  -14.348  28.196 0.0000000000
42406  42.814  -13.794  26.514 0.0000000000
41206  42.061  -15.205  26.548 0.0000000000
71422  53.561  11.591  3.605 0.0000000000
70229  53.054  11.179  4.167 0.0000000000
48689  31.774  -7.222  27.991 0.0000000000
48701  31.217  -7.225  27.077 0.0000000000
48676  31.263  -7.915  29.209 0.0000000000
47453  29.551  -8.207  31.674 0.0000000000
47495  29.160  -8.003  29.736 0.0000000000
47475  28.353  -8.102  30.544 0.0000000000
47497  27.125  -7.929  29.417 0.0000000000
47440  26.698  -7.778  32.062 0.0000000000
50805  35.839  -5.125  33.205 0.0000000000
51986  35.229  -4.282  32.000 0.0000000000
50844  34.848  -5.399  32.018 0.0000000000
48647  33.247  -7.733  31.327 0.0000000000
49800  33.437  -6.716  30.554 0.0000000000
49807  32.860  -6.673  29.270 0.0000000000
49816  32.528  -6.224  28.157 0.0000000000
59368  44.332  2.380  27.025 0.0000000000
60510  45.684  3.146  28.047 0.0000000000
61647  45.838  3.835  27.505 0.0000000000
61680  44.849  4.046  25.877 0.0000000000
60552  44.517  2.616  25.794 0.0000000000
54463  41.519  -2.408  24.271 0.0000000000
57083  42.150  -0.365  23.720 0.0000000000
53343  40.292  -2.995  23.537 0.0000000000
54495  39.540  -3.120  22.291 0.0000000000
52146  39.401  -4.548  23.083 0.0000000000
49875  39.588  -6.257  22.991 0.0000000000
49854  39.524  -6.532  23.787 0.0000000000
45492  42.146  -10.430  22.987 0.0000000000
46502  40.584  -9.472  22.435 0.0000000000
46534  42.285  -10.212  20.368 0.0000000000
45556  42.208  -10.313  18.702 0.0000000000
44550  42.905  -11.098  19.721 0.0000000000
39985  40.066  -15.815  27.093 0.0000000000
37786  40.756  -17.706  26.972 0.0000000000
36885  40.294  -18.087  27.603 0.0000000000
67894  50.403  8.859  7.268 0.0000000000
67905  49.337  8.267  6.513 0.0000000000
66838  48.502  7.734  6.804 0.0000000000
64554  45.443  5.538  5.749 0.0000000000
43542  34.879  -12.573  24.407 0.0000000000
44511  33.799  -11.739  23.729 0.0000000000
48723  28.319  -7.551  25.467 0.0000000000
48752  28.965  -6.986  23.242 0.0000000000
48737  27.566  -7.535  24.418 0.0000000000
46496  24.367  -9.255  23.113 0.0000000000
47646  25.530  -8.697  22.620 0.0000000000
58214  40.059  0.860  28.920 0.0000000000
58203  40.988  0.792  30.495 0.0000000000
58251  40.387  0.302  26.057 0.0000000000
58250  41.377  0.575  26.041 0.0000000000
54405  42.163  -3.253  28.028 0.0000000000
50887  43.098  -5.624  29.592 0.0000000000
53240  41.801  -4.124  29.013 0.0000000000
50930  39.448  -5.173  28.037 0.0000000000
49806  40.425  -6.819  29.458 0.0000000000
48687  40.121  -7.719  29.310 0.0000000000
45432  40.739  -10.202  29.575 0.0000000000
47513  39.122  -8.668  28.830 0.0000000000
54397  34.573  -2.724  29.196 0.0000000000
55699  35.800  -1.460  27.376 0.0000000000
54433  34.861  -2.493  26.373 0.0000000000
49841  36.981  -6.458  25.011 0.0000000000
50971  37.343  -5.512  25.427 0.0000000000
47592  36.947  -8.495  25.961 0.0000000000
46465  38.000  -9.417  26.846 0.0000000000
45461  38.152  -10.004  26.183 0.0000000000
44470  39.125  -11.567  26.111 0.0000000000
45471  37.994  -10.403  25.442 0.0000000000
46503  35.328  -9.351  22.961 0.0000000000
44489  37.114  -11.516  24.501 0.0000000000
44509  35.645  -11.318  23.611 0.0000000000
61856  43.401  3.050  14.319 0.0000000000
60738  42.776  2.427  12.922 0.0000000000
60727  42.382  1.719  14.372 0.0000000000
57272  43.815  -0.248  13.579 0.0000000000
48596  25.579  -7.114  35.455 0.0000000000
47414  25.150  -7.500  33.044 0.0000000000
48597  24.598  -7.124  35.031 0.0000000000
49722  21.201  -5.590  35.292 0.0000000000
49742  21.486  -6.344  34.152 0.0000000000
48617  22.156  -6.871  33.765 0.0000000000
48640  20.799  -6.834  32.111 0.0000000000
48665  20.094  -7.357  30.306 0.0000000000
48652  19.841  -6.871  31.377 0.0000000000
70179  54.498  11.054  8.427 0.0000000000
68984  52.639  9.358  10.846 0.0000000000
67851  52.376  8.954  11.390 0.0000000000
66788  49.896  7.489  10.556 0.0000000000
66775  50.934  7.544  11.780 0.0000000000
64404  49.396  5.729  13.603 0.0000000000
64424  48.190  5.416  12.775 0.0000000000
63079  47.874  4.974  13.643 0.0000000000
63063  46.521  4.400  13.615 0.0000000000
63050  47.408  4.593  14.847 0.0000000000
63010  46.249  5.311  17.400 0.0000000000
63011  45.641  4.734  17.015 0.0000000000
61819  45.191  3.919  17.733 0.0000000000
59507  45.242  1.842  18.151 0.0000000000
59506  46.179  1.981  18.682 0.0000000000
67726  49.213  8.812  19.790 0.0000000000
67748  48.820  8.063  18.676 0.0000000000
65499  48.579  6.572  20.281 0.0000000000
57122  48.441  -0.131  21.733 0.0000000000
58326  48.071  0.836  20.579 0.0000000000
57145  47.464  -0.271  20.610 0.0000000000
57146  46.745  -0.922  20.244 0.0000000000
54511  47.282  -2.455  21.698 0.0000000000
52182  47.744  -4.031  21.441 0.0000000000
53359  47.520  -3.337  21.998 0.0000000000
49868  49.206  -5.814  23.233 0.0000000000
49890  49.681  -5.940  22.647 0.0000000000
49891  49.082  -6.152  22.209 0.0000000000
49911  48.278  -5.999  20.912 0.0000000000
68837  46.915  8.952  21.604 0.0000000000
64261  44.758  5.678  24.626 0.0000000000
65466  44.708  6.966  23.654 0.0000000000
64281  43.871  5.396  22.462 0.0000000000
59483  43.614  1.496  19.776 0.0000000000
64303  44.494  5.341  20.677 0.0000000000
60636  44.636  2.419  20.192 0.0000000000
61771  46.240  4.161  20.945 0.0000000000
57125  45.638  -0.670  21.488 0.0000000000
54492  45.864  -2.656  22.556 0.0000000000
54493  45.379  -3.308  22.416 0.0000000000
51054  44.257  -5.430  21.679 0.0000000000
51053  45.426  -5.438  21.851 0.0000000000
51068  45.169  -5.303  20.938 0.0000000000
51081  46.039  -5.316  20.069 0.0000000000
51096  45.587  -5.119  19.115 0.0000000000
51097  44.515  -4.770  18.832 0.0000000000
52220  41.866  -4.652  18.370 0.0000000000
52233  43.127  -4.143  17.636 0.0000000000
49915  40.211  -7.380  20.094 0.0000000000
49926  40.482  -6.768  19.875 0.0000000000
49930  40.293  -7.055  18.466 0.0000000000
51114  39.523  -6.124  16.854 0.0000000000
46459  45.502  -9.791  27.018 0.0000000000
46461  44.062  -10.073  26.705 0.0000000000
45477  45.876  -10.897  25.140 0.0000000000
43554  42.199  -12.113  23.573 0.0000000000
43563  42.979  -11.794  22.693 0.0000000000
44527  41.432  -11.729  21.983 0.0000000000
44552  40.803  -11.305  20.147 0.0000000000
44543  39.458  -11.173  21.539 0.0000000000
40042  38.718  -16.222  24.142 0.0000000000
41229  39.568  -14.874  24.404 0.0000000000
42440  38.146  -14.451  23.243 0.0000000000
44546  36.475  -12.084  21.268 0.0000000000
45551  36.634  -10.270  19.990 0.0000000000
67927  48.916  9.147  4.146 0.0000000000
69094  49.876  9.960  3.274 0.0000000000
60804  43.524  2.575  8.833 0.0000000000
47471  32.041  -8.223  31.102 0.0000000000
47493  31.120  -8.055  29.959 0.0000000000
47451  31.486  -8.369  31.849 0.0000000000
47437  29.762  -8.286  32.703 0.0000000000
47424  28.865  -8.094  33.621 0.0000000000
47449  33.048  -8.219  32.182 0.0000000000
59339  42.794  2.223  28.315 0.0000000000
59327  44.119  2.267  29.501 0.0000000000
59352  42.662  1.905  27.105 0.0000000000
59369  43.379  1.617  26.282 0.0000000000
58262  43.213  0.474  25.485 0.0000000000
59386  43.641  1.436  25.453 0.0000000000
57065  42.917  -0.406  25.057 0.0000000000
53327  41.640  -2.996  24.839 0.0000000000
52103  40.567  -4.743  25.295 0.0000000000
49846  39.620  -6.546  24.635 0.0000000000
49838  40.136  -6.625  25.709 0.0000000000
47589  40.613  -8.976  25.216 0.0000000000
45469  42.244  -10.348  24.718 0.0000000000
38866  38.431  -16.665  27.262 0.0000000000
37773  39.414  -17.871  27.725 0.0000000000
37757  38.765  -18.022  28.518 0.0000000000
65672  47.498  6.274  8.662 0.0000000000
65685  47.518  6.813  7.367 0.0000000000
64526  46.403  5.772  8.133 0.0000000000
64527  45.727  5.336  7.743 0.0000000000
46504  34.650  -9.080  22.263 0.0000000000
46505  33.720  -9.628  21.919 0.0000000000
46523  33.099  -8.890  21.328 0.0000000000
47673  31.538  -7.974  20.616 0.0000000000
47675  29.339  -8.108  20.669 0.0000000000
47570  26.771  -7.987  26.279 0.0000000000
47595  26.041  -8.069  25.327 0.0000000000
47596  25.075  -8.386  25.505 0.0000000000
47618  24.403  -8.584  24.741 0.0000000000
46479  21.303  -9.824  25.753 0.0000000000
56970  39.505  0.331  29.723 0.0000000000
57011  39.136  0.324  27.423 0.0000000000
54428  40.551  -2.759  26.488 0.0000000000
55739  39.087  -1.863  25.525 0.0000000000
54444  38.560  -2.517  25.611 0.0000000000
53286  38.566  -3.902  26.150 0.0000000000
53272  33.373  -3.716  27.184 0.0000000000
53289  34.275  -2.978  26.301 0.0000000000
53310  34.298  -3.568  25.190 0.0000000000
50988  36.040  -4.962  23.939 0.0000000000
48733  35.871  -7.453  24.082 0.0000000000
46486  36.591  -9.579  24.516 0.0000000000
48749  35.401  -7.402  23.383 0.0000000000
47642  35.117  -8.283  22.870 0.0000000000
58388  43.270  0.382  16.841 0.0000000000
59541  42.556  0.660  15.563 0.0000000000
57204  43.467  -0.508  16.796 0.0000000000
55949  44.354  -1.428  15.988 0.0000000000
50759  20.307  -4.947  36.546 0.0000000000
49743  20.155  -5.764  34.372 0.0000000000
49780  18.742  -6.515  32.640 0.0000000000
49765  18.455  -6.367  33.466 0.0000000000
64368  49.673  5.304  15.861 0.0000000000
63036  47.536  4.750  15.653 0.0000000000
64355  48.589  5.506  16.404 0.0000000000
64340  48.032  5.999  16.849 0.0000000000
64322  46.766  5.948  17.948 0.0000000000
62971  49.719  4.467  21.290 0.0000000000
62972  49.153  4.597  20.757 0.0000000000
59439  49.288  1.296  21.722 0.0000000000
57101  48.755  -0.459  22.749 0.0000000000
55806  48.123  -1.789  22.715 0.0000000000
53340  48.098  -3.482  23.527 0.0000000000
54474  48.449  -2.439  23.714 0.0000000000
50984  48.533  -4.591  24.264 0.0000000000
51006  47.922  -4.967  24.107 0.0000000000
59443  42.017  1.845  21.764 0.0000000000
61754  43.007  3.780  21.334 0.0000000000
59461  42.005  1.622  20.633 0.0000000000
57173  42.402  -0.465  19.637 0.0000000000
55850  43.152  -1.459  20.105 0.0000000000
54515  43.980  -3.088  21.372 0.0000000000
52183  43.084  -4.505  21.956 0.0000000000
51069  43.980  -5.398  20.824 0.0000000000
51098  43.236  -4.910  18.926 0.0000000000
51083  43.621  -5.183  19.839 0.0000000000
51084  42.335  -5.254  19.653 0.0000000000
52221  41.311  -4.895  18.415 0.0000000000
47694  40.441  -8.430  17.483 0.0000000000
48815  40.078  -7.550  17.281 0.0000000000
47701  39.800  -8.290  16.979 0.0000000000
48830  38.315  -7.441  15.922 0.0000000000
48831  37.609  -7.521  15.495 0.0000000000
43492  44.615  -12.133  27.101 0.0000000000
43535  44.892  -11.907  25.572 0.0000000000
42416  43.402  -12.900  25.984 0.0000000000
42429  41.948  -12.999  25.072 0.0000000000
42437  40.304  -12.995  24.088 0.0000000000
42461  36.562  -14.295  21.601 0.0000000000
42462  35.663  -14.227  20.793 0.0000000000
72583  54.893  12.166  2.861 0.0000000000
71440  53.412  11.720  2.667 0.0000000000
71442  51.847  11.055  1.980 0.0000000000
49842  31.845  -5.797  25.752 0.0000000000
49850  30.825  -6.449  24.117 0.0000000000
48709  31.117  -6.893  25.884 0.0000000000
48710  30.339  -7.324  26.122 0.0000000000
48703  29.093  -7.769  27.271 0.0000000000
47494  30.133  -8.010  29.896 0.0000000000
47516  28.900  -8.045  28.784 0.0000000000
47545  27.648  -7.995  27.314 0.0000000000
47518  26.827  -8.030  28.390 0.0000000000
47498  26.110  -7.989  29.292 0.0000000000
47479  24.484  -7.939  29.963 0.0000000000
54370  36.558  -2.506  32.247 0.0000000000
55640  36.213  -1.877  30.330 0.0000000000
53226  35.864  -2.884  31.654 0.0000000000
53228  34.925  -3.617  30.837 0.0000000000
53256  33.962  -3.419  28.972 0.0000000000
49786  34.075  -6.527  31.501 0.0000000000
50892  33.650  -5.212  30.012 0.0000000000
52052  33.341  -4.792  29.089 0.0000000000
52070  32.972  -4.623  27.978 0.0000000000
50954  32.141  -5.530  26.774 0.0000000000
53414  47.440  -3.787  19.697 0.0000000000
53424  46.954  -3.360  18.851 0.0000000000
53413  48.559  -3.971  19.586 0.0000000000
66651  50.232  8.071  17.991 0.0000000000
67691  49.783  7.812  21.410 0.0000000000
65485  49.964  6.202  21.991 0.0000000000
62945  49.699  4.053  22.572 0.0000000000
62946  49.062  4.327  22.686 0.0000000000
62921  44.941  5.182  25.151 0.0000000000
61702  43.848  3.423  24.228 0.0000000000
59395  43.660  1.786  24.845 0.0000000000
58288  42.406  0.707  23.446 0.0000000000
59421  42.346  1.606  22.719 0.0000000000
57105  40.929  -0.723  21.907 0.0000000000
54517  39.606  -3.095  21.669 0.0000000000
51036  40.509  -5.684  22.073 0.0000000000
49873  41.238  -6.302  22.206 0.0000000000
49896  40.607  -7.171  22.120 0.0000000000
48775  40.468  -7.665  22.019 0.0000000000
48790  40.263  -8.101  20.847 0.0000000000
47629  39.972  -8.283  23.497 0.0000000000
47671  40.525  -9.194  20.956 0.0000000000
47689  40.874  -8.855  18.947 0.0000000000
46562  41.051  -9.320  17.887 0.0000000000
45567  40.890  -10.010  17.694 0.0000000000
45569  39.348  -10.392  17.634 0.0000000000
39983  41.841  -15.350  27.883 0.0000000000
38831  42.070  -16.101  27.098 0.0000000000
38832  41.721  -16.372  27.493 0.0000000000
38890  39.651  -16.985  25.403 0.0000000000
38909  38.528  -17.126  24.238 0.0000000000
36040  39.810  -19.101  26.991 0.0000000000
37808  37.910  -17.990  24.114 0.0000000000
69061  52.125  10.050  6.436 0.0000000000
69077  51.219  10.071  5.075 0.0000000000
69063  50.583  9.514  5.583 0.0000000000
67916  49.376  8.843  5.247 0.0000000000
67929  47.270  8.043  4.251 0.0000000000
65698  47.068  6.885  6.235 0.0000000000
66851  46.810  7.189  5.243 0.0000000000
48750  30.218  -6.689  23.416 0.0000000000
48767  28.461  -7.112  22.198 0.0000000000
48782  27.572  -8.079  21.529 0.0000000000
47632  26.160  -8.088  22.962 0.0000000000
47645  26.446  -8.432  22.102 0.0000000000
58211  42.492  1.329  30.634 0.0000000000
59353  41.741  1.467  26.700 0.0000000000
55715  42.450  -1.511  26.309 0.0000000000
52080  43.027  -4.145  27.926 0.0000000000
49821  42.339  -6.547  28.149 0.0000000000
49812  43.223  -6.611  29.021 0.0000000000
48671  43.726  -7.502  29.160 0.0000000000
46405  44.130  -8.788  28.946 0.0000000000
50889  41.369  -5.727  29.859 0.0000000000
47469  42.166  -8.039  30.274 0.0000000000
45438  43.543  -10.398  28.690 0.0000000000
45439  42.933  -10.984  28.866 0.0000000000
43457  42.659  -12.613  28.597 0.0000000000
43459  41.210  -11.953  28.231 0.0000000000
55678  36.350  -1.214  28.200 0.0000000000
55720  36.668  -1.598  26.341 0.0000000000
53287  37.954  -4.021  25.898 0.0000000000
53308  36.398  -3.444  25.240 0.0000000000
50952  37.909  -5.644  26.184 0.0000000000
49824  38.258  -7.345  27.235 0.0000000000
47542  38.359  -8.668  27.893 0.0000000000
45450  39.467  -10.383  27.823 0.0000000000
42395  41.135  -13.230  27.765 0.0000000000
42407  40.520  -13.068  27.150 0.0000000000
41208  39.768  -14.103  26.556 0.0000000000
41209  38.947  -14.297  26.226 0.0000000000
45482  37.349  -10.550  24.712 0.0000000000
43517  37.437  -12.554  24.998 0.0000000000
41210  37.900  -14.630  26.241 0.0000000000
42410  37.503  -13.940  25.915 0.0000000000
61882  44.976  4.149  12.448 0.0000000000
61892  44.033  3.957  11.319 0.0000000000
61884  43.166  2.908  12.464 0.0000000000
58436  42.601  0.476  14.057 0.0000000000
57292  43.700  -0.033  12.961 0.0000000000
54598  46.235  -2.586  17.472 0.0000000000
47409  30.093  -8.264  35.075 0.0000000000
47410  28.974  -8.054  34.772 0.0000000000
47411  27.887  -7.787  34.464 0.0000000000
47400  27.064  -7.624  35.064 0.0000000000
47426  26.771  -7.554  33.005 0.0000000000
47427  25.875  -7.692  32.675 0.0000000000
47442  24.830  -7.886  31.749 0.0000000000
47459  23.849  -8.001  30.646 0.0000000000
48576  23.882  -6.779  35.475 0.0000000000
48616  23.135  -7.246  33.796 0.0000000000
48638  23.011  -7.715  31.862 0.0000000000
47461  22.423  -7.799  30.080 0.0000000000
48678  21.193  -7.731  29.158 0.0000000000
70203  54.300  11.305  6.175 0.0000000000
70205  52.913  10.335  6.952 0.0000000000
69040  51.536  9.566  7.720 0.0000000000
67881  50.970  9.128  8.197 0.0000000000
70163  53.916  10.548  9.923 0.0000000000
67866  51.081  8.952  9.375 0.0000000000
66817  49.432  7.898  8.777 0.0000000000
65653  48.579  6.833  9.315 0.0000000000
65640  48.076  6.083  10.392 0.0000000000
64465  46.734  5.323  10.915 0.0000000000
65618  49.888  6.540  12.194 0.0000000000
64425  47.434  5.093  12.429 0.0000000000
63082  45.752  4.539  12.001 0.0000000000
61881  45.723  4.264  13.354 0.0000000000
61855  44.283  3.513  14.579 0.0000000000
61842  44.481  3.427  15.520 0.0000000000
63037  46.479  4.382  15.471 0.0000000000
61830  44.437  3.460  16.465 0.0000000000
60703  43.939  2.963  16.576 0.0000000000
59525  44.307  1.581  17.663 0.0000000000
57188  44.848  -0.201  18.244 0.0000000000
55875  45.665  -1.346  19.259 0.0000000000
66652  49.308  7.916  18.122 0.0000000000
66638  47.667  7.047  18.558 0.0000000000
62985  46.819  4.956  19.139 0.0000000000
60653  48.244  2.978  20.343 0.0000000000
60654  47.515  2.944  19.665 0.0000000000
60678  46.554  3.144  18.950 0.0000000000
58347  46.441  0.812  19.138 0.0000000000
55874  46.272  -1.476  20.005 0.0000000000
54551  45.907  -2.338  19.540 0.0000000000
52198  47.544  -3.927  20.603 0.0000000000
52197  48.420  -4.321  20.862 0.0000000000
52162  48.521  -4.463  22.773 0.0000000000
51049  50.215  -5.458  21.953 0.0000000000
65475  48.711  6.551  22.374 0.0000000000
60616  48.032  2.696  22.300 0.0000000000
67681  45.271  8.440  22.165 0.0000000000
64293  44.108  5.668  21.389 0.0000000000
66622  44.972  7.145  21.513 0.0000000000
67694  45.657  8.213  21.505 0.0000000000
64292  46.685  5.764  21.136 0.0000000000
60617  47.165  2.810  21.823 0.0000000000
58302  47.330  0.576  22.425 0.0000000000
55785  47.148  -1.675  23.310 0.0000000000
53341  46.837  -3.442  23.824 0.0000000000
51007  47.060  -5.079  23.543 0.0000000000
52165  44.753  -4.767  22.654 0.0000000000
51052  46.578  -5.539  22.053 0.0000000000
51066  47.456  -5.768  21.402 0.0000000000
51080  47.438  -5.708  20.193 0.0000000000
52218  43.708  -4.463  18.253 0.0000000000
52247  43.556  -3.970  16.746 0.0000000000
51072  40.891  -6.287  19.965 0.0000000000
51085  41.251  -5.649  19.470 0.0000000000
51112  40.586  -5.137  17.789 0.0000000000
49934  39.755  -6.691  17.118 0.0000000000
51113  40.069  -5.633  17.367 0.0000000000
47539  42.452  -8.396  27.849 0.0000000000
45468  43.367  -10.515  24.990 0.0000000000
45490  44.096  -10.976  22.290 0.0000000000
44488  44.777  -11.443  24.039 0.0000000000
44506  44.245  -11.432  23.008 0.0000000000
45508  43.897  -10.945  21.410 0.0000000000
44551  42.019  -11.495  19.938 0.0000000000
45548  39.675  -10.714  19.138 0.0000000000
46544  38.337  -10.093  18.432 0.0000000000
41219  40.985  -14.848  25.518 0.0000000000
42438  39.668  -13.646  24.090 0.0000000000
43566  39.334  -12.435  23.182 0.0000000000
42460  37.046  -13.425  22.015 0.0000000000
43574  38.167  -12.397  22.514 0.0000000000
44544  38.249  -11.652  22.014 0.0000000000
45540  38.434  -10.484  20.450 0.0000000000
46545  37.672  -9.888  18.873 0.0000000000
70246  51.050  10.408  3.625 0.0000000000
70253  50.082  10.266  2.594 0.0000000000
70262  50.240  10.828  1.452 0.0000000000
61922  43.405  3.210  9.469 0.0000000000
53283  42.834  -3.436  26.537 0.0000000000
52101  42.304  -4.063  26.391 0.0000000000
50949  41.930  -5.549  27.326 0.0000000000
50929  42.163  -6.030  27.834 0.0000000000
63141  45.899  5.206  9.810 0.0000000000
63120  45.003  4.608  10.447 0.0000000000
51014  32.535  -5.438  23.045 0.0000000000
47500  24.232  -8.113  29.092 0.0000000000
47521  23.903  -8.178  28.202 0.0000000000
47522  23.081  -8.291  28.146 0.0000000000
47502  22.645  -8.061  28.860 0.0000000000
54369  37.205  -2.190  32.520 0.0000000000
54368  37.861  -1.952  32.910 0.0000000000
55600  37.546  -1.698  31.915 0.0000000000
55620  37.991  -0.999  31.353 0.0000000000
55639  36.978  -1.572  30.490 0.0000000000
50991  32.579  -5.170  24.092 0.0000000000
52129  32.985  -4.862  24.145 0.0000000000
51038  33.692  -5.356  22.589 0.0000000000
54572  45.380  -2.217  18.584 0.0000000000
65533  50.400  6.563  17.304 0.0000000000
66672  50.776  7.219  17.635 0.0000000000
58300  48.418  1.129  22.871 0.0000000000
58285  48.680  0.689  23.099 0.0000000000
58286  48.356  0.113  23.526 0.0000000000
57064  48.322  -1.072  24.001 0.0000000000
51056  40.691  -5.045  21.585 0.0000000000
52199  40.966  -3.929  20.744 0.0000000000
51034  42.358  -5.576  22.452 0.0000000000
49872  42.060  -5.994  22.265 0.0000000000
49912  42.477  -6.107  21.545 0.0000000000
49894  41.900  -6.361  21.923 0.0000000000
39981  42.802  -14.789  27.506 0.0000000000
39982  42.393  -15.304  27.459 0.0000000000
71388  54.216  11.475  5.222 0.0000000000
71402  53.919  11.514  4.549 0.0000000000
47454  28.535  -8.079  31.515 0.0000000000
47455  27.520  -8.067  31.344 0.0000000000
50790  35.884  -5.020  33.893 0.0000000000
50825  35.452  -5.378  32.608 0.0000000000
49756  35.218  -6.226  33.197 0.0000000000
48662  32.464  -7.897  30.539 0.0000000000
48661  32.804  -7.356  30.061 0.0000000000
48674  32.617  -7.270  29.416 0.0000000000
49808  32.547  -7.204  29.098 0.0000000000
60525  45.144  2.782  27.592 0.0000000000
60524  45.558  3.195  27.603 0.0000000000
60539  45.347  3.214  27.189 0.0000000000
61661  44.803  3.095  26.120 0.0000000000
53328  40.705  -3.394  24.252 0.0000000000
54477  40.820  -2.477  23.577 0.0000000000
53344  39.767  -3.550  23.407 0.0000000000
52124  39.496  -4.881  23.842 0.0000000000
51009  39.410  -5.545  23.403 0.0000000000
45510  42.593  -10.398  21.994 0.0000000000
45527  42.921  -10.307  21.127 0.0000000000
45536  43.252  -10.497  20.001 0.0000000000
45526  43.557  -10.572  20.896 0.0000000000
38864  39.518  -15.928  26.955 0.0000000000
38834  39.950  -16.630  27.412 0.0000000000
67895  49.601  8.274  7.650 0.0000000000
66837  49.035  7.919  7.330 0.0000000000
44510  34.821  -11.691  23.611 0.0000000000
45495  34.212  -11.054  23.047 0.0000000000
48724  27.690  -7.681  25.137 0.0000000000
45503  24.206  -9.976  22.994 0.0000000000
58237  39.847  0.494  26.740 0.0000000000
58224  39.899  0.788  27.776 0.0000000000
57048  40.757  -0.405  25.687 0.0000000000
55737  40.838  -1.004  25.719 0.0000000000
54415  41.736  -2.906  27.260 0.0000000000
54427  41.206  -2.530  26.662 0.0000000000
49814  39.833  -6.880  29.026 0.0000000000
49815  39.271  -6.929  28.442 0.0000000000
48688  39.455  -7.791  28.873 0.0000000000
49823  38.729  -6.899  27.628 0.0000000000
54407  34.486  -2.582  28.241 0.0000000000
54418  34.641  -2.441  27.062 0.0000000000
48732  36.471  -7.447  24.734 0.0000000000
48719  36.963  -7.523  25.525 0.0000000000
46475  37.506  -9.423  25.963 0.0000000000
46476  36.924  -9.175  25.384 0.0000000000
45494  35.304  -10.556  23.016 0.0000000000
44491  35.535  -11.967  23.967 0.0000000000
60715  42.767  2.179  15.123 0.0000000000
48574  25.682  -6.929  36.326 0.0000000000
48575  24.632  -6.762  36.013 0.0000000000
49762  21.308  -6.536  33.503 0.0000000000
49778  20.428  -6.581  32.497 0.0000000000
48641  20.187  -6.657  32.078 0.0000000000
49779  19.668  -6.530  32.354 0.0000000000
70161  55.267  11.401  9.063 0.0000000000
68963  53.429  9.489  11.828 0.0000000000
68964  52.826  9.141  11.539 0.0000000000
67841  52.016  8.546  11.729 0.0000000000
66786  51.395  8.183  11.448 0.0000000000
64385  49.389  5.309  14.844 0.0000000000
64405  48.584  5.202  13.986 0.0000000000
63061  48.060  4.792  14.358 0.0000000000
63049  48.408  4.791  15.105 0.0000000000
62998  45.748  4.659  17.825 0.0000000000
60679  45.580  2.978  18.370 0.0000000000
67709  48.938  8.135  20.093 0.0000000000
66630  48.486  7.482  19.834 0.0000000000
55824  47.871  -1.469  21.887 0.0000000000
57123  47.821  -0.743  21.387 0.0000000000
55847  47.473  -1.147  21.203 0.0000000000
55825  47.269  -1.783  21.330 0.0000000000
49869  48.889  -5.980  22.985 0.0000000000
49910  49.067  -6.133  21.334 0.0000000000
49892  48.340  -6.033  21.797 0.0000000000
68821  46.487  9.762  21.936 0.0000000000
62933  43.779  4.492  23.314 0.0000000000
64269  44.196  5.530  23.720 0.0000000000
62948  43.646  4.808  22.656 0.0000000000
58328  43.885  0.386  19.990 0.0000000000
59460  44.400  1.407  20.136 0.0000000000
59459  45.264  1.483  20.716 0.0000000000
57147  45.146  -0.363  20.914 0.0000000000
55826  45.284  -1.754  21.518 0.0000000000
55827  44.699  -1.706  21.095 0.0000000000
52234  42.100  -4.178  17.780 0.0000000000
52249  41.441  -4.024  17.115 0.0000000000
48800  40.144  -8.148  19.605 0.0000000000
49927  40.280  -7.146  19.256 0.0000000000
45455  45.894  -10.288  26.821 0.0000000000
45456  45.651  -10.143  26.244 0.0000000000
44486  46.062  -11.168  25.491 0.0000000000
43565  41.181  -11.914  22.694 0.0000000000
44542  40.678  -11.458  21.332 0.0000000000
40060  38.064  -15.969  23.458 0.0000000000
41243  38.656  -15.030  23.723 0.0000000000
41244  37.798  -15.064  23.144 0.0000000000
67933  48.117  9.118  3.336 0.0000000000
47450  32.415  -8.277  31.863 0.0000000000
47436  30.796  -8.518  32.735 0.0000000000
47434  32.568  -8.477  32.802 0.0000000000
55763  42.890  -0.997  25.324 0.0000000000
53304  41.414  -3.635  25.093 0.0000000000
52122  40.810  -4.100  25.027 0.0000000000
50970  39.871  -6.032  25.200 0.0000000000
50969  40.579  -5.534  25.937 0.0000000000
48706  40.871  -7.571  26.856 0.0000000000
47566  40.713  -8.598  25.974 0.0000000000
46473  41.233  -9.669  25.112 0.0000000000
40004  37.905  -16.036  26.997 0.0000000000
38836  38.150  -16.884  27.715 0.0000000000
64506  47.185  6.027  8.997 0.0000000000
65673  46.891  6.026  8.358 0.0000000000
64507  46.795  5.883  8.897 0.0000000000
63163  45.169  4.888  8.278 0.0000000000
63182  44.529  4.362  7.707 0.0000000000
47655  34.203  -7.883  21.757 0.0000000000
46522  33.995  -8.672  21.671 0.0000000000
47656  33.546  -7.961  21.233 0.0000000000
49900  31.138  -6.261  21.472 0.0000000000
48791  31.568  -7.056  20.686 0.0000000000
49917  30.882  -6.795  20.900 0.0000000000
47674  30.431  -8.326  20.634 0.0000000000
48779  29.755  -7.033  21.105 0.0000000000
47546  26.342  -8.023  27.358 0.0000000000
47571  25.711  -8.113  26.394 0.0000000000
47573  23.884  -8.489  26.483 0.0000000000
47597  24.212  -8.598  25.631 0.0000000000
47619  23.748  -8.790  24.969 0.0000000000
47635  23.842  -8.919  24.317 0.0000000000
46488  23.017  -9.111  24.658 0.0000000000
46489  22.439  -9.773  24.671 0.0000000000
46477  22.760  -8.918  25.359 0.0000000000
47576  21.556  -8.770  26.668 0.0000000000
46466  21.805  -8.968  26.178 0.0000000000
46468  20.386  -9.544  26.347 0.0000000000
47553  20.295  -8.682  27.231 0.0000000000
55598  39.276  -0.725  32.529 0.0000000000
56971  38.554  -0.165  29.353 0.0000000000
56949  38.870  -0.223  30.692 0.0000000000
56991  39.236  0.407  28.580 0.0000000000
57050  39.277  -1.003  25.631 0.0000000000
57012  38.427  -0.255  27.134 0.0000000000
57034  37.658  -0.984  26.401 0.0000000000
55718  38.080  -1.381  25.689 0.0000000000
53305  38.852  -3.239  25.863 0.0000000000
55719  37.504  -1.395  25.947 0.0000000000
53290  33.565  -3.747  25.994 0.0000000000
53311  33.687  -3.821  25.361 0.0000000000
52147  34.781  -4.487  23.719 0.0000000000
51010  35.558  -5.411  23.458 0.0000000000
49855  35.866  -5.906  23.622 0.0000000000
49848  35.762  -6.648  23.679 0.0000000000
49856  35.314  -6.251  23.096 0.0000000000
49877  33.967  -6.075  22.155 0.0000000000
48764  34.991  -7.257  22.682 0.0000000000
47643  34.703  -8.012  22.228 0.0000000000
55933  44.644  -1.698  16.657 0.0000000000
55948  45.142  -1.605  15.773 0.0000000000
50794  19.832  -5.442  35.115 0.0000000000
50795  19.194  -5.629  34.863 0.0000000000
49744  18.958  -5.869  34.128 0.0000000000
50796  18.556  -5.955  34.728 0.0000000000
64369  49.104  5.217  16.129 0.0000000000
64354  49.533  5.607  16.460 0.0000000000
65534  49.420  6.658  17.285 0.0000000000
64339  48.978  6.118  16.821 0.0000000000
65536  47.647  6.216  17.194 0.0000000000
61751  49.619  3.287  22.083 0.0000000000
60632  49.382  2.603  21.670 0.0000000000
59438  49.396  1.459  22.175 0.0000000000
57100  49.023  0.262  22.312 0.0000000000
55823  48.459  -1.090  22.478 0.0000000000
55805  48.515  -1.494  23.235 0.0000000000
54461  47.788  -2.904  24.408 0.0000000000
53325  48.088  -3.386  24.447 0.0000000000
52120  47.917  -4.178  24.529 0.0000000000
50985  48.315  -4.612  24.378 0.0000000000
52142  47.565  -4.430  24.325 0.0000000000
58319  41.141  0.283  21.326 0.0000000000
59462  41.484  0.803  20.790 0.0000000000
58331  41.219  0.129  20.497 0.0000000000
55878  41.466  -1.388  19.906 0.0000000000
54553  42.229  -1.704  19.916 0.0000000000
55876  42.624  -1.039  19.785 0.0000000000
54533  42.467  -2.321  20.157 0.0000000000
53400  43.025  -3.257  20.961 0.0000000000
53383  42.717  -4.052  21.331 0.0000000000
51033  43.291  -5.638  22.341 0.0000000000
51100  41.624  -5.050  18.913 0.0000000000
47713  37.957  -8.322  15.933 0.0000000000
43474  44.005  -12.499  27.686 0.0000000000
43513  44.032  -12.428  25.984 0.0000000000
43493  44.118  -12.753  26.840 0.0000000000
42417  42.668  -13.240  25.862 0.0000000000
43539  41.636  -12.592  24.350 0.0000000000
42430  40.834  -13.596  24.832 0.0000000000
70244  52.922  11.344  3.549 0.0000000000
71441  52.498  11.413  2.356 0.0000000000
70251  51.954  11.063  2.478 0.0000000000
49835  31.848  -5.974  26.255 0.0000000000
49843  31.525  -6.120  25.478 0.0000000000
49836  31.621  -6.648  26.521 0.0000000000
48702  30.132  -7.703  27.331 0.0000000000
48711  29.314  -7.533  26.357 0.0000000000
47514  30.722  -7.960  29.260 0.0000000000
47544  28.605  -7.969  27.883 0.0000000000
47517  27.891  -7.981  28.568 0.0000000000
47477  26.359  -7.924  30.240 0.0000000000
47478  25.395  -7.940  30.104 0.0000000000
47499  25.137  -8.078  29.194 0.0000000000
51945  36.198  -4.299  33.308 0.0000000000
51904  36.478  -3.612  34.218 0.0000000000
51944  36.565  -3.429  33.284 0.0000000000
53200  36.758  -2.734  32.977 0.0000000000
51964  36.440  -3.269  32.912 0.0000000000
53214  36.014  -3.085  32.229 0.0000000000
52008  34.963  -3.868  31.327 0.0000000000
53242  34.522  -3.398  30.073 0.0000000000
52009  34.489  -4.418  31.042 0.0000000000
48634  33.977  -7.482  32.356 0.0000000000
49773  34.307  -6.848  32.194 0.0000000000
50893  33.366  -5.714  29.821 0.0000000000
50868  33.552  -6.054  30.485 0.0000000000
52032  33.531  -5.061  29.706 0.0000000000
49826  31.973  -6.436  27.396 0.0000000000
50933  32.110  -5.816  27.402 0.0000000000
66617  49.940  7.201  21.721 0.0000000000
67690  49.882  8.323  21.663 0.0000000000
66607  49.876  7.357  22.379 0.0000000000
65473  49.811  5.851  22.394 0.0000000000
64278  49.522  5.143  22.610 0.0000000000
61734  49.100  3.211  22.699 0.0000000000
59338  43.794  2.345  28.705 0.0000000000
61681  44.579  3.511  25.485 0.0000000000
62907  45.124  4.739  25.809 0.0000000000
62908  44.693  4.232  25.539 0.0000000000
62922  44.396  4.625  24.799 0.0000000000
58273  43.191  0.656  24.528 0.0000000000
58289  41.919  0.077  23.162 0.0000000000
59405  42.750  1.639  23.529 0.0000000000
58303  42.032  1.025  22.747 0.0000000000
58304  41.634  0.430  22.431 0.0000000000
54494  39.811  -2.464  21.920 0.0000000000
53364  39.497  -3.714  21.924 0.0000000000
52187  39.655  -4.301  21.635 0.0000000000
51058  39.676  -4.735  22.013 0.0000000000
48763  39.751  -6.936  23.139 0.0000000000
48730  39.870  -7.818  24.684 0.0000000000
47612  39.707  -7.682  23.973 0.0000000000
47611  39.868  -8.040  24.193 0.0000000000
46535  41.204  -9.820  20.681 0.0000000000
46520  40.924  -9.673  21.549 0.0000000000
47683  40.655  -9.256  19.971 0.0000000000
47688  41.285  -9.476  19.359 0.0000000000
46552  41.155  -9.073  18.395 0.0000000000
46551  41.705  -9.688  18.724 0.0000000000
44570  41.757  -10.811  18.600 0.0000000000
45557  41.567  -10.228  18.288 0.0000000000
45568  40.080  -10.336  17.435 0.0000000000
45559  39.972  -10.657  18.229 0.0000000000
41200  40.798  -14.039  27.391 0.0000000000
38833  41.095  -16.445  27.659 0.0000000000
37787  40.274  -18.148  26.528 0.0000000000
37796  40.502  -17.650  26.372 0.0000000000
37797  39.872  -17.959  25.840 0.0000000000
38908  39.035  -17.003  24.741 0.0000000000
37806  39.198  -17.633  25.244 0.0000000000
36026  39.584  -19.264  28.251 0.0000000000
36886  39.908  -18.506  27.806 0.0000000000
36041  39.276  -19.250  26.840 0.0000000000
36910  37.851  -18.486  24.712 0.0000000000
36915  37.359  -18.121  23.816 0.0000000000
37817  37.637  -17.532  23.533 0.0000000000
69062  51.357  9.841  6.014 0.0000000000
67904  50.132  8.961  6.087 0.0000000000
67917  48.572  8.197  5.663 0.0000000000
67928  48.036  8.425  4.547 0.0000000000
65699  46.628  6.349  6.730 0.0000000000
65713  46.201  6.486  5.432 0.0000000000
45513  33.257  -10.653  22.599 0.0000000000
45514  32.073  -10.591  22.476 0.0000000000
48734  30.245  -6.678  23.848 0.0000000000
48753  27.981  -7.368  23.264 0.0000000000
48781  28.303  -7.768  21.215 0.0000000000
47616  26.362  -7.992  24.139 0.0000000000
47633  25.374  -8.352  23.422 0.0000000000
46513  25.829  -9.314  22.174 0.0000000000
46512  26.576  -9.179  21.891 0.0000000000
56925  40.537  0.232  31.618 0.0000000000
58212  41.856  1.407  30.060 0.0000000000
59329  41.990  1.724  28.931 0.0000000000
59330  41.325  1.613  28.332 0.0000000000
55695  42.449  -2.216  26.955 0.0000000000
57029  41.987  -0.601  25.859 0.0000000000
54413  42.940  -2.860  27.526 0.0000000000
55694  42.791  -2.133  26.728 0.0000000000
53267  43.016  -3.678  28.056 0.0000000000
52066  42.943  -4.901  28.338 0.0000000000
52046  42.998  -4.927  28.970 0.0000000000
49795  43.254  -6.426  29.960 0.0000000000
49803  43.448  -6.477  29.464 0.0000000000
48657  43.562  -7.207  29.738 0.0000000000
47487  44.238  -8.407  28.878 0.0000000000
47488  43.746  -8.176  29.480 0.0000000000
53284  40.160  -3.438  26.628 0.0000000000
53255  40.864  -3.888  27.918 0.0000000000
52049  40.705  -4.637  28.654 0.0000000000
48673  40.657  -7.599  29.845 0.0000000000
48672  41.230  -7.547  30.148 0.0000000000
46391  41.956  -8.723  30.177 0.0000000000
46407  42.684  -9.118  29.724 0.0000000000
45429  43.055  -9.766  29.189 0.0000000000
45430  42.406  -10.299  29.300 0.0000000000
45441  40.422  -10.498  28.930 0.0000000000
45440  41.057  -10.712  29.324 0.0000000000
44442  41.266  -11.366  28.828 0.0000000000
43458  41.802  -12.382  28.467 0.0000000000
44443  40.704  -11.294  28.208 0.0000000000
55660  36.031  -1.577  29.508 0.0000000000
54432  35.601  -2.065  26.209 0.0000000000
55721  36.132  -1.554  26.749 0.0000000000
54431  36.664  -2.025  25.821 0.0000000000
53307  37.312  -3.534  25.485 0.0000000000
53309  35.344  -3.175  25.339 0.0000000000
49840  37.514  -6.600  25.843 0.0000000000
49834  38.151  -6.745  26.754 0.0000000000
48699  38.237  -7.866  27.612 0.0000000000
47568  37.860  -8.602  27.361 0.0000000000
45460  38.739  -10.277  26.702 0.0000000000
45451  38.918  -10.094  27.404 0.0000000000
44452  39.656  -10.908  27.252 0.0000000000
44451  40.175  -11.195  27.537 0.0000000000
44458  39.858  -11.308  27.088 0.0000000000
43494  40.053  -12.016  26.945 0.0000000000
44471  38.600  -11.361  25.658 0.0000000000
42420  39.361  -12.689  26.072 0.0000000000
43515  39.033  -12.236  25.853 0.0000000000
42409  39.396  -13.706  26.231 0.0000000000
42421  38.969  -13.244  25.921 0.0000000000
46487  36.041  -9.099  24.086 0.0000000000
45483  36.701  -10.665  24.173 0.0000000000
43540  36.696  -12.220  24.540 0.0000000000
42422  38.033  -13.542  25.707 0.0000000000
61883  43.766  3.519  12.456 0.0000000000
60739  42.475  1.824  13.389 0.0000000000
60755  42.481  1.952  12.461 0.0000000000
58407  42.916  -0.030  15.867 0.0000000000
58408  42.594  0.474  15.347 0.0000000000
58475  43.555  0.348  12.216 0.0000000000
53432  47.452  -3.248  18.293 0.0000000000
54586  46.656  -2.945  17.999 0.0000000000
54585  47.609  -2.943  17.665 0.0000000000
47396  30.317  -7.863  35.522 0.0000000000
47398  29.032  -7.903  35.730 0.0000000000
47399  27.849  -7.642  35.760 0.0000000000
47412  26.740  -7.565  34.146 0.0000000000
47413  25.765  -7.483  33.540 0.0000000000
48636  24.634  -7.657  32.283 0.0000000000
47443  23.960  -7.829  31.418 0.0000000000
48637  24.086  -7.684  32.184 0.0000000000
49686  22.527  -5.634  36.913 0.0000000000
49703  23.370  -6.273  36.129 0.0000000000
49720  23.321  -6.603  35.358 0.0000000000
48598  23.504  -6.957  34.730 0.0000000000
48599  22.686  -6.882  34.376 0.0000000000
48627  22.509  -7.318  32.926 0.0000000000
48650  22.088  -7.714  30.870 0.0000000000
48649  22.848  -7.861  31.125 0.0000000000
48663  21.825  -7.623  29.838 0.0000000000
48664  21.075  -7.410  30.093 0.0000000000
48679  20.211  -7.753  29.329 0.0000000000
49792  18.891  -6.666  31.973 0.0000000000
71374  55.049  11.599  6.557 0.0000000000
70204  53.636  10.852  6.551 0.0000000000
70191  54.596  11.305  7.300 0.0000000000
70180  53.554  10.508  8.841 0.0000000000
70193  52.915  10.288  7.914 0.0000000000
69039  52.294  9.976  8.225 0.0000000000
69028  51.754  9.539  8.756 0.0000000000
70138  53.962  10.385  10.537 0.0000000000
68985  52.115  9.229  10.488 0.0000000000
69007  52.099  9.437  9.918 0.0000000000
66816  49.918  8.116  9.274 0.0000000000
66802  49.118  7.363  9.152 0.0000000000
66801  49.500  7.642  9.656 0.0000000000
65639  48.574  6.452  10.573 0.0000000000
64463  48.149  6.063  10.725 0.0000000000
64464  47.563  5.763  10.511 0.0000000000
64444  48.359  6.018  11.445 0.0000000000
65617  50.623  6.794  12.456 0.0000000000
64422  50.025  6.408  12.532 0.0000000000
63098  46.910  4.988  12.282 0.0000000000
63081  46.237  4.558  12.613 0.0000000000
61865  45.877  4.017  14.185 0.0000000000
61854  45.192  3.715  14.810 0.0000000000
63022  47.640  5.179  16.140 0.0000000000
63023  46.668  5.056  16.370 0.0000000000
61829  45.048  4.125  16.712 0.0000000000
60694  44.190  2.662  17.195 0.0000000000
60695  43.781  2.039  17.136 0.0000000000
59524  44.607  2.258  17.757 0.0000000000
59508  44.932  1.155  18.051 0.0000000000
57171  45.512  -0.437  18.856 0.0000000000
65509  47.857  6.728  19.620 0.0000000000
66637  48.073  7.488  18.936 0.0000000000
65510  47.431  6.751  18.894 0.0000000000
64321  47.105  6.185  18.593 0.0000000000
64311  47.304  5.859  19.280 0.0000000000
60652  48.769  3.124  20.811 0.0000000000
61786  48.688  3.807  20.487 0.0000000000
59480  48.648  2.325  20.762 0.0000000000
59481  47.988  1.886  20.140 0.0000000000
59482  47.075  1.917  19.336 0.0000000000
57169  46.946  0.232  19.790 0.0000000000
55848  46.887  -1.457  20.728 0.0000000000
57170  46.367  -0.422  19.622 0.0000000000
53398  46.527  -2.925  20.273 0.0000000000
53397  46.867  -3.555  20.278 0.0000000000
52179  50.412  -5.174  21.578 0.0000000000
52180  49.641  -5.101  21.935 0.0000000000
52161  49.224  -5.045  23.019 0.0000000000
49889  50.055  -5.692  22.313 0.0000000000
49908  50.181  -5.735  21.875 0.0000000000
66609  48.370  7.586  22.138 0.0000000000
64280  48.126  5.758  22.190 0.0000000000
62947  48.345  4.627  22.325 0.0000000000
66595  45.096  7.707  23.920 0.0000000000
67671  45.256  8.607  23.130 0.0000000000
61755  42.860  3.128  20.805 0.0000000000
64282  43.774  5.000  21.586 0.0000000000
62962  43.455  4.464  21.084 0.0000000000
65502  44.949  5.879  20.703 0.0000000000
65490  44.845  6.449  21.182 0.0000000000
66621  45.355  7.328  21.309 0.0000000000
65489  45.689  6.767  21.005 0.0000000000
66620  46.069  7.552  21.090 0.0000000000
65500  46.045  6.202  20.954 0.0000000000
59442  46.218  1.510  21.184 0.0000000000
60634  46.382  3.301  21.078 0.0000000000
60618  46.484  2.365  21.348 0.0000000000
59441  47.166  1.541  21.703 0.0000000000
57103  46.879  -0.578  22.588 0.0000000000
53360  46.311  -3.074  23.253 0.0000000000
52144  46.411  -4.493  23.443 0.0000000000
51008  46.327  -4.991  23.125 0.0000000000
53363  44.258  -4.364  22.453 0.0000000000
53362  44.879  -3.902  22.400 0.0000000000
51031  45.723  -5.166  22.595 0.0000000000
51095  46.674  -5.305  19.139 0.0000000000
52248  42.458  -3.835  17.023 0.0000000000
49895  40.933  -6.964  21.832 0.0000000000
51086  40.532  -6.255  19.207 0.0000000000
51101  40.821  -5.420  18.434 0.0000000000
48822  39.527  -7.470  16.761 0.0000000000
49933  40.181  -6.794  17.736 0.0000000000
51120  39.242  -5.642  16.184 0.0000000000
51119  39.797  -5.138  16.700 0.0000000000
47511  43.194  -8.153  28.240 0.0000000000
47538  43.481  -8.884  27.970 0.0000000000
45467  44.674  -10.670  25.049 0.0000000000
45458  44.028  -10.455  25.837 0.0000000000
43536  44.305  -11.940  24.930 0.0000000000
43552  43.945  -11.769  23.857 0.0000000000
43562  43.747  -11.765  22.921 0.0000000000
44525  43.776  -11.518  21.680 0.0000000000
44540  42.879  -11.527  20.688 0.0000000000
45538  40.189  -10.930  19.652 0.0000000000
45560  39.088  -10.409  18.373 0.0000000000
45549  38.634  -10.292  19.358 0.0000000000
38888  40.945  -16.295  26.089 0.0000000000
40020  41.283  -15.732  26.054 0.0000000000
41242  39.113  -14.324  23.918 0.0000000000
43557  39.209  -13.006  23.487 0.0000000000
43567  38.629  -12.706  22.979 0.0000000000
43576  36.658  -12.831  21.537 0.0000000000
44545  37.113  -11.690  21.425 0.0000000000
45530  37.789  -11.203  21.378 0.0000000000
45529  38.384  -10.911  21.229 0.0000000000
46546  36.802  -9.852  19.248 0.0000000000
45550  37.607  -10.096  19.844 0.0000000000
72618  54.088  12.200  0.966 0.0000000000
69078  50.481  9.690  4.745 0.0000000000
70231  51.341  10.248  4.425 0.0000000000
69087  50.258  9.905  3.926 0.0000000000
70254  49.360  10.098  2.340 0.0000000000
70261  50.870  10.958  1.648 0.0000000000
61906  43.296  3.226  10.598 0.0000000000
61905  43.802  3.882  10.112 0.0000000000
47421  32.005  -8.646  33.514 0.0000000000
46364  30.833  -8.691  34.418 0.0000000000
57028  42.620  -0.606  25.976 0.0000000000
55714  42.837  -1.588  26.130 0.0000000000
54440  42.924  -2.077  25.963 0.0000000000
54441  42.707  -2.117  25.510 0.0000000000
50968  41.429  -5.194  26.507 0.0000000000
50950  41.205  -5.882  26.683 0.0000000000
49831  41.267  -6.560  27.218 0.0000000000
47540  41.474  -8.587  27.094 0.0000000000
64485  46.514  5.458  9.791 0.0000000000
64486  45.929  5.248  9.471 0.0000000000
63142  45.301  4.975  9.476 0.0000000000
49878  33.080  -6.004  21.750 0.0000000000
49897  33.412  -6.532  21.479 0.0000000000
51040  32.436  -5.794  22.131 0.0000000000
51041  31.725  -5.954  21.969 0.0000000000
49880  31.143  -6.138  22.469 0.0000000000
47548  24.375  -8.359  27.371 0.0000000000
47574  23.056  -8.570  26.493 0.0000000000
47599  22.676  -8.743  25.834 0.0000000000
47550  22.688  -8.519  27.316 0.0000000000
47551  21.913  -8.452  27.289 0.0000000000
47524  21.540  -8.074  27.972 0.0000000000
55580  38.473  -1.370  33.086 0.0000000000
55619  38.788  -0.824  31.915 0.0000000000
55658  37.871  -0.455  29.332 0.0000000000
56972  37.926  -0.302  28.788 0.0000000000
55677  37.101  -0.867  27.652 0.0000000000
52128  33.411  -4.601  24.017 0.0000000000
52148  34.197  -4.657  23.557 0.0000000000
51012  34.107  -5.230  22.936 0.0000000000
49857  34.633  -5.828  22.767 0.0000000000
55896  44.380  -0.600  17.837 0.0000000000
55912  45.014  -1.921  17.629 0.0000000000
50761  18.379  -5.581  36.221 0.0000000000
64337  50.654  6.096  17.059 0.0000000000
59402  49.160  1.276  22.899 0.0000000000
58299  49.313  0.796  22.520 0.0000000000
58284  49.135  0.944  22.918 0.0000000000
57063  48.507  -1.253  23.939 0.0000000000
54459  48.458  -2.280  24.096 0.0000000000
55761  48.395  -1.685  24.161 0.0000000000
55762  48.038  -1.524  24.119 0.0000000000
54475  47.781  -1.957  24.241 0.0000000000
55853  40.280  -1.811  20.728 0.0000000000
55852  40.764  -1.653  20.145 0.0000000000
53402  40.844  -3.295  20.414 0.0000000000
52184  42.354  -4.625  21.713 0.0000000000
52168  42.064  -5.107  22.030 0.0000000000
49871  42.579  -5.859  22.355 0.0000000000
42377  43.289  -13.555  27.997 0.0000000000
42405  43.319  -13.396  26.576 0.0000000000
41197  42.980  -14.271  27.208 0.0000000000
41205  42.475  -14.553  26.676 0.0000000000
41218  41.738  -14.814  26.084 0.0000000000
71421  54.564  11.845  4.009 0.0000000000
48700  31.740  -7.006  27.365 0.0000000000
48690  30.964  -7.756  28.385 0.0000000000
47474  29.357  -8.177  30.691 0.0000000000
47476  27.344  -8.035  30.387 0.0000000000
47456  26.554  -7.865  31.157 0.0000000000
51926  36.092  -4.674  33.545 0.0000000000
50824  35.787  -4.827  32.763 0.0000000000
49787  33.704  -7.123  31.211 0.0000000000
49817  32.410  -7.003  28.481 0.0000000000
59350  44.491  2.516  28.064 0.0000000000
60511  45.197  2.707  28.466 0.0000000000
60496  45.601  3.162  28.705 0.0000000000
62882  45.985  4.455  27.434 0.0000000000
62894  45.782  4.790  26.893 0.0000000000
61660  45.152  3.720  26.475 0.0000000000
55765  42.015  -1.710  24.464 0.0000000000
55786  42.195  -1.048  24.296 0.0000000000
55787  41.463  -1.432  23.674 0.0000000000
55788  40.745  -1.901  23.008 0.0000000000
55809  40.982  -1.233  22.768 0.0000000000
54478  40.016  -2.627  22.874 0.0000000000
54479  39.617  -3.246  22.796 0.0000000000
46483  40.819  -9.488  24.089 0.0000000000
46493  40.343  -9.159  23.337 0.0000000000
46501  41.458  -10.157  22.230 0.0000000000
46519  41.881  -10.191  21.305 0.0000000000
46542  41.897  -9.873  19.605 0.0000000000
46541  42.470  -10.139  19.354 0.0000000000
45546  42.732  -10.481  19.187 0.0000000000
44560  42.034  -11.225  19.136 0.0000000000
40001  40.280  -14.494  27.030 0.0000000000
37772  40.545  -17.549  27.544 0.0000000000
36892  40.431  -18.157  27.410 0.0000000000
67906  48.647  7.973  6.254 0.0000000000
66849  48.107  7.798  6.075 0.0000000000
64542  45.570  5.368  6.771 0.0000000000
64553  45.972  5.922  6.380 0.0000000000
46507  31.578  -9.852  21.712 0.0000000000
48722  29.460  -7.217  25.239 0.0000000000
48735  29.605  -6.921  24.150 0.0000000000
48736  28.638  -7.215  24.309 0.0000000000
47634  24.447  -8.700  23.727 0.0000000000
47647  24.866  -8.854  23.011 0.0000000000
46514  24.902  -9.442  22.591 0.0000000000
56947  40.725  0.393  31.052 0.0000000000
58204  40.320  0.709  29.861 0.0000000000
58223  40.635  1.291  28.122 0.0000000000
59341  41.237  1.491  27.449 0.0000000000
58236  40.677  1.041  26.905 0.0000000000
57030  41.284  -0.530  25.713 0.0000000000
54404  42.662  -3.310  28.161 0.0000000000
53252  42.846  -4.018  28.816 0.0000000000
53238  42.648  -4.423  29.417 0.0000000000
53239  42.275  -4.237  29.318 0.0000000000
50865  42.364  -5.679  30.145 0.0000000000
52050  39.880  -4.839  28.153 0.0000000000
50911  40.477  -5.297  29.035 0.0000000000
50912  39.798  -5.750  28.648 0.0000000000
47491  40.300  -8.486  29.810 0.0000000000
46409  40.747  -9.424  30.063 0.0000000000
46410  40.022  -9.201  29.673 0.0000000000
46428  39.644  -9.533  29.023 0.0000000000
54396  35.175  -2.348  29.800 0.0000000000
55661  35.395  -1.844  29.161 0.0000000000
54406  34.944  -2.060  28.785 0.0000000000
54417  35.099  -1.942  27.673 0.0000000000
50972  36.779  -5.282  24.648 0.0000000000
48718  37.505  -7.642  26.277 0.0000000000
47591  37.437  -8.584  26.673 0.0000000000
44460  38.910  -10.975  26.204 0.0000000000
45470  38.507  -10.580  26.010 0.0000000000
46494  36.379  -10.161  23.968 0.0000000000
45493  36.104  -10.676  23.680 0.0000000000
44490  36.284  -11.563  24.074 0.0000000000
43518  36.518  -12.917  25.030 0.0000000000
43541  35.943  -12.463  24.438 0.0000000000
61868  43.399  2.912  13.263 0.0000000000
60726  42.778  2.397  13.913 0.0000000000
59565  42.314  1.152  13.783 0.0000000000
57239  43.815  -0.942  15.542 0.0000000000
57255  43.925  -0.533  14.493 0.0000000000
48614  25.578  -7.345  34.511 0.0000000000
48615  24.480  -7.323  33.802 0.0000000000
49705  21.470  -5.374  36.141 0.0000000000
49741  22.190  -6.688  34.375 0.0000000000
48618  21.609  -6.659  33.619 0.0000000000
48628  21.469  -6.801  32.989 0.0000000000
48651  20.942  -7.260  31.147 0.0000000000
70178  55.255  11.411  8.129 0.0000000000
68983  53.523  10.028  10.862 0.0000000000
67852  51.654  8.836  10.694 0.0000000000
66800  50.165  8.061  9.983 0.0000000000
66787  50.703  8.016  10.838 0.0000000000
66776  50.272  7.402  11.280 0.0000000000
65628  49.612  6.753  11.409 0.0000000000
64403  50.243  6.188  13.140 0.0000000000
63062  47.315  4.586  13.996 0.0000000000
63051  46.621  4.278  14.521 0.0000000000
60693  44.775  2.898  17.894 0.0000000000
58367  45.827  1.311  18.636 0.0000000000
67727  48.787  8.217  19.352 0.0000000000
64310  48.067  5.723  19.996 0.0000000000
59458  48.506  1.504  20.789 0.0000000000
57144  48.193  0.305  21.012 0.0000000000
54512  46.861  -2.330  21.033 0.0000000000
53379  47.052  -3.220  21.034 0.0000000000
52163  48.010  -4.032  22.195 0.0000000000
51027  49.268  -5.390  23.368 0.0000000000
49923  49.746  -5.960  20.840 0.0000000000
67680  47.783  8.466  21.769 0.0000000000
66610  47.623  7.624  21.607 0.0000000000
65460  45.087  6.683  24.663 0.0000000000
65461  44.612  6.273  23.936 0.0000000000
65467  44.445  6.424  22.950 0.0000000000
60656  43.213  2.401  19.922 0.0000000000
62976  43.843  4.469  20.651 0.0000000000
61789  44.045  2.978  19.942 0.0000000000
61773  44.655  3.543  20.169 0.0000000000
62974  44.965  4.604  20.392 0.0000000000
62973  45.733  4.766  20.671 0.0000000000
60635  45.625  2.647  20.683 0.0000000000
58318  45.844  0.529  21.283 0.0000000000
57104  46.251  -1.190  22.171 0.0000000000
55808  45.860  -1.726  22.030 0.0000000000
54513  45.483  -2.275  21.893 0.0000000000
52217  44.388  -4.526  18.101 0.0000000000
51087  40.355  -6.656  18.834 0.0000000000
49938  38.734  -6.660  16.058 0.0000000000
47537  44.145  -8.947  27.964 0.0000000000
46445  44.152  -9.463  27.458 0.0000000000
46460  44.935  -9.887  26.860 0.0000000000
45457  44.934  -10.293  25.975 0.0000000000
45478  45.266  -10.934  24.605 0.0000000000
43553  43.152  -12.030  23.671 0.0000000000
43564  41.905  -11.806  22.725 0.0000000000
44541  41.761  -11.620  20.942 0.0000000000
44553  40.143  -11.144  20.840 0.0000000000
40041  39.599  -16.049  24.811 0.0000000000
40040  40.047  -15.413  24.840 0.0000000000
41230  39.150  -15.549  24.240 0.0000000000
43587  36.033  -12.429  20.954 0.0000000000
45542  36.371  -10.833  20.530 0.0000000000
69088  49.400  9.593  3.635 0.0000000000
60786  42.816  2.058  10.902 0.0000000000
60785  43.131  2.320  9.999 0.0000000000
47492  31.824  -8.042  30.361 0.0000000000
47472  31.254  -8.199  30.971 0.0000000000
47452  30.551  -8.276  31.790 0.0000000000
47438  28.692  -8.102  32.530 0.0000000000
48635  33.457  -8.001  32.163 0.0000000000
48648  32.574  -8.070  31.191 0.0000000000
59328  43.035  1.890  29.711 0.0000000000
59351  43.597  2.309  27.559 0.0000000000
59385  44.221  2.077  26.099 0.0000000000
55764  42.688  -1.374  24.988 0.0000000000
55736  42.825  -1.670  25.364 0.0000000000
54462  42.170  -2.310  24.953 0.0000000000
52123  40.025  -4.489  24.504 0.0000000000
50987  39.423  -5.579  24.440 0.0000000000
50986  40.053  -5.261  25.098 0.0000000000
49839  39.820  -6.733  25.132 0.0000000000
48716  39.944  -7.436  25.188 0.0000000000
48707  40.300  -7.487  26.048 0.0000000000
47567  40.229  -7.997  25.577 0.0000000000
46474  40.536  -9.110  24.723 0.0000000000
45481  41.659  -10.213  24.005 0.0000000000
45491  43.284  -10.759  22.720 0.0000000000
38865  38.908  -16.373  27.070 0.0000000000
38835  38.848  -17.181  27.505 0.0000000000
37756  39.346  -18.469  28.356 0.0000000000
36877  39.493  -18.892  28.772 0.0000000000
36869  39.314  -19.022  29.103 0.0000000000
65671  48.208  6.956  8.169 0.0000000000
65684  48.069  7.170  7.611 0.0000000000
65686  46.867  6.159  7.741 0.0000000000
63181  45.114  4.825  7.255 0.0000000000
48778  32.371  -7.046  20.758 0.0000000000
47657  32.490  -7.993  20.836 0.0000000000
46524  31.958  -8.919  21.137 0.0000000000
46537  31.304  -8.600  20.812 0.0000000000
47659  30.238  -8.929  20.952 0.0000000000
47660  29.616  -8.809  20.881 0.0000000000
47594  27.117  -7.843  25.166 0.0000000000
46497  23.713  -9.411  23.700 0.0000000000
46478  22.131  -9.247  25.515 0.0000000000
56926  39.563  -0.349  31.722 0.0000000000
57032  39.329  -0.121  26.308 0.0000000000
55738  40.264  -1.832  25.794 0.0000000000
54442  40.082  -2.575  26.048 0.0000000000
54443  39.484  -2.694  25.842 0.0000000000
57033  38.302  -0.852  26.146 0.0000000000
57051  38.588  -1.341  25.588 0.0000000000
53285  39.449  -3.718  26.400 0.0000000000
52068  39.378  -4.569  27.425 0.0000000000
52083  38.840  -4.387  26.709 0.0000000000
52069  38.630  -4.929  27.161 0.0000000000
53330  35.009  -3.685  24.787 0.0000000000
52126  35.201  -4.138  24.179 0.0000000000
52125  35.761  -4.264  24.359 0.0000000000
49847  36.355  -6.307  24.163 0.0000000000
47614  36.084  -8.449  24.449 0.0000000000
47631  35.592  -8.559  23.702 0.0000000000
45511  34.955  -9.826  22.635 0.0000000000
59526  43.459  1.382  17.014 0.0000000000
59540  42.654  1.208  15.997 0.0000000000
57221  43.489  -0.782  16.315 0.0000000000
55914  43.699  -0.940  16.745 0.0000000000
55934  43.954  -1.202  16.450 0.0000000000
57238  44.516  -1.322  15.517 0.0000000000
50758  21.113  -5.178  36.702 0.0000000000
49723  20.368  -5.442  35.101 0.0000000000
49764  19.422  -6.093  33.318 0.0000000000
49745  18.221  -6.396  34.296 0.0000000000
63048  49.036  5.050  15.511 0.0000000000
63035  48.458  5.111  15.851 0.0000000000
63021  48.126  5.308  16.200 0.0000000000
64356  47.782  5.556  16.454 0.0000000000
64341  47.147  5.794  16.984 0.0000000000
62997  46.271  5.024  18.376 0.0000000000
64299  49.596  5.429  21.043 0.0000000000
65498  49.263  6.418  20.905 0.0000000000
60633  49.117  2.830  21.213 0.0000000000
59457  49.075  1.729  21.295 0.0000000000
58315  49.223  0.783  21.969 0.0000000000
57121  48.950  0.428  21.901 0.0000000000
58316  49.014  0.787  21.581 0.0000000000
54489  48.097  -2.508  23.168 0.0000000000
52141  48.741  -4.449  23.681 0.0000000000
53324  48.324  -3.242  24.044 0.0000000000
51004  49.129  -4.937  23.763 0.0000000000
51005  48.740  -4.895  24.076 0.0000000000
51028  48.728  -5.623  23.675 0.0000000000
51029  47.933  -5.651  23.214 0.0000000000
69971  45.956  10.584  22.965 0.0000000000
60601  42.542  2.530  22.218 0.0000000000
61736  42.927  3.451  22.389 0.0000000000
61737  42.657  3.142  21.562 0.0000000000
60619  42.392  2.526  21.183 0.0000000000
60638  42.684  2.556  20.359 0.0000000000
57150  41.118  -0.724  20.174 0.0000000000
59485  42.336  1.054  19.845 0.0000000000
60657  42.587  1.857  19.981 0.0000000000
58350  42.921  0.366  19.562 0.0000000000
58329  43.362  -0.106  19.816 0.0000000000
55849  44.050  -1.542  20.599 0.0000000000
54531  44.308  -2.162  21.014 0.0000000000
54532  43.676  -2.495  20.850 0.0000000000
53382  43.849  -3.784  21.795 0.0000000000
52166  43.758  -4.831  22.413 0.0000000000
51099  42.367  -4.847  18.856 0.0000000000
47693  40.798  -8.503  18.176 0.0000000000
48814  40.341  -7.702  17.946 0.0000000000
48823  38.907  -7.414  16.346 0.0000000000
44457  45.249  -11.563  26.691 0.0000000000
44469  45.536  -11.597  25.835 0.0000000000
43512  44.795  -12.087  26.320 0.0000000000
42428  42.568  -12.700  25.045 0.0000000000
43538  42.444  -12.370  24.439 0.0000000000
43555  40.946  -12.337  23.558 0.0000000000
44507  40.248  -12.187  23.219 0.0000000000
40084  37.016  -16.011  22.268 0.0000000000
41262  37.239  -15.149  22.544 0.0000000000
41263  36.750  -15.318  21.992 0.0000000000
43588  35.427  -13.128  20.446 0.0000000000
71455  54.100  12.048  2.276 0.0000000000
71439  54.229  11.889  3.141 0.0000000000
71456  53.202  11.854  1.521 0.0000000000
71457  52.078  11.409  1.415 0.0000000000
71458  51.269  11.100  1.463 0.0000000000
67935  46.425  7.746  3.046 0.0000000000
50975  31.836  -5.557  24.649 0.0000000000
49849  31.342  -5.989  24.400 0.0000000000
48720  31.059  -6.583  25.306 0.0000000000
48712  28.438  -7.771  26.636 0.0000000000
47515  29.969  -7.991  28.889 0.0000000000
47543  29.509  -7.951  28.046 0.0000000000
48704  28.460  -7.857  27.290 0.0000000000
47519  25.765  -8.118  28.328 0.0000000000
53186  36.977  -2.637  33.335 0.0000000000
54378  36.902  -2.027  31.907 0.0000000000
54386  36.687  -1.966  31.342 0.0000000000
54379  36.326  -2.431  31.760 0.0000000000
54387  36.069  -2.297  30.991 0.0000000000
54388  35.485  -2.574  30.591 0.0000000000
53215  35.600  -3.422  31.919 0.0000000000
53227  35.383  -3.235  31.256 0.0000000000
53241  35.130  -3.054  30.503 0.0000000000
49772  34.676  -6.305  32.391 0.0000000000
49785  34.526  -5.950  31.852 0.0000000000
50845  34.423  -5.467  31.470 0.0000000000
49799  33.685  -6.214  30.830 0.0000000000
50867  33.831  -5.509  30.665 0.0000000000
52031  33.837  -4.491  29.852 0.0000000000
52051  33.585  -4.136  29.099 0.0000000000
53257  33.409  -3.903  28.375 0.0000000000
52086  32.924  -4.536  26.740 0.0000000000
50932  32.416  -5.376  27.589 0.0000000000
50953  32.486  -5.091  26.857 0.0000000000
50973  32.556  -4.933  26.237 0.0000000000
50974  32.229  -5.325  25.465 0.0000000000
53415  46.548  -3.199  19.588 0.0000000000
53423  47.915  -3.644  18.832 0.0000000000
68881  50.043  9.391  19.152 0.0000000000
68854  49.528  9.126  20.141 0.0000000000
67708  49.461  8.448  20.790 0.0000000000
66618  49.539  7.270  21.237 0.0000000000
65486  49.821  6.296  21.434 0.0000000000
64290  49.908  5.326  21.660 0.0000000000
62959  49.941  4.381  22.011 0.0000000000
62944  49.959  4.544  22.368 0.0000000000
61733  49.398  2.824  22.496 0.0000000000
60598  49.056  2.147  22.788 0.0000000000
60599  48.617  2.467  22.677 0.0000000000
64260  45.308  5.746  25.377 0.0000000000
61720  43.564  3.762  23.484 0.0000000000
59394  44.144  2.020  25.426 0.0000000000
58274  42.643  0.132  24.048 0.0000000000
58287  42.876  1.167  23.958 0.0000000000
60566  43.644  2.418  24.280 0.0000000000
60582  43.163  2.389  23.615 0.0000000000
60583  42.783  2.174  22.997 0.0000000000
60600  42.979  2.741  22.909 0.0000000000
59422  41.884  1.236  22.255 0.0000000000
57128  40.435  -1.187  21.159 0.0000000000
55810  40.391  -1.711  22.224 0.0000000000
55828  40.138  -1.839  21.440 0.0000000000
54516  39.907  -2.649  21.102 0.0000000000
53386  39.744  -3.571  21.281 0.0000000000
49874  40.293  -6.707  22.442 0.0000000000
48789  40.536  -7.391  21.495 0.0000000000
48748  39.711  -7.414  23.628 0.0000000000
47641  40.208  -8.527  22.658 0.0000000000
47654  40.436  -8.783  21.743 0.0000000000
46561  41.489  -9.763  18.141 0.0000000000
45566  41.314  -9.845  17.920 0.0000000000
46563  40.010  -9.305  17.144 0.0000000000
41199  41.567  -14.189  28.004 0.0000000000
38862  41.436  -16.630  26.707 0.0000000000
37785  41.283  -17.160  27.358 0.0000000000
38863  40.879  -17.291  26.515 0.0000000000
38889  40.449  -16.882  26.048 0.0000000000
38924  38.108  -16.855  23.758 0.0000000000
36894  39.717  -18.958  26.642 0.0000000000
36047  38.866  -19.146  26.365 0.0000000000
36909  38.576  -18.571  25.365 0.0000000000
37798  39.092  -18.250  25.402 0.0000000000
37816  38.157  -17.523  24.030 0.0000000000
38925  37.623  -16.728  23.150 0.0000000000
38943  37.152  -16.680  22.586 0.0000000000
70216  52.739  10.457  5.913 0.0000000000
70230  52.135  10.585  4.682 0.0000000000
69076  51.937  10.150  5.606 0.0000000000
69064  50.053  9.333  5.114 0.0000000000
66829  48.075  7.322  7.208 0.0000000000
66839  47.778  7.329  6.566 0.0000000000
66850  47.398  7.392  5.702 0.0000000000
65712  46.830  7.024  5.666 0.0000000000
66861  47.233  7.720  4.834 0.0000000000
45496  33.543  -11.257  23.152 0.0000000000
49858  31.271  -6.113  23.446 0.0000000000
49859  30.513  -6.527  23.142 0.0000000000
49881  30.440  -6.465  22.089 0.0000000000
48751  29.864  -6.794  23.238 0.0000000000
48766  29.364  -6.766  22.371 0.0000000000
49882  29.819  -6.718  21.819 0.0000000000
48780  29.363  -7.087  21.414 0.0000000000
47676  28.750  -7.954  20.816 0.0000000000
47661  28.643  -8.613  20.963 0.0000000000
47615  27.024  -7.810  24.452 0.0000000000
48738  26.992  -7.778  24.088 0.0000000000
48754  27.002  -7.762  23.354 0.0000000000
48769  26.720  -8.001  22.604 0.0000000000
47644  27.140  -8.289  21.674 0.0000000000
47662  27.646  -8.627  21.351 0.0000000000
46528  28.083  -9.525  21.580 0.0000000000
58192  41.120  0.603  31.303 0.0000000000
59340  41.928  1.855  27.796 0.0000000000
59371  41.985  0.942  26.225 0.0000000000
59354  41.227  1.313  26.906 0.0000000000
58249  42.237  0.369  25.981 0.0000000000
53282  43.153  -3.511  27.343 0.0000000000
50928  42.450  -5.576  28.061 0.0000000000
49813  42.802  -6.580  28.578 0.0000000000
48685  43.462  -7.631  28.651 0.0000000000
50909  43.108  -5.756  29.134 0.0000000000
48684  43.948  -8.191  28.490 0.0000000000
47509  44.207  -8.742  28.401 0.0000000000
46443  45.425  -9.767  27.620 0.0000000000
46424  45.287  -9.851  28.009 0.0000000000
53268  41.195  -3.413  27.556 0.0000000000
52029  41.459  -4.852  29.537 0.0000000000
50866  41.804  -5.766  30.035 0.0000000000
50890  40.677  -5.784  29.419 0.0000000000
49798  41.523  -7.045  30.104 0.0000000000
48659  42.460  -7.280  30.324 0.0000000000
47489  43.262  -8.644  29.558 0.0000000000
46426  44.178  -9.859  28.600 0.0000000000
44448  45.180  -10.837  27.523 0.0000000000
44449  44.576  -11.420  27.585 0.0000000000
44450  44.049  -11.897  27.875 0.0000000000
44440  43.523  -11.711  28.361 0.0000000000
44433  41.913  -10.829  29.435 0.0000000000
44441  42.255  -11.435  28.957 0.0000000000
43456  43.265  -12.836  28.229 0.0000000000
42379  42.139  -13.456  28.499 0.0000000000
42394  41.603  -13.203  28.217 0.0000000000
55698  36.508  -1.225  27.147 0.0000000000
54430  37.070  -1.780  25.839 0.0000000000
54445  37.532  -2.266  25.536 0.0000000000
52084  38.190  -4.708  26.478 0.0000000000
50951  38.377  -5.640  26.945 0.0000000000
53288  35.001  -2.643  26.020 0.0000000000
54447  35.965  -2.800  25.514 0.0000000000
52104  36.925  -4.439  25.247 0.0000000000
52085  37.592  -4.641  25.806 0.0000000000
49833  38.621  -6.245  27.210 0.0000000000
48698  38.788  -7.946  28.270 0.0000000000
47541  38.735  -8.833  28.352 0.0000000000
46448  39.279  -9.818  28.416 0.0000000000
46450  38.216  -9.208  27.517 0.0000000000
46449  38.746  -9.531  27.953 0.0000000000
45449  40.108  -10.709  28.207 0.0000000000
43475  41.250  -12.620  28.174 0.0000000000
41207  40.256  -13.778  26.901 0.0000000000
43495  39.499  -12.130  26.314 0.0000000000
42408  39.840  -13.107  26.371 0.0000000000
40002  39.748  -15.096  26.815 0.0000000000
46485  37.343  -9.789  25.132 0.0000000000
44472  37.837  -11.468  25.085 0.0000000000
41220  38.570  -13.798  25.962 0.0000000000
41221  38.359  -14.086  25.999 0.0000000000
42411  36.943  -14.116  26.246 0.0000000000
40005  37.237  -15.865  27.420 0.0000000000
61891  44.746  4.307  11.557 0.0000000000
63101  44.654  4.438  11.067 0.0000000000
61893  43.207  3.178  11.662 0.0000000000
60754  42.791  2.505  12.029 0.0000000000
59553  42.423  1.515  15.299 0.0000000000
59554  42.366  0.995  14.950 0.0000000000
58435  43.182  -0.059  14.242 0.0000000000
58454  43.177  0.160  13.350 0.0000000000
58455  42.637  0.669  13.074 0.0000000000
54597  46.816  -2.639  17.190 0.0000000000
47408  30.946  -8.360  35.159 0.0000000000
47425  27.783  -7.784  33.348 0.0000000000
47441  25.777  -7.787  31.854 0.0000000000
47458  24.681  -7.959  30.837 0.0000000000
47480  23.648  -8.112  29.838 0.0000000000
48626  23.611  -7.500  32.915 0.0000000000
47444  23.330  -7.892  31.139 0.0000000000
47460  23.009  -7.934  30.504 0.0000000000
47481  22.904  -7.988  29.641 0.0000000000
47482  22.261  -7.809  29.435 0.0000000000
47503  21.860  -7.952  28.787 0.0000000000
47504  21.258  -7.985  28.547 0.0000000000
48693  20.552  -7.910  28.691 0.0000000000
49791  19.261  -6.741  31.732 0.0000000000
48653  18.703  -7.126  31.275 0.0000000000
70214  54.210  11.363  5.608 0.0000000000
69051  51.549  9.651  6.847 0.0000000000
70192  53.693  10.711  7.659 0.0000000000
69050  52.200  10.014  7.342 0.0000000000
69041  51.096  9.286  7.165 0.0000000000
67893  50.995  9.218  7.577 0.0000000000
67883  49.552  8.180  8.250 0.0000000000
70136  55.099  11.487  10.005 0.0000000000
70162  54.538  10.937  9.512 0.0000000000
69026  53.352  10.205  9.637 0.0000000000
69005  53.545  10.224  10.221 0.0000000000
69006  52.958  9.901  10.108 0.0000000000
69027  52.658  10.029  9.148 0.0000000000
67882  50.145  8.513  8.529 0.0000000000
66818  48.854  7.385  8.508 0.0000000000
65654  47.952  6.178  9.800 0.0000000000
65638  49.182  7.082  10.188 0.0000000000
63099  46.369  4.972  11.600 0.0000000000
67832  52.386  8.269  12.365 0.0000000000
65627  50.317  7.163  11.768 0.0000000000
64443  48.989  6.423  11.652 0.0000000000
64423  49.335  6.176  12.345 0.0000000000
64445  47.309  5.328  11.663 0.0000000000
61866  45.010  3.944  13.831 0.0000000000
61843  43.627  3.056  15.377 0.0000000000
61840  45.899  4.151  15.455 0.0000000000
63024  45.766  4.512  16.118 0.0000000000
63038  45.855  4.262  15.673 0.0000000000
61841  45.316  3.967  15.713 0.0000000000
61831  43.911  3.142  16.102 0.0000000000
58387  43.878  0.610  17.559 0.0000000000
58369  44.588  0.625  18.031 0.0000000000
57189  44.275  0.012  17.849 0.0000000000
54552  45.389  -1.858  18.975 0.0000000000
66674  48.925  7.262  17.738 0.0000000000
66653  48.501  7.611  18.222 0.0000000000
66675  48.361  7.210  17.897 0.0000000000
65517  47.387  6.675  18.151 0.0000000000
64312  46.790  5.624  18.680 0.0000000000
61807  46.488  4.231  18.883 0.0000000000
64300  48.856  5.564  20.581 0.0000000000
62983  48.439  4.715  20.212 0.0000000000
61787  47.990  3.859  19.910 0.0000000000
61788  47.114  3.992  19.423 0.0000000000
58348  45.948  0.137  19.029 0.0000000000
53358  47.844  -3.441  22.800 0.0000000000
51050  49.781  -5.483  22.598 0.0000000000
66608  49.136  7.497  22.531 0.0000000000
64279  48.891  5.448  22.611 0.0000000000
61735  48.513  3.513  22.530 0.0000000000
59419  48.190  1.672  22.605 0.0000000000
68804  45.550  9.605  23.543 0.0000000000
68822  45.710  9.460  22.364 0.0000000000
62949  43.368  4.477  22.214 0.0000000000
66602  44.532  6.868  22.345 0.0000000000
64294  43.907  5.019  20.922 0.0000000000
66612  44.684  7.052  21.871 0.0000000000
68839  45.662  8.813  21.869 0.0000000000
68838  46.076  9.016  21.613 0.0000000000
67693  46.435  8.319  21.295 0.0000000000
66619  46.895  7.609  21.198 0.0000000000
64291  47.346  6.174  21.641 0.0000000000
62961  46.497  4.874  21.100 0.0000000000
61753  46.947  3.980  21.424 0.0000000000
62960  47.403  4.990  21.728 0.0000000000
61752  47.779  3.764  22.020 0.0000000000
59440  47.734  1.978  22.080 0.0000000000
59420  47.726  1.259  22.339 0.0000000000
57102  47.537  0.024  22.953 0.0000000000
57082  47.441  -1.095  23.375 0.0000000000
54476  47.409  -2.457  24.073 0.0000000000
55807  46.460  -1.729  22.676 0.0000000000
54491  46.638  -2.491  23.358 0.0000000000
52121  47.392  -3.985  24.265 0.0000000000
52143  47.073  -4.391  23.972 0.0000000000
54514  44.770  -2.848  21.633 0.0000000000
52164  45.653  -4.554  22.947 0.0000000000
51030  46.878  -5.397  22.840 0.0000000000
51051  47.591  -5.842  22.343 0.0000000000
52232  44.107  -4.312  17.548 0.0000000000
48696  42.177  -7.274  27.991 0.0000000000
46447  42.275  -9.360  27.123 0.0000000000
46446  43.206  -9.488  27.350 0.0000000000
46462  42.969  -10.036  26.307 0.0000000000
46472  42.256  -10.165  25.534 0.0000000000
45480  42.856  -10.609  23.842 0.0000000000
44487  45.436  -11.464  24.970 0.0000000000
44539  43.611  -11.293  20.430 0.0000000000
44561  41.397  -11.348  19.354 0.0000000000
45547  40.651  -10.969  19.046 0.0000000000
46553  38.571  -10.138  17.654 0.0000000000
39999  42.137  -15.543  26.882 0.0000000000
42419  41.317  -14.280  25.537 0.0000000000
41228  40.321  -14.799  24.957 0.0000000000
42431  40.048  -14.205  24.637 0.0000000000
43556  39.886  -12.586  23.629 0.0000000000
44508  39.797  -12.130  23.077 0.0000000000
42448  37.009  -14.669  22.211 0.0000000000
42447  37.558  -13.963  22.653 0.0000000000
43575  37.517  -12.685  22.151 0.0000000000
43568  37.992  -13.000  22.675 0.0000000000
44530  38.547  -12.111  22.578 0.0000000000
44529  39.180  -11.881  22.648 0.0000000000
45528  38.960  -10.794  20.899 0.0000000000
46554  37.736  -9.836  17.922 0.0000000000
70247  50.322  10.145  3.357 0.0000000000
70252  51.188  10.863  2.321 0.0000000000
71468  50.721  11.020  0.866 0.0000000000
67940  47.282  8.828  2.291 0.0000000000
63121  44.345  4.306  10.541 0.0000000000
61921  43.910  3.852  9.082 0.0000000000
36016  39.278  -19.193  28.936 0.0000000000
36033  39.785  -19.174  27.466 0.0000000000
36042  38.684  -19.294  27.059 0.0000000000
36878  39.093  -18.577  28.915 0.0000000000
36893  40.177  -18.626  27.050 0.0000000000
36902  39.237  -18.878  26.021 0.0000000000
36931  37.121  -17.891  23.166 0.0000000000
37771  41.256  -16.959  27.618 0.0000000000
37774  38.822  -17.739  27.895 0.0000000000
37807  38.565  -17.911  24.672 0.0000000000
38807  38.430  -17.519  28.018 0.0000000000
38861  41.920  -16.060  26.822 0.0000000000
39971  42.955  -14.570  27.615 0.0000000000
39972  42.864  -14.783  27.833 0.0000000000
39973  42.551  -14.938  28.067 0.0000000000
40000  41.806  -15.715  26.522 0.0000000000
40022  40.020  -16.426  25.464 0.0000000000
41191  43.101  -14.229  27.751 0.0000000000
41198  42.708  -14.788  27.227 0.0000000000
41204  42.868  -13.999  26.793 0.0000000000
41217  42.128  -14.105  26.117 0.0000000000
42378  42.835  -13.608  28.466 0.0000000000
42439  38.624  -13.792  23.405 0.0000000000
43473  44.464  -12.067  27.475 0.0000000000
43476  40.810  -12.172  27.648 0.0000000000
43514  43.522  -12.514  25.513 0.0000000000
44434  41.559  -10.982  29.311 0.0000000000
44439  44.046  -10.963  28.144 0.0000000000
44456  45.516  -10.918  27.113 0.0000000000
44549  43.458  -10.985  20.068 0.0000000000
44554  36.747  -11.130  20.980 0.0000000000
44559  42.371  -10.790  18.900 0.0000000000
44569  42.041  -10.565  18.551 0.0000000000
44571  41.383  -11.116  18.787 0.0000000000
45431  41.426  -10.351  29.706 0.0000000000
45436  45.086  -9.998  28.113 0.0000000000
45437  44.632  -10.393  28.159 0.0000000000
45447  45.386  -10.340  27.683 0.0000000000
45448  44.997  -10.735  27.737 0.0000000000
45459  39.273  -10.536  27.157 0.0000000000
45465  46.163  -10.558  25.779 0.0000000000
45466  45.616  -10.433  25.316 0.0000000000
45522  24.751  -9.956  22.650 0.0000000000
45525  43.772  -10.994  20.733 0.0000000000
45535  43.645  -10.963  20.280 0.0000000000
45537  43.100  -10.350  20.579 0.0000000000
46390  42.412  -8.491  30.059 0.0000000000
46392  41.333  -8.871  30.269 0.0000000000
46406  43.678  -9.256  29.069 0.0000000000
46425  44.654  -9.413  28.364 0.0000000000
46427  40.264  -9.807  29.516 0.0000000000
46429  39.038  -9.300  28.567 0.0000000000
46444  44.807  -9.400  27.680 0.0000000000
46464  38.525  -9.679  27.284 0.0000000000
46467  21.378  -9.283  26.241 0.0000000000
46492  41.108  -9.894  23.185 0.0000000000
46521  34.429  -8.426  21.942 0.0000000000
46525  30.889  -9.188  21.104 0.0000000000
46533  42.547  -10.149  19.805 0.0000000000
46536  31.684  -8.465  20.842 0.0000000000
46550  42.344  -10.140  18.959 0.0000000000
47428  25.127  -7.637  32.400 0.0000000000
47467  43.413  -7.641  29.886 0.0000000000
47468  42.924  -8.065  29.959 0.0000000000
47470  41.524  -8.174  30.319 0.0000000000
47490  40.888  -8.359  30.226 0.0000000000
47512  39.702  -8.568  29.326 0.0000000000
47590  40.181  -8.379  24.976 0.0000000000
47593  27.716  -7.746  25.466 0.0000000000
47630  39.762  -7.867  23.741 0.0000000000
47658  31.923  -8.335  20.854 0.0000000000
47672  32.013  -7.513  20.634 0.0000000000
47682  41.322  -9.604  19.726 0.0000000000
48629  20.832  -6.652  32.717 0.0000000000
48660  41.781  -7.436  30.279 0.0000000000
48670  44.041  -8.049  28.700 0.0000000000
48677  21.798  -7.730  29.318 0.0000000000
48686  42.726  -7.432  28.306 0.0000000000
48692  20.935  -7.960  28.639 0.0000000000
48717  39.769  -7.014  24.822 0.0000000000
48731  39.717  -7.323  24.359 0.0000000000
48747  39.844  -7.810  23.464 0.0000000000
48765  34.476  -7.119  22.094 0.0000000000
48774  40.591  -7.331  21.841 0.0000000000
48777  33.154  -7.156  21.029 0.0000000000
48792  30.767  -7.398  20.594 0.0000000000
48793  29.854  -7.360  20.786 0.0000000000
48794  28.997  -7.615  20.860 0.0000000000
48795  28.649  -7.741  20.897 0.0000000000
49796  42.718  -6.462  30.249 0.0000000000
49797  41.918  -6.540  30.174 0.0000000000
49804  41.586  -6.155  29.955 0.0000000000
49805  41.185  -6.652  29.847 0.0000000000
49822  41.869  -6.541  27.760 0.0000000000
49825  32.233  -5.975  27.665 0.0000000000
49844  31.071  -6.431  24.856 0.0000000000
49860  30.003  -6.667  22.516 0.0000000000
49879  32.478  -6.054  21.518 0.0000000000
49898  32.762  -6.500  21.242 0.0000000000
49902  29.756  -6.843  21.470 0.0000000000
49916  31.381  -6.551  20.975 0.0000000000
49918  30.388  -7.039  20.817 0.0000000000
50776  20.885  -5.205  36.069 0.0000000000
50777  20.180  -5.179  35.696 0.0000000000
50806  35.586  -5.690  33.064 0.0000000000
50864  42.899  -5.861  30.045 0.0000000000
50888  42.766  -5.325  29.873 0.0000000000
50891  40.195  -6.310  29.129 0.0000000000
50910  42.897  -5.750  28.712 0.0000000000
50913  39.143  -6.302  28.140 0.0000000000
50948  42.362  -5.188  27.596 0.0000000000
50989  35.365  -4.795  23.625 0.0000000000
50990  33.098  -4.936  23.885 0.0000000000
51013  33.315  -5.088  23.266 0.0000000000
51057  40.021  -4.903  21.779 0.0000000000
51059  32.066  -5.963  21.604 0.0000000000
51060  31.721  -6.079  21.511 0.0000000000
51925  36.377  -4.142  33.756 0.0000000000
51966  35.647  -4.650  32.539 0.0000000000
51985  35.680  -3.686  32.264 0.0000000000
52006  41.928  -5.271  29.945 0.0000000000
52007  41.643  -5.375  29.890 0.0000000000
52027  42.829  -4.827  29.446 0.0000000000
52028  42.358  -4.880  29.767 0.0000000000
52030  40.826  -5.123  29.205 0.0000000000
52047  43.002  -5.298  28.814 0.0000000000
52048  41.399  -4.325  28.906 0.0000000000
52065  43.030  -4.290  28.448 0.0000000000
52067  40.267  -4.263  27.720 0.0000000000
52106  35.505  -3.880  24.684 0.0000000000
52107  33.803  -3.866  25.024 0.0000000000
52119  48.463  -4.200  24.292 0.0000000000
52145  39.684  -4.273  23.766 0.0000000000
52169  39.473  -4.419  22.245 0.0000000000
52200  40.541  -3.727  20.683 0.0000000000
53185  37.036  -2.609  33.689 0.0000000000
53201  36.439  -2.918  32.651 0.0000000000
53253  42.262  -3.749  28.649 0.0000000000
53254  41.524  -3.734  28.304 0.0000000000
53269  40.644  -3.575  27.167 0.0000000000
53306  38.138  -3.264  25.658 0.0000000000
53331  34.665  -3.768  24.583 0.0000000000
53342  46.558  -4.022  23.623 0.0000000000
53345  39.461  -3.763  22.608 0.0000000000
53380  46.702  -2.707  20.687 0.0000000000
53381  44.492  -3.537  21.955 0.0000000000
53384  42.093  -4.266  21.188 0.0000000000
53385  40.231  -3.351  20.760 0.0000000000
53399  43.622  -3.160  21.250 0.0000000000
54414  42.411  -2.767  27.542 0.0000000000
54416  41.104  -3.047  27.015 0.0000000000
54429  39.974  -3.053  26.228 0.0000000000
54535  40.466  -2.534  20.419 0.0000000000
54554  41.903  -1.802  19.901 0.0000000000
55679  35.591  -1.654  28.460 0.0000000000
55696  42.115  -2.398  27.015 0.0000000000
55716  41.587  -1.793  26.279 0.0000000000
55717  40.934  -2.229  26.260 0.0000000000
55735  42.922  -1.502  25.571 0.0000000000
55740  38.276  -1.829  25.557 0.0000000000
55741  37.837  -1.697  25.631 0.0000000000
55784  47.619  -1.528  23.877 0.0000000000
55851  42.499  -1.535  19.924 0.0000000000
55877  42.107  -1.204  19.790 0.0000000000
57013  37.702  -0.673  26.951 0.0000000000
57031  39.937  -0.004  26.054 0.0000000000
57106  40.491  -1.381  21.654 0.0000000000
57124  46.231  -0.022  21.837 0.0000000000
57126  45.078  -1.204  21.196 0.0000000000
57127  40.847  -0.527  20.900 0.0000000000
57149  43.702  -0.666  20.103 0.0000000000
57172  43.017  -0.556  19.769 0.0000000000
57174  41.755  -0.593  19.772 0.0000000000
58235  41.229  1.184  26.587 0.0000000000
58252  39.873  0.190  26.263 0.0000000000
58263  40.882  0.009  25.761 0.0000000000
58264  40.553  -0.115  25.761 0.0000000000
58327  45.023  0.292  20.675 0.0000000000
58330  41.743  0.655  20.186 0.0000000000
58349  43.343  0.930  19.652 0.0000000000
58351  42.099  0.179  19.755 0.0000000000
58352  41.558  -0.051  20.010 0.0000000000
58421  42.752  0.254  14.932 0.0000000000
59403  48.958  1.399  22.979 0.0000000000
59404  43.181  1.682  24.178 0.0000000000
59417  49.310  1.278  22.654 0.0000000000
59444  41.612  1.095  21.527 0.0000000000
59456  49.359  1.883  21.775 0.0000000000
59484  42.976  1.385  19.689 0.0000000000
60580  49.260  1.500  22.742 0.0000000000
60581  49.134  1.666  22.840 0.0000000000
60615  49.432  2.402  22.069 0.0000000000
60637  43.093  2.906  20.181 0.0000000000
60655  43.906  2.286  19.906 0.0000000000
60716  42.394  1.612  14.959 0.0000000000
61703  43.544  2.838  23.863 0.0000000000
61721  43.303  3.224  23.380 0.0000000000
61769  49.611  3.519  21.531 0.0000000000
61770  49.201  3.716  21.035 0.0000000000
61772  45.610  3.855  20.571 0.0000000000
61774  43.492  3.525  20.309 0.0000000000
61790  43.630  2.845  19.911 0.0000000000
62958  50.010  4.785  22.270 0.0000000000
62975  44.226  4.427  20.400 0.0000000000
63034  49.091  5.136  15.843 0.0000000000
64277  49.908  4.932  22.463 0.0000000000
64289  49.936  5.239  22.154 0.0000000000
64301  45.931  5.546  20.791 0.0000000000
64302  45.216  5.415  20.580 0.0000000000
64304  44.095  4.843  20.618 0.0000000000
64446  46.795  5.242  11.402 0.0000000000
65477  44.301  6.381  21.980 0.0000000000
65487  47.312  6.993  21.464 0.0000000000
65488  46.589  6.739  21.149 0.0000000000
65518  47.362  6.317  17.523 0.0000000000
65652  49.079  7.237  9.578 0.0000000000
66611  45.049  7.670  21.783 0.0000000000
66654  47.946  7.195  18.187 0.0000000000
66774  51.788  7.898  12.112 0.0000000000
66827  49.151  7.882  8.033 0.0000000000
67692  47.145  8.231  21.428 0.0000000000
67867  50.418  8.416  9.436 0.0000000000
67915  50.046  9.164  5.507 0.0000000000
69086  50.887  10.042  4.352 0.0000000000
71373  55.653  11.925  6.917 0.0000000000
71387  54.798  11.568  5.675 0.0000000000
71423  52.905  11.460  3.103 0.0000000000
71459  50.774  11.002  1.360 0.0000000000
