#!ascii label  , from subject 201818 vox2ras=TkReg
921
57208  32.365  -1.124  16.839 0.0000000000
72611  41.520  12.776  1.714 0.0000000000
64515  34.392  5.548  8.595 0.0000000000
53264  14.280  -3.706  28.363 0.0000000000
61764  25.760  3.488  21.208 0.0000000000
67900  36.279  7.879  7.108 0.0000000000
53371  20.737  -3.208  22.707 0.0000000000
52094  18.496  -4.417  26.455 0.0000000000
53390  24.349  -3.454  20.671 0.0000000000
73723  45.665  12.716  0.211 0.0000000000
60708  32.939  2.370  16.474 0.0000000000
61873  32.317  3.171  13.452 0.0000000000
57240  37.260  -0.288  16.261 0.0000000000
77018  43.694  16.828  -0.496 0.0000000000
75950  46.481  15.288  -2.968 0.0000000000
73674  39.414  13.562  4.261 0.0000000000
70221  43.144  9.464  5.025 0.0000000000
67921  39.179  8.316  5.148 0.0000000000
63165  39.745  4.734  8.994 0.0000000000
55861  30.342  -1.972  19.674 0.0000000000
50837  14.193  -6.007  32.265 0.0000000000
49749  10.010  -6.750  34.466 0.0000000000
50749  6.566  -5.351  36.981 0.0000000000
59514  28.917  2.217  17.809 0.0000000000
55885  27.161  -1.360  19.426 0.0000000000
66780  30.589  7.789  11.240 0.0000000000
64433  34.286  5.120  12.144 0.0000000000
78072  48.829  17.729  -6.501 0.0000000000
72620  44.015  12.505  0.471 0.0000000000
71445  44.174  11.291  2.038 0.0000000000
58391  33.483  0.441  16.354 0.0000000000
58425  34.907  0.312  14.875 0.0000000000
55938  34.700  -1.792  16.665 0.0000000000
75913  41.449  15.058  1.778 0.0000000000
77000  43.063  16.865  1.275 0.0000000000
75927  42.259  14.914  0.430 0.0000000000
74834  43.866  14.620  -1.096 0.0000000000
48542  7.339  -8.290  39.581 0.0000000000
70240  38.776  10.833  4.779 0.0000000000
70211  38.170  10.487  6.007 0.0000000000
65691  35.603  6.401  7.419 0.0000000000
65689  37.141  6.017  7.022 0.0000000000
63168  37.010  4.245  8.474 0.0000000000
63125  37.272  3.996  10.383 0.0000000000
53277  16.033  -3.478  27.011 0.0000000000
53260  18.267  -4.833  28.669 0.0000000000
52040  15.626  -4.980  29.170 0.0000000000
51999  15.565  -5.436  31.468 0.0000000000
52021  14.283  -5.324  29.964 0.0000000000
51981  10.628  -5.035  32.756 0.0000000000
49730  8.027  -6.663  35.345 0.0000000000
61798  27.224  3.897  19.386 0.0000000000
58378  27.449  0.314  17.769 0.0000000000
59518  25.549  0.918  18.874 0.0000000000
51018  23.676  -5.612  23.413 0.0000000000
52152  25.720  -5.409  22.893 0.0000000000
61859  35.496  3.587  13.676 0.0000000000
64435  32.891  4.663  12.589 0.0000000000
69046  37.889  9.602  7.604 0.0000000000
69036  35.356  8.992  8.205 0.0000000000
67891  33.633  8.149  8.561 0.0000000000
52132  21.641  -4.863  23.891 0.0000000000
52092  20.478  -5.319  26.481 0.0000000000
52135  19.184  -3.750  24.520 0.0000000000
53317  17.530  -2.693  25.855 0.0000000000
55712  15.150  -1.911  27.362 0.0000000000
57136  24.495  -0.551  20.778 0.0000000000
55819  23.794  -1.374  22.226 0.0000000000
53369  22.038  -3.244  22.088 0.0000000000
64360  31.351  4.837  17.165 0.0000000000
64378  29.761  5.355  14.786 0.0000000000
60732  32.122  2.384  14.705 0.0000000000
59568  35.127  1.478  13.862 0.0000000000
78055  46.047  17.873  -3.374 0.0000000000
77024  44.913  16.361  -2.513 0.0000000000
74831  46.219  14.269  -2.114 0.0000000000
72592  40.389  12.955  2.686 0.0000000000
71431  42.541  11.183  2.952 0.0000000000
71413  40.806  11.049  3.794 0.0000000000
69080  41.190  9.304  4.731 0.0000000000
66841  41.627  7.308  6.562 0.0000000000
67910  38.045  8.288  5.896 0.0000000000
64544  39.568  5.876  6.847 0.0000000000
55901  31.242  -2.197  17.713 0.0000000000
55881  34.444  -2.474  18.704 0.0000000000
75873  41.053  15.318  4.231 0.0000000000
54391  12.608  -2.788  30.008 0.0000000000
52000  11.869  -4.839  31.298 0.0000000000
50817  12.139  -6.622  33.561 0.0000000000
50783  12.052  -6.819  35.306 0.0000000000
49709  9.661  -7.445  36.616 0.0000000000
48580  7.805  -7.528  36.579 0.0000000000
48551  5.572  -7.800  38.131 0.0000000000
49654  4.511  -6.677  38.656 0.0000000000
58394  31.420  0.070  17.166 0.0000000000
57212  29.211  -0.480  17.293 0.0000000000
57178  28.758  -1.084  19.042 0.0000000000
54543  25.317  -2.713  19.912 0.0000000000
66808  32.156  7.374  9.551 0.0000000000
64437  30.270  5.473  12.246 0.0000000000
64473  31.477  5.534  10.865 0.0000000000
63128  34.547  4.301  10.299 0.0000000000
57175  37.334  -0.911  19.389 0.0000000000
77068  51.044  16.529  -8.170 0.0000000000
75967  47.432  15.876  -5.020 0.0000000000
75980  49.585  15.263  -5.709 0.0000000000
72622  42.437  12.981  0.774 0.0000000000
71460  43.981  11.756  1.471 0.0000000000
71461  43.257  11.688  1.572 0.0000000000
58392  32.825  -0.086  16.610 0.0000000000
57226  34.087  -1.173  16.361 0.0000000000
55918  33.810  -2.075  17.204 0.0000000000
74788  41.305  14.317  1.617 0.0000000000
75912  41.987  15.427  1.149 0.0000000000
73716  41.980  13.302  0.890 0.0000000000
73726  42.528  13.585  0.423 0.0000000000
47348  6.489  -8.609  39.852 0.0000000000
71381  38.227  11.404  6.476 0.0000000000
70199  38.231  10.508  7.244 0.0000000000
65677  35.047  6.354  7.962 0.0000000000
64532  36.667  5.230  7.742 0.0000000000
63169  36.217  4.420  8.847 0.0000000000
63146  37.686  4.148  9.455 0.0000000000
63148  35.661  4.086  9.454 0.0000000000
53278  15.085  -3.198  27.626 0.0000000000
52060  15.873  -4.513  28.537 0.0000000000
52061  15.144  -4.460  28.571 0.0000000000
52041  14.636  -4.803  29.166 0.0000000000
53248  14.043  -4.250  29.047 0.0000000000
61784  26.564  3.690  19.901 0.0000000000
60667  26.092  2.838  19.191 0.0000000000
60648  25.423  2.608  20.094 0.0000000000
50996  23.125  -5.489  24.419 0.0000000000
66723  30.234  7.701  15.493 0.0000000000
64396  35.935  5.395  14.229 0.0000000000
69037  34.598  8.736  8.258 0.0000000000
69019  33.498  9.481  9.155 0.0000000000
52154  20.707  -4.081  23.238 0.0000000000
52133  21.053  -4.645  24.358 0.0000000000
53334  19.858  -3.476  23.631 0.0000000000
54451  18.044  -2.295  24.944 0.0000000000
55731  17.056  -1.766  25.939 0.0000000000
54437  16.470  -2.369  26.484 0.0000000000
57116  24.305  -0.308  22.146 0.0000000000
54501  21.572  -2.422  22.396 0.0000000000
54500  22.320  -2.201  22.075 0.0000000000
53370  21.221  -3.316  22.524 0.0000000000
52175  21.652  -4.189  22.633 0.0000000000
61847  31.365  3.444  15.823 0.0000000000
60720  32.056  2.741  15.611 0.0000000000
57242  35.842  -0.601  15.472 0.0000000000
58439  34.776  0.928  14.353 0.0000000000
59556  36.455  0.645  14.654 0.0000000000
59566  36.875  1.644  14.616 0.0000000000
59528  38.069  0.747  16.476 0.0000000000
77010  43.641  17.147  0.582 0.0000000000
78041  44.871  17.549  -2.037 0.0000000000
77025  44.221  16.421  -1.606 0.0000000000
73731  45.274  13.329  -0.473 0.0000000000
74832  45.110  14.487  -1.629 0.0000000000
73730  46.246  13.185  -0.358 0.0000000000
73688  39.789  13.714  3.733 0.0000000000
71433  40.355  11.991  3.449 0.0000000000
71434  39.654  12.374  3.697 0.0000000000
69070  39.734  8.949  4.796 0.0000000000
69081  40.439  9.557  4.597 0.0000000000
67920  40.199  8.063  5.206 0.0000000000
67919  41.343  8.042  5.592 0.0000000000
66853  40.598  7.255  5.709 0.0000000000
69047  37.371  8.939  7.209 0.0000000000
69058  37.440  8.578  6.530 0.0000000000
67911  37.237  7.920  6.440 0.0000000000
64530  38.961  5.326  7.451 0.0000000000
64545  38.604  5.896  6.703 0.0000000000
64529  39.825  5.457  7.632 0.0000000000
65676  41.113  5.903  7.933 0.0000000000
54559  30.890  -2.414  18.760 0.0000000000
54557  32.023  -2.719  18.974 0.0000000000
74722  39.488  14.104  5.415 0.0000000000
74751  39.773  14.117  4.034 0.0000000000
74766  40.101  14.147  3.413 0.0000000000
52093  19.372  -4.946  26.394 0.0000000000
52075  18.784  -4.982  27.491 0.0000000000
50836  14.977  -5.750  32.019 0.0000000000
51979  15.706  -5.438  32.695 0.0000000000
50814  14.939  -5.898  33.105 0.0000000000
50815  14.037  -6.354  33.331 0.0000000000
54383  12.055  -2.921  31.050 0.0000000000
53235  12.057  -3.995  30.809 0.0000000000
53222  11.490  -3.770  31.646 0.0000000000
50819  10.260  -5.578  33.205 0.0000000000
49782  11.294  -6.127  32.828 0.0000000000
49747  11.452  -6.690  33.760 0.0000000000
50800  11.952  -6.750  34.329 0.0000000000
49726  11.368  -6.958  34.623 0.0000000000
50784  11.247  -7.011  35.466 0.0000000000
49728  9.637  -7.140  35.467 0.0000000000
49711  6.969  -6.454  36.159 0.0000000000
48603  7.598  -7.151  35.986 0.0000000000
48581  6.964  -7.173  36.590 0.0000000000
48563  6.252  -7.350  37.390 0.0000000000
49692  6.040  -6.350  37.181 0.0000000000
59491  31.168  1.931  18.791 0.0000000000
58375  31.338  0.979  17.784 0.0000000000
58395  30.504  0.381  17.191 0.0000000000
57211  29.907  -0.793  17.152 0.0000000000
58396  29.574  0.180  17.109 0.0000000000
57195  27.335  -0.293  18.504 0.0000000000
57194  28.093  -0.350  18.409 0.0000000000
57179  27.848  -0.977  19.329 0.0000000000
55865  24.159  -2.112  20.501 0.0000000000
55864  24.645  -1.683  20.263 0.0000000000
53406  24.962  -3.270  20.338 0.0000000000
52171  26.324  -4.939  22.264 0.0000000000
70236  42.590  9.929  4.239 0.0000000000
71410  44.173  10.527  3.690 0.0000000000
70235  43.714  9.903  4.331 0.0000000000
67844  31.281  8.756  10.950 0.0000000000
67873  32.198  8.398  9.599 0.0000000000
66792  31.523  7.441  10.259 0.0000000000
61875  30.595  3.900  14.054 0.0000000000
64419  29.719  5.523  13.767 0.0000000000
63072  31.548  3.971  13.008 0.0000000000
64434  33.524  4.836  12.303 0.0000000000
64454  32.141  4.691  11.607 0.0000000000
64453  33.426  4.540  11.193 0.0000000000
63110  33.674  4.668  10.572 0.0000000000
64452  34.447  4.757  11.516 0.0000000000
63088  36.491  4.502  12.010 0.0000000000
55879  36.018  -1.583  19.383 0.0000000000
76027  49.725  16.594  -7.467 0.0000000000
77030  46.092  16.100  -3.671 0.0000000000
77043  46.735  17.284  -4.597 0.0000000000
75959  46.643  15.867  -4.155 0.0000000000
75964  50.597  14.577  -4.656 0.0000000000
75979  51.016  14.787  -5.301 0.0000000000
54485  20.415  -2.189  23.222 0.0000000000
54486  19.858  -2.665  23.580 0.0000000000
72619  44.899  12.389  0.517 0.0000000000
72606  46.619  12.426  1.439 0.0000000000
72607  45.587  12.268  1.135 0.0000000000
60707  33.555  1.819  16.737 0.0000000000
59545  33.058  1.713  15.631 0.0000000000
58410  34.199  -0.133  15.620 0.0000000000
57225  35.078  -1.145  15.940 0.0000000000
57224  36.096  -1.268  16.182 0.0000000000
75897  42.886  16.473  2.428 0.0000000000
75898  42.190  16.012  2.235 0.0000000000
77012  42.377  15.675  0.557 0.0000000000
77011  42.926  16.249  0.134 0.0000000000
77019  43.486  15.975  -0.936 0.0000000000
74817  43.491  14.585  -0.816 0.0000000000
73732  44.328  13.588  -0.536 0.0000000000
48540  8.609  -7.786  39.131 0.0000000000
72528  38.769  12.900  5.811 0.0000000000
72557  38.824  12.355  4.781 0.0000000000
72542  38.612  12.252  5.360 0.0000000000
70224  38.474  10.683  5.161 0.0000000000
69071  38.599  9.413  5.266 0.0000000000
66833  36.134  7.168  6.907 0.0000000000
66846  36.778  7.207  6.662 0.0000000000
65690  36.251  6.395  7.066 0.0000000000
63185  37.619  4.707  7.901 0.0000000000
63167  38.106  4.463  8.611 0.0000000000
63145  38.699  4.428  9.488 0.0000000000
63104  38.873  4.231  11.383 0.0000000000
57133  30.672  -1.831  21.027 0.0000000000
53276  17.092  -3.899  27.227 0.0000000000
53275  17.920  -4.446  27.391 0.0000000000
53261  17.336  -4.422  28.223 0.0000000000
53247  16.829  -4.537  28.804 0.0000000000
53221  17.046  -4.763  30.670 0.0000000000
50882  14.697  -5.717  30.691 0.0000000000
50883  13.880  -5.614  30.672 0.0000000000
51980  10.983  -4.581  32.336 0.0000000000
51960  9.654  -5.027  33.812 0.0000000000
50820  9.624  -5.888  33.955 0.0000000000
49750  9.163  -6.524  34.591 0.0000000000
50802  8.559  -6.134  34.946 0.0000000000
50786  8.182  -5.367  35.511 0.0000000000
50748  6.979  -5.021  36.799 0.0000000000
60685  28.596  2.990  18.518 0.0000000000
59532  28.355  1.225  17.194 0.0000000000
60687  26.904  2.459  18.222 0.0000000000
59517  25.983  1.091  18.368 0.0000000000
58359  26.012  -0.167  18.753 0.0000000000
52173  23.974  -4.885  21.759 0.0000000000
52189  24.928  -4.331  21.045 0.0000000000
51042  24.161  -5.402  22.566 0.0000000000
69066  43.483  9.088  5.809 0.0000000000
67828  30.289  8.072  13.166 0.0000000000
61871  34.213  3.227  13.315 0.0000000000
63071  32.674  4.031  12.941 0.0000000000
64415  34.554  4.733  13.516 0.0000000000
65610  34.484  5.559  13.352 0.0000000000
78059  48.224  18.094  -5.252 0.0000000000
47350  5.050  -8.758  39.607 0.0000000000
69034  37.332  9.274  8.203 0.0000000000
67887  36.671  8.705  7.525 0.0000000000
67888  35.863  8.522  7.628 0.0000000000
67889  35.028  8.072  7.717 0.0000000000
66824  34.470  7.284  8.069 0.0000000000
65678  34.070  6.473  8.329 0.0000000000
50980  22.599  -5.362  25.454 0.0000000000
50962  22.050  -5.214  26.530 0.0000000000
52113  21.030  -4.944  25.475 0.0000000000
52114  20.099  -4.750  25.331 0.0000000000
52115  19.005  -4.082  25.331 0.0000000000
53335  19.269  -3.196  24.067 0.0000000000
53316  18.102  -3.152  25.371 0.0000000000
53294  17.804  -3.839  26.418 0.0000000000
53295  17.091  -3.082  26.397 0.0000000000
54422  15.611  -2.486  27.002 0.0000000000
54423  14.826  -2.490  27.641 0.0000000000
59471  25.045  1.646  20.438 0.0000000000
58322  24.611  0.630  21.220 0.0000000000
57137  24.260  -0.987  21.299 0.0000000000
54498  23.499  -1.932  21.339 0.0000000000
55820  23.230  -1.555  22.377 0.0000000000
54499  23.014  -1.920  21.797 0.0000000000
52191  23.263  -3.635  21.435 0.0000000000
52174  22.856  -4.201  21.925 0.0000000000
51019  22.723  -5.265  23.473 0.0000000000
65554  30.691  6.544  16.889 0.0000000000
66704  30.060  6.750  15.704 0.0000000000
63029  30.645  4.720  16.061 0.0000000000
61848  30.856  3.774  15.297 0.0000000000
60744  32.216  2.595  14.060 0.0000000000
59558  33.203  1.461  14.965 0.0000000000
59581  33.885  1.876  13.766 0.0000000000
60742  33.972  2.444  13.489 0.0000000000
60729  35.658  2.287  13.711 0.0000000000
61845  37.659  3.345  14.959 0.0000000000
79025  45.637  18.441  -2.040 0.0000000000
77031  45.494  16.666  -3.214 0.0000000000
75951  45.508  15.911  -2.771 0.0000000000
75942  44.367  15.264  -1.644 0.0000000000
75941  45.306  15.342  -2.270 0.0000000000
72591  40.935  12.901  2.183 0.0000000000
71447  42.033  11.670  2.093 0.0000000000
71448  41.263  12.107  2.300 0.0000000000
71412  41.975  10.723  3.678 0.0000000000
70237  41.389  10.015  4.407 0.0000000000
70238  40.129  10.440  4.233 0.0000000000
70222  42.182  9.368  4.784 0.0000000000
67918  42.032  8.382  5.568 0.0000000000
67898  42.791  7.633  6.893 0.0000000000
69057  37.834  9.422  6.466 0.0000000000
66855  38.729  7.905  5.465 0.0000000000
66845  37.647  7.310  6.193 0.0000000000
66844  38.600  7.279  5.835 0.0000000000
65716  39.826  6.780  5.899 0.0000000000
65701  40.439  6.510  6.382 0.0000000000
55920  31.825  -2.098  17.244 0.0000000000
54588  33.078  -2.257  17.464 0.0000000000
54575  32.345  -2.707  18.178 0.0000000000
54536  33.289  -2.733  19.600 0.0000000000
75899  41.345  15.329  2.770 0.0000000000
74774  40.861  14.372  2.356 0.0000000000
54400  13.792  -2.076  28.633 0.0000000000
55653  13.368  -1.746  29.771 0.0000000000
53249  13.398  -3.818  29.248 0.0000000000
52022  13.296  -4.943  30.013 0.0000000000
50884  13.140  -5.493  30.807 0.0000000000
50860  12.557  -5.691  31.494 0.0000000000
52001  11.383  -4.779  31.904 0.0000000000
50839  12.106  -6.170  32.567 0.0000000000
50838  13.243  -6.173  32.392 0.0000000000
50816  13.008  -6.552  33.431 0.0000000000
50782  13.062  -6.463  35.502 0.0000000000
49691  9.504  -7.532  37.545 0.0000000000
48601  8.947  -7.293  35.833 0.0000000000
48579  8.777  -7.518  36.600 0.0000000000
48560  8.915  -7.676  37.510 0.0000000000
48549  7.554  -8.073  38.286 0.0000000000
47373  6.349  -8.378  38.589 0.0000000000
48543  5.353  -8.256  38.740 0.0000000000
49663  5.130  -6.101  38.081 0.0000000000
49664  4.961  -6.635  38.296 0.0000000000
48544  4.859  -7.833  38.651 0.0000000000
58393  32.151  -0.089  17.065 0.0000000000
57209  31.579  -1.005  16.989 0.0000000000
55921  31.069  -1.687  17.410 0.0000000000
55922  30.439  -1.483  17.494 0.0000000000
55884  30.121  -1.850  18.894 0.0000000000
58377  28.203  0.029  17.679 0.0000000000
57193  28.751  -0.656  17.896 0.0000000000
57156  29.748  -1.627  19.883 0.0000000000
58336  24.760  0.411  20.063 0.0000000000
57159  25.166  -0.701  19.868 0.0000000000
54561  26.496  -2.352  19.562 0.0000000000
52201  25.624  -4.114  20.799 0.0000000000
53404  26.530  -3.850  20.766 0.0000000000
54541  27.423  -2.763  20.339 0.0000000000
71430  43.608  10.869  2.854 0.0000000000
67872  32.931  8.322  8.945 0.0000000000
66807  32.861  7.356  8.934 0.0000000000
64516  33.748  6.018  8.787 0.0000000000
65595  29.785  6.524  14.611 0.0000000000
65611  29.750  6.558  13.612 0.0000000000
65633  30.417  6.131  11.637 0.0000000000
63090  31.915  4.545  12.353 0.0000000000
64455  30.996  5.418  11.573 0.0000000000
65645  30.890  6.255  10.973 0.0000000000
65644  31.528  6.469  10.241 0.0000000000
64494  32.868  5.478  9.680 0.0000000000
63149  34.875  4.172  9.675 0.0000000000
63127  35.302  3.922  10.377 0.0000000000
55917  34.905  -2.306  17.243 0.0000000000
55915  36.358  -1.598  17.799 0.0000000000
57206  36.993  -1.139  17.770 0.0000000000
58354  38.042  -0.338  19.055 0.0000000000
58370  38.484  0.539  17.802 0.0000000000
78090  50.818  17.792  -8.308 0.0000000000
78060  47.528  17.847  -4.893 0.0000000000
77048  48.114  16.801  -6.217 0.0000000000
75966  48.554  15.197  -4.842 0.0000000000
75981  48.397  15.876  -5.932 0.0000000000
76001  49.393  15.935  -6.837 0.0000000000
76026  50.364  16.119  -7.545 0.0000000000
76025  51.447  15.730  -7.704 0.0000000000
72610  42.275  12.412  1.304 0.0000000000
57207  33.192  -1.217  16.616 0.0000000000
73717  41.265  13.464  1.501 0.0000000000
74787  41.792  14.304  0.938 0.0000000000
47349  5.927  -8.712  39.989 0.0000000000
64514  35.484  4.924  8.466 0.0000000000
64491  35.168  4.444  9.227 0.0000000000
53279  14.495  -3.004  27.874 0.0000000000
53263  15.470  -3.891  28.051 0.0000000000
61763  26.286  3.965  21.017 0.0000000000
60647  25.898  3.265  20.367 0.0000000000
50979  23.624  -5.558  25.443 0.0000000000
67793  30.926  8.400  16.508 0.0000000000
53348  20.756  -3.571  22.783 0.0000000000
52155  20.156  -3.708  23.488 0.0000000000
53349  20.203  -3.240  23.019 0.0000000000
54502  20.825  -2.678  22.661 0.0000000000
52176  21.082  -3.808  22.779 0.0000000000
61846  31.961  3.180  16.225 0.0000000000
60709  32.341  2.894  16.267 0.0000000000
57241  36.671  -0.538  15.847 0.0000000000
58423  36.425  0.125  15.098 0.0000000000
58422  37.239  0.201  15.640 0.0000000000
59543  37.933  1.068  15.747 0.0000000000
58409  37.723  0.282  16.336 0.0000000000
78029  44.246  17.527  0.018 0.0000000000
78036  44.253  17.216  -0.827 0.0000000000
78042  44.484  17.292  -1.308 0.0000000000
73729  46.936  13.297  -0.036 0.0000000000
49671  10.377  -6.954  38.601 0.0000000000
72575  39.531  12.788  3.757 0.0000000000
72556  39.082  12.575  4.130 0.0000000000
67899  36.939  8.316  6.895 0.0000000000
67912  36.763  7.840  6.715 0.0000000000
63183  38.983  5.039  8.016 0.0000000000
64512  39.392  5.165  8.063 0.0000000000
55883  30.699  -2.284  19.219 0.0000000000
55882  31.102  -2.352  19.714 0.0000000000
55860  30.803  -2.151  20.150 0.0000000000
74738  39.499  13.952  4.629 0.0000000000
74752  39.546  13.846  4.229 0.0000000000
73673  39.648  13.805  4.016 0.0000000000
49768  10.193  -6.322  33.774 0.0000000000
49767  10.903  -6.229  33.186 0.0000000000
49748  10.747  -6.758  34.073 0.0000000000
49727  10.613  -7.024  35.009 0.0000000000
50769  6.614  -6.033  36.619 0.0000000000
49712  6.564  -6.622  36.670 0.0000000000
48582  6.408  -6.929  36.921 0.0000000000
59492  29.948  2.594  18.723 0.0000000000
59513  30.205  1.429  17.756 0.0000000000
59530  29.894  0.769  17.227 0.0000000000
59531  29.279  1.030  17.273 0.0000000000
57180  26.752  -0.710  18.928 0.0000000000
55863  27.583  -1.647  19.919 0.0000000000
54544  24.483  -2.647  20.304 0.0000000000
67845  30.850  8.425  11.429 0.0000000000
68976  31.251  9.266  11.655 0.0000000000
67858  31.053  8.124  10.871 0.0000000000
66793  30.882  7.463  10.835 0.0000000000
63073  30.544  4.480  13.424 0.0000000000
64451  34.847  4.823  11.600 0.0000000000
78071  49.289  17.757  -6.931 0.0000000000
77056  49.157  16.844  -7.081 0.0000000000
55800  20.843  -1.589  23.679 0.0000000000
55801  20.358  -1.717  23.732 0.0000000000
55799  21.574  -1.371  23.567 0.0000000000
72608  44.503  12.016  1.109 0.0000000000
72588  45.035  11.693  1.715 0.0000000000
59544  33.442  1.150  15.901 0.0000000000
55937  35.472  -1.811  16.712 0.0000000000
75926  42.563  15.336  -0.026 0.0000000000
75933  43.072  15.290  -0.597 0.0000000000
74801  42.822  14.372  -0.216 0.0000000000
73725  43.538  13.309  -0.060 0.0000000000
73724  44.632  12.893  -0.038 0.0000000000
48541  7.927  -7.998  39.391 0.0000000000
72529  38.242  12.198  6.174 0.0000000000
71395  38.297  11.462  5.646 0.0000000000
66834  35.609  7.187  7.394 0.0000000000
63124  38.332  4.073  10.393 0.0000000000
63105  37.840  4.072  11.333 0.0000000000
73654  39.221  13.683  6.220 0.0000000000
53262  16.395  -4.245  27.997 0.0000000000
52059  16.352  -4.529  28.583 0.0000000000
52039  16.331  -4.716  29.107 0.0000000000
53233  16.952  -4.618  29.698 0.0000000000
52019  16.330  -5.051  29.948 0.0000000000
52020  15.388  -5.501  30.207 0.0000000000
50801  8.981  -5.325  34.618 0.0000000000
50768  7.230  -5.371  36.286 0.0000000000
61797  28.043  4.022  19.734 0.0000000000
60664  29.042  3.432  19.255 0.0000000000
60665  27.959  3.416  18.991 0.0000000000
60686  27.854  2.819  18.226 0.0000000000
60666  27.066  3.349  18.724 0.0000000000
59494  25.636  1.699  18.925 0.0000000000
60688  26.222  1.921  18.439 0.0000000000
58380  25.796  0.428  18.586 0.0000000000
51043  23.245  -5.164  22.566 0.0000000000
67827  30.587  8.741  13.707 0.0000000000
61870  34.997  3.307  13.570 0.0000000000
63069  34.477  4.126  13.451 0.0000000000
63068  35.113  3.977  13.612 0.0000000000
65593  35.155  5.943  14.023 0.0000000000
64397  34.825  5.169  13.789 0.0000000000
65594  34.672  5.692  13.693 0.0000000000
47351  4.340  -8.811  39.751 0.0000000000
67890  34.155  8.097  8.204 0.0000000000
66825  33.589  7.336  8.586 0.0000000000
50997  22.021  -5.145  24.421 0.0000000000
50998  21.469  -4.935  24.939 0.0000000000
52134  19.890  -3.997  24.206 0.0000000000
54469  19.417  -2.167  24.073 0.0000000000
54470  18.599  -2.517  24.528 0.0000000000
54452  17.562  -2.236  25.460 0.0000000000
54438  15.995  -1.887  26.676 0.0000000000
54421  16.089  -2.852  26.728 0.0000000000
59453  24.888  1.751  21.700 0.0000000000
58309  24.706  0.803  22.298 0.0000000000
57117  24.094  -1.095  21.680 0.0000000000
55838  24.017  -1.612  21.058 0.0000000000
53368  22.874  -2.997  21.614 0.0000000000
51045  21.788  -4.819  22.963 0.0000000000
51044  22.309  -4.937  22.713 0.0000000000
51020  21.984  -5.008  23.446 0.0000000000
64348  31.154  6.051  17.225 0.0000000000
64361  30.834  5.435  16.760 0.0000000000
60721  31.563  3.079  15.288 0.0000000000
63042  30.796  4.068  15.854 0.0000000000
61860  31.136  3.246  14.968 0.0000000000
60745  31.839  2.780  14.353 0.0000000000
59557  34.053  0.904  14.784 0.0000000000
58438  35.466  0.688  14.400 0.0000000000
59569  34.278  1.322  13.955 0.0000000000
59579  34.904  1.931  13.685 0.0000000000
60741  34.835  2.464  13.592 0.0000000000
60706  38.157  1.763  15.574 0.0000000000
60718  37.606  2.133  15.008 0.0000000000
76999  43.875  17.317  1.595 0.0000000000
79017  46.291  19.004  -1.403 0.0000000000
75943  43.730  15.142  -1.176 0.0000000000
77026  43.905  15.709  -1.384 0.0000000000
74833  44.290  14.588  -1.310 0.0000000000
75940  46.010  14.963  -2.442 0.0000000000
72573  40.623  12.345  2.720 0.0000000000
71415  38.785  11.568  4.760 0.0000000000
71414  39.641  11.523  3.998 0.0000000000
70239  39.219  10.755  4.484 0.0000000000
70223  41.623  9.369  4.725 0.0000000000
69068  41.684  8.849  5.098 0.0000000000
69067  42.576  8.807  5.504 0.0000000000
67909  41.674  7.689  6.100 0.0000000000
66840  42.332  7.435  6.873 0.0000000000
65705  36.878  6.560  6.830 0.0000000000
65704  37.401  6.623  6.618 0.0000000000
65703  38.191  6.593  6.288 0.0000000000
65702  39.226  6.644  6.138 0.0000000000
66843  39.106  7.070  5.828 0.0000000000
65715  40.107  6.913  5.817 0.0000000000
54590  32.014  -2.581  17.697 0.0000000000
55857  33.086  -2.523  20.401 0.0000000000
75890  41.421  15.315  3.624 0.0000000000
73701  40.315  13.665  2.820 0.0000000000
74775  40.385  14.295  3.020 0.0000000000
73700  40.834  13.614  2.209 0.0000000000
52091  21.295  -5.196  26.176 0.0000000000
50963  21.257  -5.340  26.922 0.0000000000
51978  16.412  -5.005  32.216 0.0000000000
55673  14.212  -1.507  28.541 0.0000000000
54401  13.480  -2.630  28.957 0.0000000000
53234  12.489  -4.041  30.022 0.0000000000
52023  12.554  -4.871  30.708 0.0000000000
49766  11.574  -6.376  33.061 0.0000000000
49781  11.535  -6.115  32.713 0.0000000000
50799  12.677  -6.677  34.434 0.0000000000
49708  10.619  -7.219  36.153 0.0000000000
49689  11.025  -7.048  36.865 0.0000000000
49690  10.402  -7.198  37.493 0.0000000000
49751  8.645  -6.608  35.037 0.0000000000
49729  8.776  -7.004  35.297 0.0000000000
48602  8.290  -7.395  35.817 0.0000000000
48561  8.131  -7.736  37.440 0.0000000000
48562  7.166  -7.821  37.285 0.0000000000
48564  5.766  -7.161  37.759 0.0000000000
48550  6.602  -8.048  38.007 0.0000000000
47362  5.929  -8.608  39.060 0.0000000000
50728  5.591  -5.803  37.803 0.0000000000
50709  5.382  -5.419  38.073 0.0000000000
58374  32.085  0.815  17.772 0.0000000000
57210  30.797  -0.796  17.041 0.0000000000
55903  29.890  -1.613  17.904 0.0000000000
57192  29.330  -1.112  17.631 0.0000000000
59533  27.611  1.077  17.374 0.0000000000
58398  28.026  0.558  17.314 0.0000000000
57177  29.382  -1.385  18.518 0.0000000000
57157  28.768  -1.534  20.229 0.0000000000
55887  25.666  -1.798  19.534 0.0000000000
54562  25.915  -2.540  19.594 0.0000000000
52172  25.134  -5.220  22.048 0.0000000000
52188  25.926  -4.649  21.293 0.0000000000
53367  26.981  -4.623  22.237 0.0000000000
53388  26.804  -4.438  21.689 0.0000000000
53387  27.202  -3.895  21.447 0.0000000000
53403  27.299  -3.569  20.925 0.0000000000
71446  43.031  11.357  2.196 0.0000000000
70174  33.111  10.304  9.689 0.0000000000
69020  32.371  9.361  9.708 0.0000000000
65679  33.577  6.533  8.640 0.0000000000
65659  33.045  6.397  9.076 0.0000000000
65573  29.677  6.216  15.378 0.0000000000
65574  29.630  5.983  14.720 0.0000000000
64418  29.860  5.502  13.196 0.0000000000
65612  29.691  5.844  13.798 0.0000000000
65625  29.952  6.383  12.456 0.0000000000
64417  33.306  4.470  12.932 0.0000000000
65632  30.692  6.014  11.322 0.0000000000
64472  32.346  5.277  10.424 0.0000000000
64471  33.253  4.821  10.179 0.0000000000
63129  33.881  4.550  10.139 0.0000000000
63150  34.294  4.501  9.721 0.0000000000
54573  33.925  -2.458  18.248 0.0000000000
55900  33.845  -2.417  17.797 0.0000000000
55899  34.365  -2.440  17.845 0.0000000000
57191  36.778  -1.453  18.724 0.0000000000
55897  35.876  -1.879  18.426 0.0000000000
57190  37.516  -0.787  18.422 0.0000000000
58353  38.541  0.411  18.586 0.0000000000
59510  38.959  1.307  17.855 0.0000000000
77069  50.323  17.018  -8.014 0.0000000000
77094  51.007  17.198  -8.448 0.0000000000
78047  46.262  18.197  -3.153 0.0000000000
75968  46.729  16.474  -4.682 0.0000000000
77042  47.142  16.832  -5.227 0.0000000000
77049  47.742  17.241  -5.621 0.0000000000
75982  47.695  16.459  -5.659 0.0000000000
76000  50.527  15.336  -6.723 0.0000000000
72621  43.022  12.748  0.591 0.0000000000
72609  43.492  12.083  1.007 0.0000000000
58411  33.505  -0.493  16.199 0.0000000000
74802  42.313  14.286  0.360 0.0000000000
47361  6.843  -8.560  39.329 0.0000000000
72520  38.251  12.020  6.692 0.0000000000
64533  35.744  5.792  7.622 0.0000000000
64513  36.318  4.629  8.329 0.0000000000
63147  36.671  4.212  9.521 0.0000000000
52042  13.917  -4.653  29.464 0.0000000000
50785  8.706  -4.879  35.201 0.0000000000
61799  26.739  3.507  19.268 0.0000000000
60668  25.298  2.069  19.546 0.0000000000
50995  24.182  -5.668  24.405 0.0000000000
67804  30.232  7.869  14.919 0.0000000000
63053  36.453  4.278  14.374 0.0000000000
63054  35.600  4.343  13.792 0.0000000000
64395  36.603  5.034  14.407 0.0000000000
69018  34.650  9.545  8.823 0.0000000000
67871  33.884  8.761  8.595 0.0000000000
52153  21.445  -4.670  23.378 0.0000000000
55776  18.357  -1.978  24.740 0.0000000000
55753  18.049  -1.522  25.137 0.0000000000
55754  17.553  -1.701  25.553 0.0000000000
54436  17.146  -2.422  26.023 0.0000000000
54483  22.155  -1.546  22.993 0.0000000000
54482  22.797  -1.598  22.537 0.0000000000
63028  31.198  4.312  16.530 0.0000000000
61835  31.762  3.689  16.521 0.0000000000
58424  35.644  0.006  14.843 0.0000000000
58437  36.057  0.479  14.583 0.0000000000
59567  36.193  1.261  14.298 0.0000000000
59555  37.013  0.965  14.945 0.0000000000
59542  38.288  1.618  15.933 0.0000000000
78019  44.348  17.717  1.005 0.0000000000
79018  45.383  18.577  -1.153 0.0000000000
74815  44.822  13.984  -0.999 0.0000000000
74814  45.794  13.700  -1.135 0.0000000000
74813  47.104  13.530  -0.785 0.0000000000
72574  39.942  12.906  3.287 0.0000000000
69083  38.845  10.313  4.821 0.0000000000
69082  39.438  9.880  4.601 0.0000000000
69069  40.777  8.766  4.942 0.0000000000
66852  41.244  7.495  6.058 0.0000000000
66842  41.019  7.074  6.227 0.0000000000
64531  37.881  5.339  7.248 0.0000000000
64546  37.820  6.023  6.689 0.0000000000
64543  40.284  5.875  7.184 0.0000000000
64528  40.575  5.657  7.850 0.0000000000
54577  31.060  -2.440  18.552 0.0000000000
54558  31.278  -2.502  19.118 0.0000000000
54538  31.780  -2.576  19.737 0.0000000000
74721  40.008  14.481  6.015 0.0000000000
74737  39.904  14.509  4.960 0.0000000000
74750  40.437  14.886  4.425 0.0000000000
74765  40.530  14.827  3.414 0.0000000000
52074  19.789  -5.257  27.575 0.0000000000
50797  14.768  -5.991  34.419 0.0000000000
54382  12.414  -2.356  30.754 0.0000000000
54392  12.294  -3.439  30.464 0.0000000000
50841  10.680  -5.538  32.781 0.0000000000
50818  10.743  -5.770  32.873 0.0000000000
50787  7.495  -6.125  35.730 0.0000000000
49731  7.431  -6.703  35.818 0.0000000000
48604  7.240  -6.907  36.126 0.0000000000
58376  30.780  1.032  17.635 0.0000000000
57158  28.072  -1.379  20.048 0.0000000000
55837  24.358  -1.232  20.843 0.0000000000
52151  26.482  -5.131  23.336 0.0000000000
71411  43.094  10.439  3.548 0.0000000000
68975  31.538  9.330  11.042 0.0000000000
68995  31.806  9.321  10.337 0.0000000000
67857  31.529  8.425  10.422 0.0000000000
63056  30.254  4.490  14.338 0.0000000000
64379  29.625  5.755  14.492 0.0000000000
64399  29.895  5.146  13.934 0.0000000000
63092  30.340  5.035  12.772 0.0000000000
63109  34.138  4.528  10.808 0.0000000000
63108  35.007  4.599  11.171 0.0000000000
55880  35.193  -2.046  19.148 0.0000000000
57176  36.633  -1.261  19.710 0.0000000000
77070  49.704  17.318  -7.512 0.0000000000
77037  45.870  17.474  -3.559 0.0000000000
78054  46.526  17.935  -3.847 0.0000000000
77036  46.199  16.803  -4.033 0.0000000000
75978  52.400  14.795  -5.722 0.0000000000
54468  20.044  -1.978  23.774 0.0000000000
54484  21.179  -1.851  22.941 0.0000000000
73715  46.277  12.672  0.826 0.0000000000
57243  35.119  -0.437  15.217 0.0000000000
57223  36.893  -0.898  16.824 0.0000000000
76984  42.769  16.522  1.882 0.0000000000
77001  42.427  16.233  1.179 0.0000000000
73733  43.611  13.969  -0.583 0.0000000000
74816  44.058  14.212  -0.917 0.0000000000
49673  8.882  -7.602  38.938 0.0000000000
72541  38.884  12.915  4.878 0.0000000000
63184  38.456  4.873  7.927 0.0000000000
63166  39.141  4.739  8.608 0.0000000000
63123  39.447  4.457  10.416 0.0000000000
63103  39.940  4.361  11.380 0.0000000000
57155  30.360  -1.927  20.200 0.0000000000
55834  31.212  -2.064  20.801 0.0000000000
73663  39.178  13.554  5.189 0.0000000000
53246  17.552  -4.606  29.278 0.0000000000
51998  16.331  -5.093  31.039 0.0000000000
50881  15.184  -5.676  30.886 0.0000000000
50857  14.976  -5.723  31.267 0.0000000000
50858  14.385  -5.851  31.362 0.0000000000
50859  13.550  -5.907  31.439 0.0000000000
51958  10.682  -4.231  32.786 0.0000000000
51959  10.209  -4.512  33.293 0.0000000000
49769  9.736  -6.414  34.149 0.0000000000
59493  29.139  2.831  18.540 0.0000000000
59515  27.717  1.926  17.638 0.0000000000
59516  26.802  1.314  17.810 0.0000000000
58379  26.524  0.248  18.279 0.0000000000
52190  23.781  -4.032  21.219 0.0000000000
51017  24.834  -5.696  23.304 0.0000000000
51016  25.746  -5.652  23.668 0.0000000000
67836  30.618  8.728  12.669 0.0000000000
67837  30.416  7.997  12.229 0.0000000000
61872  33.304  3.152  13.236 0.0000000000
63070  33.654  4.016  13.130 0.0000000000
64416  34.041  4.908  13.161 0.0000000000
65624  34.416  5.340  12.913 0.0000000000
78066  48.462  17.810  -5.951 0.0000000000
75949  47.959  14.771  -3.164 0.0000000000
69035  36.307  9.079  8.300 0.0000000000
67901  35.711  7.923  7.500 0.0000000000
66823  35.017  7.250  7.751 0.0000000000
50981  21.732  -5.144  25.494 0.0000000000
53350  19.844  -3.155  23.584 0.0000000000
53336  18.651  -3.127  24.624 0.0000000000
53315  18.756  -3.532  24.698 0.0000000000
52116  18.304  -3.921  25.849 0.0000000000
60628  25.350  2.874  21.093 0.0000000000
54520  23.808  -2.500  20.768 0.0000000000
54521  23.299  -2.505  21.262 0.0000000000
53391  23.506  -3.218  21.064 0.0000000000
66703  30.396  7.353  16.109 0.0000000000
65555  30.326  6.287  16.082 0.0000000000
64362  30.165  5.396  15.772 0.0000000000
63043  30.363  4.460  15.269 0.0000000000
61861  30.562  3.685  14.618 0.0000000000
61874  31.255  3.242  13.981 0.0000000000
60719  32.663  2.041  15.275 0.0000000000
60731  32.757  1.963  14.413 0.0000000000
59570  33.554  1.611  14.224 0.0000000000
60743  33.134  2.356  13.759 0.0000000000
60740  35.267  2.765  13.635 0.0000000000
61858  36.085  3.283  13.949 0.0000000000
60728  36.623  2.282  14.265 0.0000000000
61857  36.979  3.220  14.492 0.0000000000
79024  46.436  18.724  -2.449 0.0000000000
78048  45.652  17.941  -2.930 0.0000000000
72590  41.586  12.348  1.883 0.0000000000
71432  41.322  11.495  2.925 0.0000000000
67907  43.174  8.325  6.509 0.0000000000
67908  42.448  7.963  6.236 0.0000000000
67922  38.599  8.478  5.390 0.0000000000
66854  39.503  7.309  5.578 0.0000000000
65700  41.102  6.895  6.545 0.0000000000
65688  40.914  6.149  7.398 0.0000000000
65687  41.327  6.678  7.022 0.0000000000
55919  32.790  -1.896  17.150 0.0000000000
54589  32.533  -2.463  17.533 0.0000000000
54574  33.251  -2.548  17.998 0.0000000000
54555  33.686  -2.683  18.909 0.0000000000
54556  32.849  -2.844  18.888 0.0000000000
52073  20.808  -5.467  27.820 0.0000000000
55691  14.720  -1.798  27.897 0.0000000000
54410  14.060  -2.521  28.167 0.0000000000
54411  13.768  -3.062  28.454 0.0000000000
53265  13.665  -3.318  28.694 0.0000000000
53223  11.180  -4.166  32.018 0.0000000000
50861  11.734  -5.544  31.834 0.0000000000
50840  11.147  -5.662  32.481 0.0000000000
50798  13.689  -6.499  34.479 0.0000000000
50766  11.489  -6.923  36.296 0.0000000000
49672  9.479  -7.396  38.550 0.0000000000
48578  9.262  -7.361  36.107 0.0000000000
49710  9.226  -7.553  37.065 0.0000000000
48547  9.175  -7.699  38.018 0.0000000000
48548  8.620  -7.848  38.420 0.0000000000
47371  7.454  -8.200  38.894 0.0000000000
47372  6.994  -8.267  38.714 0.0000000000
47363  5.337  -8.593  39.169 0.0000000000
50727  5.999  -5.317  37.683 0.0000000000
49674  5.739  -5.996  37.644 0.0000000000
49675  5.445  -6.533  37.842 0.0000000000
50710  5.030  -5.887  38.162 0.0000000000
49676  5.222  -7.102  38.167 0.0000000000
48552  5.092  -7.371  38.321 0.0000000000
55902  30.668  -2.234  18.170 0.0000000000
58397  28.717  0.222  17.180 0.0000000000
59495  25.133  1.179  19.434 0.0000000000
58360  25.415  0.178  19.209 0.0000000000
57181  25.929  -0.787  19.270 0.0000000000
55886  26.523  -1.518  19.359 0.0000000000
53389  25.060  -3.782  20.587 0.0000000000
53405  25.557  -3.555  20.458 0.0000000000
54542  26.218  -3.025  19.991 0.0000000000
54560  27.053  -1.958  19.673 0.0000000000
71462  42.615  11.679  1.710 0.0000000000
70220  44.378  9.508  5.430 0.0000000000
66724  29.951  7.127  15.260 0.0000000000
66744  29.947  7.283  14.354 0.0000000000
65596  29.677  6.042  14.246 0.0000000000
66762  29.958  7.492  13.587 0.0000000000
66772  30.028  7.331  12.759 0.0000000000
66781  30.391  7.367  11.686 0.0000000000
63091  30.963  4.864  12.398 0.0000000000
63111  31.840  4.630  11.943 0.0000000000
63112  31.510  4.703  11.910 0.0000000000
64456  30.553  5.560  11.825 0.0000000000
66794  30.538  6.697  11.199 0.0000000000
65660  32.302  6.149  9.696 0.0000000000
64493  33.760  5.240  9.429 0.0000000000
64492  34.685  4.809  9.237 0.0000000000
63126  36.257  3.900  10.362 0.0000000000
63107  35.934  4.268  11.153 0.0000000000
63106  36.853  4.102  11.241 0.0000000000
55898  35.103  -2.290  18.099 0.0000000000
55916  35.758  -2.171  17.483 0.0000000000
55936  36.181  -1.544  17.039 0.0000000000
57205  37.575  -0.511  17.497 0.0000000000
58333  37.668  -0.345  20.122 0.0000000000
58371  38.162  -0.145  18.069 0.0000000000
57222  37.572  -0.263  16.792 0.0000000000
58390  38.161  0.298  17.105 0.0000000000
59527  38.447  1.328  16.661 0.0000000000
78067  47.968  17.728  -5.434 0.0000000000
77057  48.682  17.226  -6.610 0.0000000000
75958  47.567  15.187  -4.036 0.0000000000
76002  48.696  16.469  -6.581 0.0000000000
47360  7.329  -8.331  39.184 0.0000000000
49693  5.862  -6.873  37.567 0.0000000000
52202  25.299  -3.975  20.687 0.0000000000
53296  16.413  -2.950  26.667 0.0000000000
54537  32.523  -2.711  19.701 0.0000000000
54539  31.378  -2.458  19.733 0.0000000000
54576  31.523  -2.511  18.179 0.0000000000
55854  36.094  -1.315  19.960 0.0000000000
55935  36.602  -1.305  17.357 0.0000000000
57152  36.991  -0.847  20.119 0.0000000000
58332  38.424  0.237  19.594 0.0000000000
58389  38.501  0.872  17.372 0.0000000000
59580  34.500  1.881  13.682 0.0000000000
60627  25.819  3.406  20.927 0.0000000000
60730  35.139  2.014  13.684 0.0000000000
60733  31.653  2.882  14.791 0.0000000000
61747  25.686  3.611  21.809 0.0000000000
61869  35.523  3.038  13.681 0.0000000000
63055  34.911  4.499  13.628 0.0000000000
64398  34.501  5.392  13.506 0.0000000000
64400  29.633  5.607  14.171 0.0000000000
64436  30.696  5.343  12.009 0.0000000000
65646  30.591  6.271  11.240 0.0000000000
67803  30.570  8.315  15.583 0.0000000000
67846  30.476  7.964  11.747 0.0000000000
72589  44.431  11.666  1.572 0.0000000000
73689  39.524  13.170  3.850 0.0000000000
