#!ascii label  , from subject 201818 vox2ras=TkReg
1621
50743  14.343  -5.801  37.620 0.0000000000
65655  44.141  6.873  9.348 0.0000000000
54448  30.714  -2.951  25.932 0.0000000000
61626  40.165  2.625  29.694 0.0000000000
50961  23.125  -5.356  26.481 0.0000000000
53136  22.790  -4.457  36.169 0.0000000000
75925  51.018  14.490  0.795 0.0000000000
72481  53.167  11.954  11.050 0.0000000000
64358  38.637  5.459  16.309 0.0000000000
77091  53.161  16.455  -8.793 0.0000000000
49774  32.401  -5.996  32.258 0.0000000000
54329  18.177  -3.452  36.333 0.0000000000
72525  53.502  12.576  5.977 0.0000000000
71394  47.345  10.856  4.821 0.0000000000
65564  45.837  6.082  15.594 0.0000000000
66732  49.960  7.253  14.915 0.0000000000
64410  40.301  4.724  13.914 0.0000000000
57131  35.883  -1.039  21.709 0.0000000000
58256  34.049  -0.310  26.676 0.0000000000
50830  28.054  -5.641  32.624 0.0000000000
50757  27.720  -5.336  36.602 0.0000000000
50855  22.403  -5.279  31.282 0.0000000000
53220  17.753  -4.543  31.296 0.0000000000
52090  27.379  -5.323  25.537 0.0000000000
78014  56.481  16.406  1.427 0.0000000000
74727  57.287  14.262  5.791 0.0000000000
70140  48.306  9.930  10.173 0.0000000000
70065  40.439  9.816  17.642 0.0000000000
60602  40.789  2.789  23.217 0.0000000000
74853  53.646  14.202  -3.532 0.0000000000
77040  58.453  17.052  -3.928 0.0000000000
78074  59.441  17.807  -7.869 0.0000000000
48611  31.994  -7.412  34.237 0.0000000000
51879  16.394  -4.587  37.456 0.0000000000
55511  18.525  -2.311  39.709 0.0000000000
55502  16.311  -3.020  40.763 0.0000000000
72587  46.155  11.933  2.192 0.0000000000
67766  45.958  8.290  17.751 0.0000000000
67763  48.443  8.942  17.386 0.0000000000
51818  8.661  -5.912  41.756 0.0000000000
63103  39.940  4.361  11.380 0.0000000000
57114  30.009  -1.721  22.597 0.0000000000
57089  32.648  -1.501  23.076 0.0000000000
57037  31.989  -1.227  25.683 0.0000000000
50900  24.955  -5.153  29.454 0.0000000000
51993  24.880  -4.943  31.731 0.0000000000
50922  22.374  -5.420  28.546 0.0000000000
50959  25.153  -5.761  26.473 0.0000000000
50917  27.300  -5.828  28.449 0.0000000000
51875  24.947  -4.751  36.983 0.0000000000
75907  54.038  15.475  1.187 0.0000000000
76960  56.831  16.033  3.521 0.0000000000
75883  54.593  15.105  3.094 0.0000000000
72517  53.077  11.844  7.969 0.0000000000
73632  55.386  13.100  8.263 0.0000000000
67897  43.531  7.962  7.156 0.0000000000
70197  45.581  9.421  7.210 0.0000000000
67868  46.184  8.537  9.534 0.0000000000
66743  35.453  6.351  14.100 0.0000000000
66740  37.280  7.190  14.537 0.0000000000
66657  39.001  8.019  17.489 0.0000000000
59398  37.369  0.888  24.459 0.0000000000
59424  38.757  1.055  21.988 0.0000000000
60553  40.522  2.527  26.390 0.0000000000
74829  48.541  14.135  -1.681 0.0000000000
75956  49.536  14.650  -3.780 0.0000000000
74808  52.073  13.974  -0.739 0.0000000000
75932  55.984  14.865  -0.428 0.0000000000
79073  58.071  18.436  -9.993 0.0000000000
77109  57.157  16.952  -9.165 0.0000000000
78070  59.168  17.408  -6.462 0.0000000000
74920  56.571  14.837  -6.934 0.0000000000
53230  31.019  -3.874  29.249 0.0000000000
55681  31.989  -2.107  28.775 0.0000000000
53202  33.290  -3.687  32.778 0.0000000000
53159  19.456  -3.330  35.853 0.0000000000
53100  23.198  -3.484  39.176 0.0000000000
54300  20.511  -2.726  39.067 0.0000000000
74799  48.215  13.537  0.327 0.0000000000
74763  51.508  13.981  2.840 0.0000000000
72584  49.138  12.845  2.686 0.0000000000
72540  50.527  11.659  5.308 0.0000000000
71363  50.704  10.827  7.804 0.0000000000
65603  44.732  6.134  12.911 0.0000000000
66769  46.463  7.563  12.621 0.0000000000
65562  47.799  6.954  15.766 0.0000000000
60705  38.509  2.319  15.763 0.0000000000
62855  42.459  4.375  29.721 0.0000000000
50725  11.786  -6.336  38.637 0.0000000000
51813  13.836  -4.387  41.357 0.0000000000
51833  10.658  -5.533  40.886 0.0000000000
64488  41.901  5.635  9.246 0.0000000000
64427  42.409  5.013  12.381 0.0000000000
64372  42.990  5.379  15.198 0.0000000000
67784  43.657  7.972  16.992 0.0000000000
55831  33.617  -2.112  21.197 0.0000000000
57068  35.316  -0.331  23.953 0.0000000000
59357  37.088  1.420  27.966 0.0000000000
56974  33.939  -0.917  29.281 0.0000000000
59319  36.543  0.702  30.586 0.0000000000
49718  30.487  -7.103  34.871 0.0000000000
48592  29.458  -7.209  36.174 0.0000000000
50793  28.272  -5.470  34.526 0.0000000000
51931  25.125  -5.256  34.602 0.0000000000
51953  22.252  -5.158  33.505 0.0000000000
52057  20.213  -5.231  28.670 0.0000000000
52017  19.673  -4.989  30.689 0.0000000000
53204  20.004  -4.283  33.571 0.0000000000
53192  17.998  -4.138  33.411 0.0000000000
51936  16.427  -4.982  34.746 0.0000000000
50781  14.185  -5.942  35.683 0.0000000000
55817  28.792  -2.296  21.747 0.0000000000
53366  27.641  -4.222  22.352 0.0000000000
53313  28.890  -4.219  25.105 0.0000000000
52035  29.313  -5.221  28.453 0.0000000000
49777  30.210  -6.550  32.400 0.0000000000
73681  57.882  13.910  3.805 0.0000000000
74729  55.965  13.964  5.716 0.0000000000
70234  44.815  10.125  4.489 0.0000000000
70182  48.329  10.276  7.658 0.0000000000
71313  50.247  10.951  10.316 0.0000000000
68941  48.671  8.730  12.823 0.0000000000
68939  50.612  9.318  12.920 0.0000000000
64430  37.093  4.912  12.707 0.0000000000
66719  40.401  7.418  15.220 0.0000000000
70062  43.164  10.161  18.477 0.0000000000
59487  38.945  0.960  19.102 0.0000000000
61791  40.963  3.723  19.636 0.0000000000
62895  42.899  4.838  26.939 0.0000000000
64270  42.290  6.171  24.090 0.0000000000
65503  42.377  6.775  20.651 0.0000000000
68841  42.424  9.738  20.827 0.0000000000
71166  43.293  11.336  21.167 0.0000000000
75998  53.033  15.140  -6.505 0.0000000000
74837  56.346  14.505  -3.291 0.0000000000
78040  57.903  16.763  -1.149 0.0000000000
47393  33.055  -7.792  34.688 0.0000000000
51881  14.948  -5.406  37.745 0.0000000000
53113  16.544  -3.873  38.956 0.0000000000
51848  15.497  -4.321  39.616 0.0000000000
68882  46.200  9.663  18.485 0.0000000000
70061  47.030  9.707  18.187 0.0000000000
48521  7.140  -7.770  40.983 0.0000000000
55792  30.149  -1.928  23.578 0.0000000000
57072  31.384  -1.437  24.112 0.0000000000
55722  31.622  -1.795  26.134 0.0000000000
50940  23.701  -5.443  27.491 0.0000000000
50901  23.949  -5.176  29.458 0.0000000000
50941  22.705  -5.303  27.532 0.0000000000
50995  24.182  -5.668  24.405 0.0000000000
50960  24.154  -5.507  26.468 0.0000000000
50939  24.688  -5.629  27.490 0.0000000000
51876  24.158  -4.739  36.906 0.0000000000
53109  24.210  -4.348  38.106 0.0000000000
75909  52.235  15.080  1.182 0.0000000000
76976  53.986  16.093  2.239 0.0000000000
76978  52.136  15.319  1.970 0.0000000000
72498  53.218  11.993  10.137 0.0000000000
72497  54.014  12.365  9.618 0.0000000000
66820  43.787  7.315  8.353 0.0000000000
67885  44.581  7.972  8.123 0.0000000000
66803  45.391  7.444  9.818 0.0000000000
63040  37.682  4.457  15.019 0.0000000000
65570  37.657  6.309  16.015 0.0000000000
66702  37.049  7.212  15.953 0.0000000000
65538  39.118  6.494  17.137 0.0000000000
59372  38.455  1.760  27.045 0.0000000000
59387  39.054  1.905  25.571 0.0000000000
60527  40.205  2.522  27.978 0.0000000000
74797  50.203  14.352  0.137 0.0000000000
74827  50.434  14.161  -1.610 0.0000000000
74795  51.869  14.332  0.042 0.0000000000
75922  53.417  14.959  0.607 0.0000000000
78105  55.333  17.338  -9.965 0.0000000000
77089  55.227  16.112  -8.763 0.0000000000
76043  56.857  15.565  -7.923 0.0000000000
76045  54.502  15.710  -8.028 0.0000000000
50869  31.641  -4.923  30.690 0.0000000000
53217  31.917  -3.631  30.518 0.0000000000
50826  33.206  -4.997  32.671 0.0000000000
54344  18.703  -3.242  36.087 0.0000000000
53125  20.395  -3.002  37.613 0.0000000000
54315  19.409  -2.925  38.119 0.0000000000
55485  17.762  -1.952  40.975 0.0000000000
55498  19.203  -1.843  40.760 0.0000000000
73721  47.414  13.200  0.583 0.0000000000
73712  48.601  13.262  1.542 0.0000000000
73713  47.696  12.955  1.404 0.0000000000
71426  47.441  11.493  3.621 0.0000000000
71425  48.409  11.613  3.831 0.0000000000
71405  48.593  11.232  4.567 0.0000000000
71377  50.525  11.053  6.855 0.0000000000
71379  48.825  10.755  6.145 0.0000000000
64387  45.026  5.946  14.265 0.0000000000
66736  46.125  6.775  13.623 0.0000000000
65563  46.945  6.726  15.998 0.0000000000
74813  47.104  13.530  -0.785 0.0000000000
50688  11.650  -5.671  40.153 0.0000000000
50707  10.111  -6.232  39.882 0.0000000000
64489  40.907  5.079  9.413 0.0000000000
64448  42.367  5.259  11.198 0.0000000000
64468  41.606  5.084  10.339 0.0000000000
63065  40.607  4.468  13.201 0.0000000000
63064  41.101  4.547  13.118 0.0000000000
64390  42.111  5.227  14.663 0.0000000000
66716  42.899  6.394  15.954 0.0000000000
65568  41.837  6.441  15.417 0.0000000000
55859  31.441  -2.363  20.285 0.0000000000
57053  33.515  -0.518  25.454 0.0000000000
57088  33.807  -1.126  23.507 0.0000000000
58279  34.574  0.039  25.225 0.0000000000
58253  36.157  0.839  26.055 0.0000000000
59375  35.643  0.629  27.014 0.0000000000
55623  33.128  -1.934  31.645 0.0000000000
56953  33.296  -1.424  29.846 0.0000000000
56930  34.173  -1.179  31.658 0.0000000000
58193  36.632  0.300  32.276 0.0000000000
60477  38.025  1.763  31.534 0.0000000000
50809  28.921  -5.896  33.735 0.0000000000
50792  28.875  -6.096  34.978 0.0000000000
50810  28.089  -5.337  33.580 0.0000000000
50832  23.941  -5.123  31.958 0.0000000000
51973  24.666  -5.085  32.765 0.0000000000
50811  23.718  -5.182  32.843 0.0000000000
51932  24.118  -5.233  34.627 0.0000000000
50812  22.812  -5.195  32.862 0.0000000000
52073  20.808  -5.467  27.820 0.0000000000
53232  17.654  -4.556  30.299 0.0000000000
52038  19.012  -4.977  29.730 0.0000000000
51997  18.756  -4.528  31.294 0.0000000000
51976  20.175  -4.613  32.834 0.0000000000
53218  19.024  -4.480  32.437 0.0000000000
53191  18.788  -3.943  33.757 0.0000000000
53207  17.854  -4.420  32.335 0.0000000000
51937  15.533  -5.464  35.083 0.0000000000
55836  28.629  -2.016  20.936 0.0000000000
54540  28.141  -2.364  20.677 0.0000000000
52151  26.482  -5.131  23.336 0.0000000000
52150  27.339  -4.791  23.337 0.0000000000
53347  27.975  -4.333  23.551 0.0000000000
52110  28.307  -4.691  25.462 0.0000000000
52072  29.087  -4.741  27.078 0.0000000000
50935  28.451  -5.563  27.520 0.0000000000
50873  27.673  -5.763  30.487 0.0000000000
50872  28.810  -5.846  30.339 0.0000000000
50829  29.214  -6.135  32.496 0.0000000000
49739  30.547  -7.008  34.044 0.0000000000
50755  28.590  -5.961  36.479 0.0000000000
54252  13.055  -3.757  42.348 0.0000000000
54250  14.497  -3.171  41.950 0.0000000000
76990  57.797  16.115  2.254 0.0000000000
75847  57.081  14.907  5.048 0.0000000000
75864  57.821  15.088  4.006 0.0000000000
74745  57.734  14.600  4.468 0.0000000000
73659  57.281  13.630  6.067 0.0000000000
73672  52.607  13.050  3.860 0.0000000000
73682  54.477  13.810  4.320 0.0000000000
73651  55.112  13.293  6.582 0.0000000000
73631  56.003  13.429  8.410 0.0000000000
70184  46.751  9.568  8.520 0.0000000000
70196  46.365  9.598  7.433 0.0000000000
70165  48.570  10.307  8.960 0.0000000000
70164  49.228  10.701  9.327 0.0000000000
70139  49.229  10.658  10.040 0.0000000000
66753  48.252  7.499  13.934 0.0000000000
67834  47.810  8.276  12.376 0.0000000000
66752  49.371  7.453  14.032 0.0000000000
64431  36.157  5.313  12.581 0.0000000000
68926  39.040  8.789  16.184 0.0000000000
66739  38.212  7.308  14.757 0.0000000000
67788  40.169  8.688  16.103 0.0000000000
68917  41.241  8.935  16.823 0.0000000000
70064  41.364  9.993  17.961 0.0000000000
55855  35.508  -1.616  20.347 0.0000000000
57153  36.313  -1.017  20.454 0.0000000000
60603  40.126  2.244  22.816 0.0000000000
59446  38.857  0.864  20.895 0.0000000000
60621  40.183  2.180  21.643 0.0000000000
60659  40.088  2.450  19.110 0.0000000000
61757  41.287  3.615  21.561 0.0000000000
62870  42.713  4.296  28.758 0.0000000000
65462  42.571  6.768  24.570 0.0000000000
65469  42.282  6.448  22.700 0.0000000000
66603  42.823  7.825  23.001 0.0000000000
66631  42.731  8.107  20.648 0.0000000000
67682  42.989  8.626  22.300 0.0000000000
74855  51.744  14.190  -3.349 0.0000000000
74884  53.107  14.587  -5.093 0.0000000000
74882  55.002  14.411  -5.423 0.0000000000
74852  54.620  14.239  -3.715 0.0000000000
77007  56.448  16.063  0.906 0.0000000000
77023  56.956  15.925  -0.697 0.0000000000
78033  57.390  16.646  -0.205 0.0000000000
78032  58.098  16.803  -0.270 0.0000000000
78102  58.608  18.372  -9.145 0.0000000000
77046  58.549  17.018  -4.918 0.0000000000
78058  58.924  17.241  -4.427 0.0000000000
78051  58.664  17.154  -3.382 0.0000000000
49737  32.318  -7.040  33.516 0.0000000000
49736  33.210  -6.471  33.519 0.0000000000
48588  33.414  -7.055  34.379 0.0000000000
53126  17.245  -3.877  37.278 0.0000000000
54303  18.062  -2.956  38.475 0.0000000000
54304  17.304  -3.485  38.499 0.0000000000
55513  17.261  -2.843  39.792 0.0000000000
55486  16.843  -2.097  41.254 0.0000000000
71444  45.284  11.351  2.463 0.0000000000
71428  45.632  11.025  3.179 0.0000000000
66695  45.579  7.084  17.293 0.0000000000
67781  47.105  7.640  17.246 0.0000000000
67765  47.071  8.342  17.636 0.0000000000
70059  48.896  10.670  18.081 0.0000000000
49651  9.148  -6.667  40.291 0.0000000000
49652  8.086  -7.135  40.712 0.0000000000
50685  7.610  -6.632  41.668 0.0000000000
64470  39.871  4.640  9.960 0.0000000000
63085  39.351  4.282  12.340 0.0000000000
57132  31.329  -1.973  21.301 0.0000000000
57090  31.522  -1.443  23.170 0.0000000000
57054  32.536  -0.977  25.074 0.0000000000
57035  33.369  -0.620  26.461 0.0000000000
50874  26.595  -5.362  30.644 0.0000000000
51991  26.634  -5.252  31.855 0.0000000000
50875  25.599  -5.121  30.400 0.0000000000
50877  23.574  -5.104  30.356 0.0000000000
50878  22.641  -5.211  30.372 0.0000000000
53208  17.099  -4.673  31.741 0.0000000000
52020  15.388  -5.501  30.207 0.0000000000
50994  25.235  -5.778  24.453 0.0000000000
50976  26.652  -5.572  25.533 0.0000000000
50936  27.693  -5.814  27.477 0.0000000000
50937  26.716  -5.894  27.476 0.0000000000
50918  26.281  -5.823  28.503 0.0000000000
51873  26.940  -5.137  36.951 0.0000000000
78015  55.608  16.370  1.792 0.0000000000
78000  57.015  16.549  2.389 0.0000000000
76974  55.854  16.306  2.578 0.0000000000
75881  56.281  15.743  3.663 0.0000000000
75848  56.461  14.734  5.131 0.0000000000
72516  53.958  12.478  7.220 0.0000000000
72515  54.651  12.819  7.394 0.0000000000
72496  54.749  12.761  8.971 0.0000000000
72479  54.886  12.678  10.085 0.0000000000
69065  44.159  9.124  6.113 0.0000000000
69044  44.826  8.661  7.434 0.0000000000
69030  45.701  8.831  8.553 0.0000000000
68988  47.115  8.947  10.236 0.0000000000
66751  50.536  7.580  14.176 0.0000000000
65623  34.992  5.635  12.818 0.0000000000
65607  36.254  6.239  13.348 0.0000000000
66759  35.960  6.659  13.905 0.0000000000
67801  37.597  7.837  15.677 0.0000000000
68907  38.978  8.842  17.171 0.0000000000
58292  36.537  -0.075  23.384 0.0000000000
58306  37.475  0.049  22.113 0.0000000000
58275  37.743  0.801  23.612 0.0000000000
59406  39.438  1.742  23.772 0.0000000000
60584  40.765  2.650  24.267 0.0000000000
74846  47.679  14.435  -2.484 0.0000000000
75957  48.873  14.765  -3.595 0.0000000000
74844  49.743  14.296  -2.470 0.0000000000
74843  50.625  14.209  -2.473 0.0000000000
74841  52.504  14.143  -2.520 0.0000000000
74823  54.316  13.936  -1.832 0.0000000000
74806  54.099  13.971  -0.851 0.0000000000
77009  54.874  15.576  1.005 0.0000000000
78120  55.906  18.068  -10.471 0.0000000000
78103  57.957  17.843  -9.519 0.0000000000
77086  58.634  17.422  -7.785 0.0000000000
78075  59.094  17.605  -7.433 0.0000000000
77066  58.581  17.043  -7.074 0.0000000000
77055  58.197  16.314  -6.474 0.0000000000
75974  57.607  15.379  -5.141 0.0000000000
53273  30.577  -3.585  27.128 0.0000000000
55702  31.352  -2.478  27.304 0.0000000000
54398  31.674  -2.850  29.231 0.0000000000
54380  32.522  -2.583  31.094 0.0000000000
55601  33.544  -2.220  32.549 0.0000000000
53157  21.447  -3.953  35.832 0.0000000000
53110  22.992  -3.706  38.481 0.0000000000
53111  21.921  -3.289  38.399 0.0000000000
54284  21.914  -2.913  39.590 0.0000000000
54287  19.506  -2.256  39.560 0.0000000000
55508  20.039  -2.111  39.988 0.0000000000
74798  49.348  13.907  0.235 0.0000000000
75896  51.211  14.589  1.692 0.0000000000
74773  49.730  13.707  1.999 0.0000000000
73696  50.516  13.565  2.761 0.0000000000
72568  50.675  12.745  3.682 0.0000000000
72586  47.519  12.233  2.014 0.0000000000
72569  49.417  12.302  3.379 0.0000000000
72539  51.357  11.738  5.537 0.0000000000
72527  51.581  11.568  6.419 0.0000000000
71361  52.333  11.571  8.653 0.0000000000
71350  51.604  11.278  9.204 0.0000000000
65630  44.382  6.393  10.702 0.0000000000
66778  45.744  7.292  11.516 0.0000000000
66756  45.995  7.044  13.025 0.0000000000
66734  47.548  6.999  14.485 0.0000000000
66733  48.625  6.964  14.954 0.0000000000
66692  48.211  7.630  16.631 0.0000000000
66691  49.135  7.759  16.433 0.0000000000
66690  50.139  7.674  16.388 0.0000000000
61822  39.159  3.544  16.810 0.0000000000
62857  41.318  3.569  30.180 0.0000000000
74847  46.961  14.519  -2.316 0.0000000000
74830  47.481  14.032  -1.736 0.0000000000
74812  48.369  13.783  -0.753 0.0000000000
79074  52.406  18.454  -9.773 0.0000000000
78088  51.948  17.355  -9.168 0.0000000000
50745  12.520  -6.172  37.577 0.0000000000
51850  13.822  -5.099  39.878 0.0000000000
51851  12.708  -5.367  39.774 0.0000000000
51815  12.397  -4.927  41.337 0.0000000000
53076  11.912  -4.582  41.865 0.0000000000
50682  9.609  -5.849  41.192 0.0000000000
66821  42.925  6.991  8.236 0.0000000000
65675  41.753  6.327  8.074 0.0000000000
65657  42.637  6.341  9.000 0.0000000000
65631  43.791  5.919  11.255 0.0000000000
65604  44.106  5.742  12.884 0.0000000000
64388  44.342  5.671  13.965 0.0000000000
64449  41.330  4.687  11.628 0.0000000000
64408  42.387  4.908  13.556 0.0000000000
65565  44.619  5.858  15.756 0.0000000000
65550  44.156  6.327  16.382 0.0000000000
67783  44.672  7.851  17.346 0.0000000000
68901  44.493  9.101  18.251 0.0000000000
55830  34.704  -1.890  21.272 0.0000000000
55814  33.034  -1.994  22.152 0.0000000000
55790  34.337  -1.260  22.802 0.0000000000
57086  35.529  -0.735  23.205 0.0000000000
58277  36.116  0.143  24.266 0.0000000000
59373  37.712  1.250  26.833 0.0000000000
60514  38.453  1.886  28.868 0.0000000000
55700  32.501  -1.397  27.732 0.0000000000
56996  33.077  -1.166  27.930 0.0000000000
58227  34.579  -0.216  28.206 0.0000000000
56950  35.703  -0.291  31.426 0.0000000000
58216  35.470  -0.089  29.772 0.0000000000
59344  35.637  0.443  28.050 0.0000000000
59342  36.922  1.211  29.114 0.0000000000
60500  38.194  1.793  29.739 0.0000000000
61616  40.035  2.833  30.596 0.0000000000
47395  31.171  -7.985  35.137 0.0000000000
49719  29.550  -6.701  35.564 0.0000000000
50774  28.737  -6.036  35.943 0.0000000000
51890  27.893  -5.312  35.823 0.0000000000
51948  27.000  -5.131  33.495 0.0000000000
51929  26.905  -5.078  34.392 0.0000000000
51909  26.739  -5.008  35.368 0.0000000000
51910  25.788  -5.051  35.478 0.0000000000
51912  23.812  -5.152  35.532 0.0000000000
51913  22.873  -4.849  35.526 0.0000000000
50942  21.763  -5.352  27.659 0.0000000000
50923  21.508  -5.402  28.641 0.0000000000
50880  21.051  -5.338  30.027 0.0000000000
52058  19.312  -5.087  28.629 0.0000000000
52037  19.895  -5.217  29.644 0.0000000000
51994  21.155  -5.131  31.508 0.0000000000
51975  21.334  -5.072  32.541 0.0000000000
51954  21.175  -4.602  33.806 0.0000000000
53174  21.619  -4.288  35.077 0.0000000000
53176  20.002  -3.710  34.942 0.0000000000
53177  19.095  -3.608  34.719 0.0000000000
53161  17.929  -3.760  35.469 0.0000000000
53193  17.220  -4.573  32.905 0.0000000000
53179  17.403  -4.402  34.301 0.0000000000
53162  17.075  -4.417  35.651 0.0000000000
51915  16.127  -5.011  36.062 0.0000000000
51916  15.091  -5.499  36.051 0.0000000000
50763  14.133  -5.880  36.809 0.0000000000
50764  13.302  -6.150  36.610 0.0000000000
50766  11.489  -6.923  36.296 0.0000000000
57134  29.688  -1.670  21.325 0.0000000000
55816  29.389  -1.970  22.128 0.0000000000
54480  29.646  -2.600  23.641 0.0000000000
54497  28.032  -3.656  22.126 0.0000000000
54481  29.092  -2.999  23.403 0.0000000000
54449  29.990  -3.173  25.261 0.0000000000
52071  29.829  -4.377  27.135 0.0000000000
52034  29.789  -4.928  28.673 0.0000000000
50870  31.009  -5.173  30.230 0.0000000000
50916  28.247  -5.713  28.344 0.0000000000
50871  29.922  -5.663  30.262 0.0000000000
49776  31.111  -6.519  32.353 0.0000000000
49738  31.418  -7.203  33.819 0.0000000000
49717  31.072  -7.316  34.429 0.0000000000
54275  15.236  -3.522  41.154 0.0000000000
55488  15.309  -3.018  41.682 0.0000000000
76971  57.737  15.960  3.088 0.0000000000
74761  53.775  14.404  3.305 0.0000000000
74746  55.729  14.248  4.841 0.0000000000
74728  56.712  14.397  5.920 0.0000000000
73640  55.800  13.762  7.615 0.0000000000
74701  56.435  13.970  7.624 0.0000000000
74713  56.877  14.183  6.809 0.0000000000
71409  45.193  10.634  3.786 0.0000000000
70232  46.405  10.601  4.395 0.0000000000
70209  45.322  9.579  6.477 0.0000000000
70208  46.482  10.103  6.228 0.0000000000
70207  47.592  10.527  5.905 0.0000000000
71353  49.144  10.626  8.081 0.0000000000
71335  50.878  11.082  9.736 0.0000000000
71311  51.851  11.349  10.970 0.0000000000
66789  46.224  7.723  11.090 0.0000000000
67842  47.546  8.358  11.635 0.0000000000
68966  48.568  9.627  11.105 0.0000000000
67823  49.967  8.253  13.429 0.0000000000
68940  49.312  8.945  12.826 0.0000000000
68965  49.307  9.929  11.167 0.0000000000
70102  50.358  10.262  11.963 0.0000000000
70115  51.603  10.811  12.335 0.0000000000
63087  37.371  4.343  12.109 0.0000000000
64411  39.324  4.955  13.748 0.0000000000
65606  37.224  6.277  13.925 0.0000000000
64394  38.370  5.921  14.064 0.0000000000
65588  40.461  6.350  14.805 0.0000000000
66699  41.508  7.830  16.213 0.0000000000
68902  43.355  9.494  18.035 0.0000000000
70046  44.759  10.327  19.033 0.0000000000
58333  37.668  -0.345  20.122 0.0000000000
59509  39.369  1.867  18.011 0.0000000000
60680  39.632  2.530  17.882 0.0000000000
63000  40.557  4.316  17.915 0.0000000000
61636  41.703  3.370  28.596 0.0000000000
61662  42.017  3.449  26.571 0.0000000000
61704  41.799  3.926  24.666 0.0000000000
64244  42.398  5.045  25.768 0.0000000000
61722  41.927  4.152  23.904 0.0000000000
62950  41.985  5.008  22.628 0.0000000000
62986  41.504  5.024  19.526 0.0000000000
64324  40.979  5.763  18.324 0.0000000000
66640  41.085  7.836  18.900 0.0000000000
67749  40.557  8.613  18.626 0.0000000000
70036  41.276  9.980  19.227 0.0000000000
69973  43.129  10.290  22.979 0.0000000000
70023  42.568  10.441  21.058 0.0000000000
71196  42.280  10.663  19.821 0.0000000000
71214  42.789  10.863  19.375 0.0000000000
76048  51.724  16.350  -8.420 0.0000000000
76023  53.774  15.401  -7.256 0.0000000000
75996  55.330  14.652  -6.744 0.0000000000
74861  56.445  14.437  -5.089 0.0000000000
75962  57.530  15.418  -4.223 0.0000000000
74821  56.209  14.607  -2.284 0.0000000000
75946  57.449  16.010  -2.337 0.0000000000
77035  58.048  16.809  -3.074 0.0000000000
78039  58.425  16.812  -1.521 0.0000000000
47394  32.101  -8.010  34.811 0.0000000000
51863  15.498  -4.600  39.067 0.0000000000
51864  14.634  -5.218  38.807 0.0000000000
70045  45.840  10.310  19.004 0.0000000000
70044  47.030  10.373  18.735 0.0000000000
55744  30.294  -2.590  24.491 0.0000000000
55766  30.491  -2.062  24.157 0.0000000000
55743  30.940  -2.250  25.208 0.0000000000
53121  24.463  -4.619  37.449 0.0000000000
53122  23.303  -4.363  37.235 0.0000000000
75910  51.625  14.770  1.222 0.0000000000
76997  51.968  15.113  1.577 0.0000000000
76998  51.556  14.794  1.551 0.0000000000
66805  43.986  7.069  8.985 0.0000000000
66819  44.381  7.460  8.731 0.0000000000
66804  44.713  7.240  9.342 0.0000000000
64374  38.499  4.948  15.895 0.0000000000
64376  36.804  5.573  14.881 0.0000000000
64359  38.066  5.976  16.102 0.0000000000
65551  38.674  6.146  16.811 0.0000000000
60512  39.702  2.401  28.786 0.0000000000
61638  40.467  2.673  28.878 0.0000000000
74796  51.027  14.341  0.062 0.0000000000
75924  51.706  14.668  0.686 0.0000000000
77111  54.756  16.757  -9.343 0.0000000000
77090  54.123  16.285  -8.726 0.0000000000
50847  31.983  -5.589  31.336 0.0000000000
50846  32.483  -5.285  31.725 0.0000000000
50827  32.746  -5.493  32.237 0.0000000000
54345  18.306  -3.334  35.779 0.0000000000
54327  19.353  -3.015  37.163 0.0000000000
54328  18.647  -3.174  36.859 0.0000000000
73722  46.604  12.925  0.332 0.0000000000
73714  46.983  12.772  0.992 0.0000000000
71406  47.751  11.251  4.407 0.0000000000
71392  48.789  10.969  5.312 0.0000000000
71380  48.259  10.841  5.754 0.0000000000
64370  44.954  5.772  14.862 0.0000000000
65584  45.772  6.255  14.326 0.0000000000
49659  10.458  -6.556  39.067 0.0000000000
64511  40.127  5.097  8.537 0.0000000000
64490  40.105  4.782  9.471 0.0000000000
64409  41.302  4.706  13.758 0.0000000000
64391  40.908  5.262  14.556 0.0000000000
65586  42.087  5.772  15.209 0.0000000000
65587  41.402  5.892  15.077 0.0000000000
58268  34.298  -0.113  25.897 0.0000000000
57052  34.139  -0.190  25.260 0.0000000000
58267  35.087  0.358  25.724 0.0000000000
58255  34.888  0.260  26.758 0.0000000000
55622  33.727  -1.704  32.189 0.0000000000
56931  33.425  -1.492  30.800 0.0000000000
50854  23.273  -5.190  31.197 0.0000000000
50833  23.048  -5.188  32.060 0.0000000000
50834  22.144  -5.213  32.212 0.0000000000
53231  18.308  -4.495  30.893 0.0000000000
53219  18.507  -4.463  31.836 0.0000000000
53206  18.567  -4.295  32.829 0.0000000000
52112  27.199  -5.368  24.774 0.0000000000
52131  27.018  -5.177  24.018 0.0000000000
52111  27.876  -4.960  25.038 0.0000000000
52089  27.950  -5.166  25.892 0.0000000000
50956  28.151  -5.470  26.718 0.0000000000
50851  27.307  -5.605  31.602 0.0000000000
50850  28.460  -5.890  31.477 0.0000000000
50732  28.338  -5.935  36.758 0.0000000000
54242  13.547  -3.337  42.609 0.0000000000
78013  57.211  16.558  1.683 0.0000000000
78012  57.674  16.353  1.697 0.0000000000
72537  53.391  12.834  5.013 0.0000000000
73662  54.185  13.067  5.415 0.0000000000
73652  54.412  12.977  6.333 0.0000000000
70166  47.434  9.713  9.316 0.0000000000
64432  35.122  5.123  12.073 0.0000000000
68919  39.563  9.029  16.313 0.0000000000
68905  40.050  9.568  16.972 0.0000000000
68904  40.904  9.582  17.179 0.0000000000
57154  35.875  -1.108  21.035 0.0000000000
57130  36.366  -0.794  21.295 0.0000000000
60620  40.781  2.843  22.108 0.0000000000
61739  41.331  3.471  22.640 0.0000000000
66591  43.111  7.207  25.264 0.0000000000
66597  43.037  7.807  24.220 0.0000000000
67673  43.110  8.847  23.460 0.0000000000
74854  52.692  14.247  -3.391 0.0000000000
74886  51.502  14.528  -4.630 0.0000000000
74865  52.877  14.398  -4.235 0.0000000000
74885  52.126  14.597  -4.852 0.0000000000
74864  53.834  14.372  -4.444 0.0000000000
78027  57.050  16.400  0.480 0.0000000000
78026  57.372  16.715  0.710 0.0000000000
78086  58.760  17.977  -8.501 0.0000000000
79057  59.014  18.555  -9.101 0.0000000000
77065  59.683  17.106  -7.863 0.0000000000
77034  58.397  17.076  -3.483 0.0000000000
48610  32.746  -7.229  34.059 0.0000000000
53142  16.807  -4.436  36.853 0.0000000000
54318  17.301  -3.717  37.775 0.0000000000
53127  16.701  -4.142  37.926 0.0000000000
54291  16.197  -3.492  40.101 0.0000000000
54290  16.824  -3.277  39.637 0.0000000000
55501  16.889  -2.708  40.448 0.0000000000
71443  45.995  11.436  2.781 0.0000000000
66677  45.832  7.643  17.652 0.0000000000
66676  46.399  7.593  17.527 0.0000000000
49662  8.222  -7.628  40.032 0.0000000000
49646  7.391  -7.132  41.471 0.0000000000
49643  6.991  -7.003  42.050 0.0000000000
57113  30.693  -1.647  22.283 0.0000000000
57055  31.773  -1.263  24.856 0.0000000000
57036  32.726  -0.996  26.046 0.0000000000
50899  25.949  -5.359  29.482 0.0000000000
50921  23.322  -5.348  28.496 0.0000000000
50902  22.973  -5.247  29.454 0.0000000000
50978  24.662  -5.668  25.451 0.0000000000
50977  25.692  -5.802  25.468 0.0000000000
50958  26.182  -5.897  26.472 0.0000000000
50919  25.286  -5.565  28.500 0.0000000000
51893  25.386  -4.990  36.376 0.0000000000
51874  25.753  -4.829  37.336 0.0000000000
76994  54.902  16.154  1.667 0.0000000000
78003  55.321  16.491  2.044 0.0000000000
76975  55.015  16.323  2.358 0.0000000000
76963  54.282  15.855  2.776 0.0000000000
76962  55.258  15.799  2.868 0.0000000000
75882  55.652  15.254  3.676 0.0000000000
75866  56.615  15.533  4.353 0.0000000000
72507  53.985  12.327  8.493 0.0000000000
69056  43.075  8.576  6.101 0.0000000000
69055  43.722  8.701  6.507 0.0000000000
69045  44.200  8.527  7.033 0.0000000000
67869  45.493  8.103  9.207 0.0000000000
67884  45.272  8.372  8.470 0.0000000000
69010  46.089  8.755  9.147 0.0000000000
69009  46.726  9.021  9.542 0.0000000000
65624  34.416  5.340  12.913 0.0000000000
65609  34.980  5.918  13.486 0.0000000000
65608  35.501  6.274  13.303 0.0000000000
66742  35.851  6.616  14.294 0.0000000000
66701  37.800  7.335  16.473 0.0000000000
67802  36.981  7.449  15.582 0.0000000000
66700  38.165  7.814  16.680 0.0000000000
67789  38.545  8.296  16.723 0.0000000000
67770  38.879  8.343  17.311 0.0000000000
59397  38.342  1.235  24.519 0.0000000000
60554  39.519  2.055  25.829 0.0000000000
59396  39.154  1.789  25.043 0.0000000000
60568  39.912  2.209  24.648 0.0000000000
60567  40.606  2.511  25.327 0.0000000000
74845  48.762  14.467  -2.653 0.0000000000
74828  49.521  14.232  -1.644 0.0000000000
74826  51.338  13.955  -1.614 0.0000000000
74842  51.552  14.090  -2.485 0.0000000000
74825  52.297  13.959  -1.633 0.0000000000
74824  53.287  13.927  -1.696 0.0000000000
74807  53.047  13.914  -0.756 0.0000000000
75921  54.407  14.981  0.595 0.0000000000
77008  55.660  15.781  1.021 0.0000000000
77110  55.933  16.695  -9.392 0.0000000000
78104  56.588  17.417  -9.893 0.0000000000
78087  58.145  17.473  -8.786 0.0000000000
77087  57.887  16.773  -8.203 0.0000000000
76020  57.056  15.136  -7.157 0.0000000000
76042  57.588  15.813  -7.549 0.0000000000
75994  57.390  15.136  -6.644 0.0000000000
75993  57.720  15.484  -6.138 0.0000000000
74902  57.337  15.000  -6.321 0.0000000000
53258  30.641  -3.657  27.898 0.0000000000
54409  31.148  -3.098  28.135 0.0000000000
53243  31.223  -3.378  29.154 0.0000000000
53216  32.409  -3.521  31.273 0.0000000000
54381  32.154  -2.990  30.737 0.0000000000
54372  32.876  -2.812  31.784 0.0000000000
55602  33.185  -2.443  32.110 0.0000000000
54371  33.255  -2.942  32.398 0.0000000000
53158  20.511  -3.688  35.907 0.0000000000
53138  21.269  -3.596  36.752 0.0000000000
54314  20.278  -2.888  38.246 0.0000000000
54313  20.949  -2.985  38.523 0.0000000000
54299  21.433  -2.979  39.009 0.0000000000
54285  20.831  -2.507  39.776 0.0000000000
54288  18.115  -2.596  39.184 0.0000000000
54302  18.741  -2.584  38.759 0.0000000000
74785  49.314  13.813  1.320 0.0000000000
73698  48.911  13.074  2.212 0.0000000000
73711  49.252  13.460  1.925 0.0000000000
73697  49.772  13.221  2.477 0.0000000000
73687  50.276  13.074  3.107 0.0000000000
72606  46.619  12.426  1.439 0.0000000000
71424  49.109  11.632  4.122 0.0000000000
72555  49.587  11.813  4.192 0.0000000000
72554  50.343  11.976  4.538 0.0000000000
71376  51.460  11.257  7.130 0.0000000000
71362  51.523  11.167  8.221 0.0000000000
65619  44.523  6.346  11.746 0.0000000000
66771  45.240  6.772  12.074 0.0000000000
66757  45.496  6.714  12.748 0.0000000000
65583  46.769  6.528  14.954 0.0000000000
66735  46.698  6.853  14.061 0.0000000000
65582  47.627  6.845  15.284 0.0000000000
65581  48.126  6.826  15.554 0.0000000000
67780  47.797  8.020  17.200 0.0000000000
66693  47.443  7.422  16.758 0.0000000000
67778  49.791  8.413  16.875 0.0000000000
60717  38.071  2.800  15.246 0.0000000000
61844  38.193  3.447  15.466 0.0000000000
61832  38.751  3.402  16.124 0.0000000000
74831  46.219  14.269  -2.114 0.0000000000
78108  52.624  17.561  -9.592 0.0000000000
50724  12.856  -5.883  38.725 0.0000000000
50689  11.131  -5.823  40.259 0.0000000000
51832  11.868  -5.380  40.456 0.0000000000
51816  11.259  -5.069  41.362 0.0000000000
50691  8.751  -6.489  40.959 0.0000000000
50683  9.118  -6.015  41.297 0.0000000000
66831  42.763  7.313  7.433 0.0000000000
66832  41.974  7.070  7.346 0.0000000000
64509  41.698  5.920  8.647 0.0000000000
65676  41.113  5.903  7.933 0.0000000000
65658  41.919  6.140  8.798 0.0000000000
65643  42.844  5.887  9.632 0.0000000000
65642  43.405  6.034  10.096 0.0000000000
64466  43.081  5.698  10.334 0.0000000000
64426  43.199  5.487  11.848 0.0000000000
64406  44.178  5.708  13.223 0.0000000000
64407  43.489  5.405  13.081 0.0000000000
63122  39.938  4.501  10.764 0.0000000000
64469  40.425  4.635  10.507 0.0000000000
64450  40.604  4.416  11.327 0.0000000000
64389  43.231  5.248  14.302 0.0000000000
64371  43.979  5.431  15.064 0.0000000000
65566  43.486  5.891  15.882 0.0000000000
66697  43.177  7.019  16.404 0.0000000000
67768  44.028  8.608  17.625 0.0000000000
55857  33.086  -2.523  20.401 0.0000000000
57112  31.637  -1.916  22.094 0.0000000000
55815  32.279  -2.288  21.921 0.0000000000
57111  32.384  -1.980  22.371 0.0000000000
57087  34.749  -0.826  23.370 0.0000000000
57110  35.151  -0.977  22.806 0.0000000000
57067  35.952  -0.352  23.563 0.0000000000
59374  36.420  1.133  26.629 0.0000000000
59390  36.492  0.812  25.954 0.0000000000
59356  38.110  1.615  27.583 0.0000000000
60529  37.957  1.626  28.216 0.0000000000
55701  31.839  -1.889  27.483 0.0000000000
55680  32.529  -1.614  28.358 0.0000000000
56975  33.230  -1.315  28.835 0.0000000000
56995  33.887  -0.734  28.262 0.0000000000
56994  34.465  -0.459  28.816 0.0000000000
59308  36.896  0.766  31.658 0.0000000000
58205  35.977  0.073  30.839 0.0000000000
58215  35.942  0.357  30.063 0.0000000000
58226  35.273  0.027  28.751 0.0000000000
59332  36.310  0.874  29.621 0.0000000000
59343  36.058  0.885  28.644 0.0000000000
59331  37.018  1.110  30.007 0.0000000000
60486  37.871  1.742  30.655 0.0000000000
61617  39.404  2.425  30.683 0.0000000000
48591  30.408  -7.445  35.388 0.0000000000
50775  28.284  -5.562  35.492 0.0000000000
51992  25.857  -4.919  31.884 0.0000000000
51971  26.460  -4.927  32.703 0.0000000000
51950  25.384  -5.164  33.647 0.0000000000
51949  26.259  -4.963  33.588 0.0000000000
51930  26.073  -5.154  34.528 0.0000000000
51952  23.401  -5.261  33.703 0.0000000000
51933  23.097  -5.090  34.612 0.0000000000
51934  22.101  -4.739  34.721 0.0000000000
52056  20.861  -5.454  28.836 0.0000000000
50904  21.279  -5.431  29.506 0.0000000000
52036  20.642  -5.369  29.548 0.0000000000
53260  18.267  -4.833  28.669 0.0000000000
52016  20.704  -5.189  30.568 0.0000000000
51995  20.368  -5.011  31.664 0.0000000000
51977  19.456  -4.539  32.555 0.0000000000
51955  20.460  -4.366  33.589 0.0000000000
51935  21.510  -4.457  34.529 0.0000000000
53189  20.468  -4.131  34.209 0.0000000000
53175  20.872  -3.966  35.066 0.0000000000
53190  19.598  -4.011  34.068 0.0000000000
53178  18.259  -3.714  34.459 0.0000000000
51998  16.331  -5.093  31.039 0.0000000000
51957  15.706  -5.524  33.919 0.0000000000
51956  16.481  -4.945  33.459 0.0000000000
50797  14.768  -5.991  34.419 0.0000000000
50780  14.919  -5.732  35.308 0.0000000000
51917  14.567  -5.746  36.369 0.0000000000
50782  13.062  -6.463  35.502 0.0000000000
50765  12.313  -6.494  36.462 0.0000000000
55835  29.118  -1.856  21.421 0.0000000000
55793  29.595  -2.091  23.169 0.0000000000
55794  29.065  -2.463  22.535 0.0000000000
53403  27.299  -3.569  20.925 0.0000000000
54519  27.773  -3.429  21.506 0.0000000000
53332  28.568  -3.807  24.027 0.0000000000
54465  29.154  -3.305  24.573 0.0000000000
53312  29.422  -3.772  25.545 0.0000000000
53292  29.839  -3.838  26.255 0.0000000000
53293  29.218  -4.177  25.926 0.0000000000
52055  29.459  -4.947  27.857 0.0000000000
50895  30.112  -5.008  29.525 0.0000000000
50897  28.004  -5.780  29.375 0.0000000000
50849  29.708  -6.211  31.358 0.0000000000
49790  30.643  -6.356  31.756 0.0000000000
49759  31.701  -6.756  32.950 0.0000000000
49760  30.798  -6.864  33.151 0.0000000000
48590  31.409  -7.589  34.790 0.0000000000
47396  30.317  -7.863  35.522 0.0000000000
53099  23.770  -3.976  38.899 0.0000000000
51830  14.121  -4.652  40.865 0.0000000000
51829  14.782  -4.446  40.689 0.0000000000
53073  14.291  -3.811  41.584 0.0000000000
55478  14.963  -2.877  42.197 0.0000000000
55477  16.063  -2.365  41.868 0.0000000000
56782  15.624  -2.538  42.324 0.0000000000
76973  56.577  16.492  2.851 0.0000000000
76972  57.355  16.457  2.933 0.0000000000
76959  57.564  15.991  3.725 0.0000000000
74744  57.901  14.739  4.072 0.0000000000
74771  51.841  14.597  2.552 0.0000000000
74762  52.645  14.407  2.953 0.0000000000
74730  55.343  13.815  5.141 0.0000000000
74747  55.095  14.061  4.529 0.0000000000
75849  56.099  14.458  5.055 0.0000000000
73641  55.191  13.172  7.376 0.0000000000
74690  56.517  13.603  8.064 0.0000000000
74700  56.917  13.752  7.522 0.0000000000
74699  57.106  13.685  7.152 0.0000000000
71410  44.173  10.527  3.690 0.0000000000
70233  45.814  10.370  4.471 0.0000000000
70210  44.592  9.348  6.191 0.0000000000
70220  44.378  9.508  5.430 0.0000000000
70195  47.396  10.204  7.020 0.0000000000
70194  48.224  10.511  6.662 0.0000000000
71336  49.903  10.907  9.370 0.0000000000
71312  51.107  11.137  10.559 0.0000000000
66777  46.346  7.668  11.844 0.0000000000
67833  48.320  8.454  12.770 0.0000000000
68954  47.966  8.642  11.899 0.0000000000
68967  47.954  8.943  11.379 0.0000000000
68953  48.492  8.982  12.186 0.0000000000
68952  49.624  9.664  11.930 0.0000000000
68951  50.325  10.006  12.436 0.0000000000
63088  36.491  4.502  12.010 0.0000000000
64429  37.708  4.670  12.689 0.0000000000
64412  38.072  5.293  13.421 0.0000000000
66758  36.576  6.770  14.075 0.0000000000
66720  39.745  7.598  15.062 0.0000000000
65590  38.569  6.566  14.393 0.0000000000
66737  39.837  7.058  14.962 0.0000000000
65589  39.447  6.399  14.706 0.0000000000
65569  41.124  6.737  15.183 0.0000000000
67797  41.129  8.038  16.166 0.0000000000
68903  42.062  9.226  17.411 0.0000000000
68916  41.861  8.760  16.788 0.0000000000
68885  43.572  9.982  18.504 0.0000000000
70047  43.747  10.425  18.865 0.0000000000
58290  38.012  0.617  22.592 0.0000000000
58321  37.525  -0.049  21.136 0.0000000000
58305  38.155  0.451  21.559 0.0000000000
59464  38.789  0.735  20.020 0.0000000000
58332  38.424  0.237  19.594 0.0000000000
58353  38.541  0.411  18.586 0.0000000000
59486  39.503  1.688  18.629 0.0000000000
60658  40.474  2.940  19.812 0.0000000000
61792  40.469  3.331  19.076 0.0000000000
61810  40.185  3.516  18.183 0.0000000000
61809  40.770  4.022  18.610 0.0000000000
62856  41.908  3.940  29.947 0.0000000000
61624  41.476  3.505  29.392 0.0000000000
62871  42.113  3.854  29.180 0.0000000000
62883  42.826  4.340  27.589 0.0000000000
61648  42.527  3.931  28.132 0.0000000000
62884  42.385  3.880  27.047 0.0000000000
61682  41.874  3.701  25.617 0.0000000000
62896  42.486  4.344  26.391 0.0000000000
65456  42.772  6.486  25.405 0.0000000000
64254  42.585  5.741  25.618 0.0000000000
64262  42.318  5.996  24.847 0.0000000000
62923  42.142  4.651  24.459 0.0000000000
62935  42.172  4.828  23.576 0.0000000000
65479  42.423  6.601  21.990 0.0000000000
64295  42.281  6.190  21.363 0.0000000000
64305  42.049  5.918  20.514 0.0000000000
64314  41.443  5.428  19.003 0.0000000000
65519  41.731  6.526  19.064 0.0000000000
65520  41.118  6.862  18.593 0.0000000000
65512  41.647  7.192  19.058 0.0000000000
68855  42.621  8.956  20.724 0.0000000000
67728  41.996  8.623  19.850 0.0000000000
68856  42.309  9.411  20.335 0.0000000000
68870  40.810  9.392  18.978 0.0000000000
68869  41.533  9.435  19.586 0.0000000000
68806  43.240  9.774  23.392 0.0000000000
69972  43.422  10.514  23.586 0.0000000000
71154  42.979  10.737  21.915 0.0000000000
71178  42.677  10.806  20.549 0.0000000000
71179  42.236  10.513  20.187 0.0000000000
71215  42.410  10.778  19.512 0.0000000000
71177  43.270  11.307  20.411 0.0000000000
77093  51.551  16.957  -8.720 0.0000000000
76024  52.628  15.534  -7.430 0.0000000000
75997  54.218  14.767  -6.343 0.0000000000
74862  55.676  14.298  -4.829 0.0000000000
74881  55.807  14.313  -5.649 0.0000000000
74850  56.424  14.396  -4.236 0.0000000000
75963  57.036  14.859  -4.621 0.0000000000
75955  57.059  14.950  -3.725 0.0000000000
74805  55.163  14.162  -1.052 0.0000000000
74822  55.328  14.099  -2.037 0.0000000000
75939  55.985  14.546  -1.402 0.0000000000
77022  57.325  16.321  -0.917 0.0000000000
75937  57.373  16.105  -1.624 0.0000000000
77029  57.745  16.547  -1.871 0.0000000000
78046  58.240  16.856  -2.147 0.0000000000
78031  58.593  16.462  -1.050 0.0000000000
79086  57.695  18.835  -10.539 0.0000000000
80068  57.171  19.303  -11.097 0.0000000000
48589  32.484  -7.566  34.576 0.0000000000
51897  15.486  -5.183  36.965 0.0000000000
53128  16.116  -4.342  38.658 0.0000000000
51880  15.813  -4.884  37.987 0.0000000000
53114  15.914  -4.123  39.328 0.0000000000
53102  15.629  -3.947  40.089 0.0000000000
68900  45.540  9.061  18.115 0.0000000000
68899  46.532  9.116  17.880 0.0000000000
57091  30.664  -1.677  23.428 0.0000000000
57073  30.946  -1.772  24.341 0.0000000000
57056  31.290  -1.617  24.778 0.0000000000
55742  31.478  -1.563  25.349 0.0000000000
50920  24.307  -5.367  28.482 0.0000000000
53120  25.072  -4.644  37.409 0.0000000000
53108  24.969  -4.616  37.711 0.0000000000
51858  24.522  -4.602  38.581 0.0000000000
75908  53.048  15.337  1.179 0.0000000000
76995  53.566  15.796  1.697 0.0000000000
76996  52.598  15.543  1.618 0.0000000000
76977  52.927  15.716  2.206 0.0000000000
75884  53.608  15.148  2.890 0.0000000000
72508  53.216  11.908  9.106 0.0000000000
72480  53.882  12.317  10.660 0.0000000000
67886  43.865  7.604  7.812 0.0000000000
67896  44.283  8.296  7.438 0.0000000000
67870  44.785  7.719  8.865 0.0000000000
67856  45.777  7.786  9.942 0.0000000000
65572  36.186  6.430  15.113 0.0000000000
66722  36.090  6.760  14.821 0.0000000000
65571  36.947  6.485  15.672 0.0000000000
65553  37.422  6.806  16.184 0.0000000000
66678  39.222  7.101  17.355 0.0000000000
59388  38.621  1.650  25.902 0.0000000000
60543  39.049  1.932  26.608 0.0000000000
60542  39.801  2.222  26.991 0.0000000000
60541  40.560  2.632  27.324 0.0000000000
74811  49.394  14.044  -0.743 0.0000000000
74810  50.280  14.184  -0.740 0.0000000000
74809  51.155  14.069  -0.737 0.0000000000
74794  52.774  14.419  -0.010 0.0000000000
75923  52.500  14.836  0.643 0.0000000000
77088  56.497  16.148  -8.694 0.0000000000
76044  55.663  15.469  -8.067 0.0000000000
76021  56.055  14.860  -7.194 0.0000000000
52011  31.064  -4.399  29.649 0.0000000000
53229  31.453  -3.611  29.758 0.0000000000
51989  32.025  -4.459  30.949 0.0000000000
51988  32.585  -4.665  31.672 0.0000000000
51968  33.057  -4.498  32.411 0.0000000000
53139  20.194  -3.199  36.895 0.0000000000
53140  19.532  -3.117  36.578 0.0000000000
54326  19.931  -3.002  37.598 0.0000000000
55499  18.467  -1.906  40.558 0.0000000000
74800  47.405  13.445  0.034 0.0000000000
74786  48.577  13.457  1.036 0.0000000000
73720  48.098  13.307  0.986 0.0000000000
73699  48.247  12.851  1.966 0.0000000000
72571  47.039  11.715  2.808 0.0000000000
71404  49.479  11.341  4.737 0.0000000000
71390  50.392  11.337  5.917 0.0000000000
71391  49.563  11.065  5.616 0.0000000000
71378  49.718  10.833  6.491 0.0000000000
71364  49.838  10.744  7.456 0.0000000000
65585  45.068  6.112  13.798 0.0000000000
65602  45.495  6.564  13.436 0.0000000000
67779  48.753  8.607  17.122 0.0000000000
50726  10.955  -6.627  38.582 0.0000000000
50706  10.744  -6.234  39.535 0.0000000000
64510  41.195  5.569  8.482 0.0000000000
64467  42.657  5.516  10.101 0.0000000000
63084  40.206  4.361  12.442 0.0000000000
63083  40.911  4.484  12.537 0.0000000000
65567  42.587  5.966  15.578 0.0000000000
66717  42.326  6.808  15.887 0.0000000000
55858  32.195  -2.485  20.461 0.0000000000
57070  33.133  -0.869  24.265 0.0000000000
57069  34.290  -0.400  24.470 0.0000000000
58278  35.235  0.109  24.836 0.0000000000
58254  35.675  0.700  26.261 0.0000000000
59358  36.041  0.865  27.637 0.0000000000
55641  32.614  -1.978  30.430 0.0000000000
55662  32.563  -1.736  29.353 0.0000000000
56952  34.087  -0.996  30.329 0.0000000000
59297  37.486  1.152  32.348 0.0000000000
59318  37.314  1.209  30.844 0.0000000000
49740  29.713  -6.581  34.465 0.0000000000
51972  25.603  -4.933  32.716 0.0000000000
51951  24.412  -5.188  33.704 0.0000000000
50813  22.305  -5.175  32.840 0.0000000000
53246  17.552  -4.606  29.278 0.0000000000
53245  18.277  -4.647  29.937 0.0000000000
52018  18.897  -4.633  30.710 0.0000000000
51996  19.340  -4.658  31.756 0.0000000000
53205  19.352  -4.329  33.161 0.0000000000
55862  28.092  -1.877  20.407 0.0000000000
52170  26.999  -4.767  22.671 0.0000000000
53333  28.223  -4.481  24.479 0.0000000000
53314  28.320  -4.579  25.012 0.0000000000
52087  29.333  -4.386  26.515 0.0000000000
52088  28.634  -4.682  26.241 0.0000000000
50955  28.617  -5.136  27.026 0.0000000000
50915  28.908  -5.388  28.140 0.0000000000
50898  26.933  -5.787  29.507 0.0000000000
49761  29.886  -6.557  33.389 0.0000000000
54264  13.485  -3.751  42.009 0.0000000000
54263  14.063  -3.520  41.894 0.0000000000
54251  13.833  -3.304  42.307 0.0000000000
55479  14.287  -2.984  42.342 0.0000000000
76949  57.201  15.911  4.072 0.0000000000
76948  57.456  15.963  4.141 0.0000000000
75865  57.485  15.571  4.341 0.0000000000
73668  57.558  13.784  5.014 0.0000000000
73685  51.977  13.455  3.449 0.0000000000
73684  53.038  13.710  3.563 0.0000000000
73670  53.949  13.235  4.535 0.0000000000
73669  54.678  13.586  4.954 0.0000000000
73660  55.454  13.638  6.227 0.0000000000
73624  55.444  13.008  9.178 0.0000000000
69042  46.117  9.324  8.244 0.0000000000
70183  47.447  10.013  8.172 0.0000000000
66754  47.353  7.411  13.656 0.0000000000
67826  47.159  7.821  12.918 0.0000000000
67825  47.921  7.980  13.172 0.0000000000
67824  48.814  8.150  13.233 0.0000000000
70088  51.572  9.937  13.099 0.0000000000
63089  35.723  4.727  11.826 0.0000000000
67812  37.860  7.781  15.171 0.0000000000
67811  38.631  7.960  15.153 0.0000000000
67799  39.535  8.214  15.561 0.0000000000
67787  40.835  8.594  16.308 0.0000000000
68918  40.448  9.192  16.547 0.0000000000
70063  42.423  10.046  18.273 0.0000000000
59423  39.414  1.679  22.440 0.0000000000
59445  39.512  1.519  21.232 0.0000000000
59463  39.502  1.398  19.916 0.0000000000
60640  40.122  2.217  20.419 0.0000000000
60639  40.790  3.012  20.804 0.0000000000
61777  41.392  3.932  20.536 0.0000000000
64171  43.072  4.891  29.518 0.0000000000
64197  43.334  5.125  28.498 0.0000000000
64271  42.187  5.796  23.278 0.0000000000
65468  42.497  6.835  23.479 0.0000000000
65478  42.541  7.114  22.501 0.0000000000
65491  42.737  7.171  21.793 0.0000000000
66632  42.465  7.696  20.274 0.0000000000
66613  42.891  7.778  22.038 0.0000000000
67695  43.039  8.369  21.513 0.0000000000
68840  42.753  9.302  21.300 0.0000000000
74868  50.385  14.487  -3.810 0.0000000000
75965  49.903  14.716  -4.380 0.0000000000
74867  50.977  14.487  -4.197 0.0000000000
75978  52.400  14.795  -5.722 0.0000000000
75977  53.445  14.807  -5.820 0.0000000000
75976  53.883  14.651  -5.893 0.0000000000
74883  54.084  14.529  -5.449 0.0000000000
74863  54.787  14.395  -4.632 0.0000000000
74851  55.565  14.270  -3.941 0.0000000000
75919  56.298  15.512  0.344 0.0000000000
75931  56.669  15.570  -0.421 0.0000000000
77017  57.009  16.168  -0.077 0.0000000000
77016  57.247  16.462  -0.392 0.0000000000
79072  58.562  18.849  -9.717 0.0000000000
79058  58.792  18.522  -9.029 0.0000000000
77054  58.666  16.995  -5.962 0.0000000000
78064  59.099  17.297  -5.440 0.0000000000
78050  59.195  16.970  -3.969 0.0000000000
49758  32.577  -6.311  32.790 0.0000000000
49757  33.017  -6.109  33.089 0.0000000000
53141  17.499  -3.821  36.479 0.0000000000
54317  17.856  -3.368  37.413 0.0000000000
54289  17.593  -2.971  39.259 0.0000000000
55512  17.654  -2.500  39.785 0.0000000000
55500  17.697  -2.190  40.487 0.0000000000
56785  17.343  -1.747  41.260 0.0000000000
71427  46.508  11.281  3.324 0.0000000000
71407  46.855  11.064  4.272 0.0000000000
65548  46.155  6.613  16.461 0.0000000000
67764  48.050  8.732  17.523 0.0000000000
68898  47.539  9.197  17.908 0.0000000000
68897  48.524  9.437  17.614 0.0000000000
49661  8.789  -7.371  39.610 0.0000000000
50692  8.286  -6.673  41.108 0.0000000000
49653  7.440  -7.531  40.899 0.0000000000
49645  7.896  -6.872  41.179 0.0000000000
50684  8.100  -6.458  41.522 0.0000000000
51810  7.699  -6.146  41.975 0.0000000000
63066  39.791  4.426  13.189 0.0000000000
57071  32.176  -1.270  24.105 0.0000000000
51990  27.110  -5.504  32.120 0.0000000000
52012  26.472  -5.304  31.257 0.0000000000
52013  26.082  -5.136  31.196 0.0000000000
52014  25.411  -4.974  31.142 0.0000000000
50876  24.628  -5.019  30.521 0.0000000000
50853  24.054  -5.070  31.152 0.0000000000
53221  17.046  -4.763  30.670 0.0000000000
51016  25.746  -5.652  23.668 0.0000000000
50993  26.320  -5.608  24.450 0.0000000000
50957  27.214  -5.514  26.465 0.0000000000
50938  25.688  -5.862  27.494 0.0000000000
78001  56.481  16.517  2.186 0.0000000000
76961  56.075  15.959  3.158 0.0000000000
73642  54.690  12.924  6.984 0.0000000000
72506  54.682  12.762  7.967 0.0000000000
69066  43.483  9.088  5.809 0.0000000000
69054  44.563  9.045  6.704 0.0000000000
69053  45.149  9.216  7.130 0.0000000000
69031  45.194  8.613  8.062 0.0000000000
69043  45.516  9.180  7.760 0.0000000000
69029  46.382  9.145  8.839 0.0000000000
70167  46.853  9.341  9.039 0.0000000000
70141  47.714  9.622  10.001 0.0000000000
66711  50.589  7.338  15.700 0.0000000000
65622  35.672  5.811  12.829 0.0000000000
66721  36.344  7.155  15.440 0.0000000000
67813  37.083  7.490  15.170 0.0000000000
67800  38.541  8.376  15.886 0.0000000000
68920  39.007  8.812  16.543 0.0000000000
68906  39.384  9.293  17.025 0.0000000000
58307  36.786  -0.269  22.550 0.0000000000
57107  36.930  -0.439  21.681 0.0000000000
58291  37.249  0.263  23.037 0.0000000000
59407  38.674  1.106  23.175 0.0000000000
60585  40.215  2.284  23.732 0.0000000000
75949  47.959  14.771  -3.164 0.0000000000
75948  48.524  14.677  -3.133 0.0000000000
74858  49.304  14.499  -3.022 0.0000000000
74857  49.887  14.478  -3.358 0.0000000000
74856  50.852  14.336  -3.277 0.0000000000
74840  53.475  14.083  -2.623 0.0000000000
74792  54.883  14.373  -0.059 0.0000000000
74793  53.780  14.299  0.035 0.0000000000
75920  55.416  15.094  0.541 0.0000000000
76992  56.286  16.248  1.270 0.0000000000
79087  56.464  18.879  -11.067 0.0000000000
78119  57.112  18.102  -10.395 0.0000000000
78069  59.548  17.486  -7.009 0.0000000000
77067  58.024  16.329  -7.253 0.0000000000
77047  58.178  16.279  -5.486 0.0000000000
77041  58.027  16.306  -4.302 0.0000000000
55723  31.196  -2.510  26.579 0.0000000000
54420  31.015  -3.011  27.353 0.0000000000
54408  31.555  -2.595  28.361 0.0000000000
55663  32.074  -2.243  29.722 0.0000000000
54390  31.959  -2.872  30.107 0.0000000000
50807  33.314  -5.466  33.066 0.0000000000
51967  33.434  -4.483  32.988 0.0000000000
51927  34.118  -4.730  33.941 0.0000000000
53187  33.594  -3.712  33.461 0.0000000000
53137  22.174  -4.090  36.557 0.0000000000
53123  22.128  -3.709  37.557 0.0000000000
54297  22.855  -3.325  39.048 0.0000000000
53124  21.103  -3.119  37.780 0.0000000000
54283  22.664  -3.186  39.426 0.0000000000
54270  22.383  -3.039  39.861 0.0000000000
54316  18.655  -2.893  37.763 0.0000000000
54301  19.561  -2.556  39.033 0.0000000000
54286  19.947  -2.325  39.631 0.0000000000
55510  19.271  -2.058  39.987 0.0000000000
55509  19.917  -2.085  40.201 0.0000000000
74784  50.355  14.441  1.134 0.0000000000
74772  50.655  14.119  2.190 0.0000000000
74764  50.904  13.827  2.773 0.0000000000
73686  51.002  13.448  3.218 0.0000000000
72567  51.344  13.026  3.596 0.0000000000
72553  51.769  12.434  4.136 0.0000000000
72605  47.198  12.618  1.477 0.0000000000
72585  48.522  12.611  2.590 0.0000000000
72570  48.065  11.996  3.041 0.0000000000
72538  52.594  12.266  5.243 0.0000000000
72526  52.506  11.803  6.626 0.0000000000
71389  51.054  11.400  6.371 0.0000000000
71375  52.183  11.511  7.720 0.0000000000
71349  52.428  11.639  9.646 0.0000000000
71333  52.532  11.568  10.564 0.0000000000
65641  44.241  6.629  9.815 0.0000000000
66791  44.980  6.928  10.206 0.0000000000
66779  45.126  6.826  11.132 0.0000000000
66770  45.851  7.226  12.326 0.0000000000
66755  46.627  7.251  13.317 0.0000000000
66715  47.178  7.097  16.428 0.0000000000
66714  47.652  7.161  16.226 0.0000000000
66713  48.403  7.111  15.895 0.0000000000
66712  49.481  7.315  15.700 0.0000000000
63052  37.220  4.015  14.602 0.0000000000
63039  38.371  4.366  15.669 0.0000000000
63025  38.875  4.375  16.195 0.0000000000
61615  40.689  3.179  30.397 0.0000000000
61625  40.866  3.087  29.573 0.0000000000
62838  41.825  3.935  30.689 0.0000000000
77113  53.030  16.971  -9.303 0.0000000000
50744  13.528  -5.973  37.626 0.0000000000
50723  13.917  -5.746  38.374 0.0000000000
51865  13.475  -5.482  39.144 0.0000000000
51866  12.928  -5.621  39.277 0.0000000000
51831  13.053  -5.073  40.645 0.0000000000
50705  11.965  -5.803  39.689 0.0000000000
51852  12.179  -5.498  39.982 0.0000000000
51814  13.349  -4.629  41.353 0.0000000000
53075  12.907  -4.332  41.895 0.0000000000
53062  12.361  -4.222  42.227 0.0000000000
49650  9.585  -6.391  40.143 0.0000000000
50690  9.863  -6.045  40.564 0.0000000000
51834  10.127  -5.695  41.054 0.0000000000
53077  11.000  -4.715  41.949 0.0000000000
53063  11.676  -4.311  42.302 0.0000000000
67898  42.791  7.633  6.893 0.0000000000
66830  43.387  7.397  7.774 0.0000000000
66806  43.353  6.914  8.812 0.0000000000
66822  42.348  6.885  7.881 0.0000000000
65674  42.386  6.679  8.313 0.0000000000
65656  43.596  6.678  9.354 0.0000000000
64447  43.118  5.596  10.801 0.0000000000
65620  43.973  5.840  12.300 0.0000000000
64428  41.589  4.651  12.862 0.0000000000
65549  45.135  6.394  16.463 0.0000000000
67782  45.390  7.818  17.660 0.0000000000
66696  44.382  7.063  16.870 0.0000000000
67767  44.999  8.462  17.785 0.0000000000
68883  45.149  9.705  18.594 0.0000000000
55856  34.252  -2.438  19.994 0.0000000000
55829  35.425  -1.352  21.422 0.0000000000
55833  31.796  -2.261  21.206 0.0000000000
55832  32.659  -2.357  21.271 0.0000000000
55791  33.577  -1.530  22.757 0.0000000000
55813  34.042  -1.674  22.079 0.0000000000
55812  34.956  -1.265  22.190 0.0000000000
55811  35.500  -1.161  21.939 0.0000000000
57109  35.669  -0.965  22.423 0.0000000000
57085  36.167  -0.584  22.902 0.0000000000
58276  36.935  0.480  23.907 0.0000000000
58265  36.708  0.690  24.714 0.0000000000
58266  36.088  0.580  25.431 0.0000000000
59389  37.217  1.021  25.568 0.0000000000
59355  38.462  1.849  27.486 0.0000000000
60513  39.088  2.177  28.925 0.0000000000
57016  32.108  -1.307  26.515 0.0000000000
57015  32.725  -1.127  27.080 0.0000000000
57014  33.596  -0.743  27.309 0.0000000000
58239  34.332  -0.250  27.487 0.0000000000
56929  35.244  -0.664  31.852 0.0000000000
56951  35.134  -0.494  30.721 0.0000000000
58206  35.683  -0.093  30.318 0.0000000000
56973  34.729  -0.508  29.604 0.0000000000
58238  35.049  0.204  27.725 0.0000000000
59359  35.541  0.489  27.535 0.0000000000
60487  37.431  1.387  30.297 0.0000000000
60501  37.526  1.435  29.753 0.0000000000
60515  37.672  1.507  28.832 0.0000000000
60499  38.988  2.150  29.757 0.0000000000
61627  39.642  2.414  30.049 0.0000000000
50756  28.159  -5.519  36.343 0.0000000000
51970  27.239  -5.338  32.706 0.0000000000
51947  27.543  -5.283  33.409 0.0000000000
51928  27.591  -5.222  34.109 0.0000000000
51908  27.638  -5.137  35.153 0.0000000000
51891  27.423  -5.107  36.198 0.0000000000
51892  26.376  -5.011  36.323 0.0000000000
51911  24.806  -5.139  35.517 0.0000000000
51894  24.455  -5.029  36.334 0.0000000000
51895  23.596  -4.704  36.281 0.0000000000
53155  22.533  -4.576  35.712 0.0000000000
50962  22.050  -5.214  26.530 0.0000000000
50903  22.057  -5.346  29.497 0.0000000000
50879  21.631  -5.301  30.455 0.0000000000
52015  21.287  -5.209  30.981 0.0000000000
50856  21.691  -5.253  31.394 0.0000000000
50835  21.568  -5.210  31.919 0.0000000000
51974  22.005  -5.170  32.777 0.0000000000
53173  22.055  -4.483  35.220 0.0000000000
53156  22.129  -4.369  35.717 0.0000000000
53160  18.591  -3.360  35.353 0.0000000000
51978  16.412  -5.005  32.216 0.0000000000
51898  14.771  -5.584  36.925 0.0000000000
50746  11.427  -6.691  37.495 0.0000000000
49689  11.025  -7.048  36.865 0.0000000000
50747  10.816  -6.879  38.049 0.0000000000
57135  29.082  -1.734  20.966 0.0000000000
57092  30.094  -1.790  23.198 0.0000000000
55767  30.013  -2.365  23.852 0.0000000000
54518  28.296  -2.729  21.163 0.0000000000
54496  28.410  -3.102  22.244 0.0000000000
53365  28.120  -3.698  22.408 0.0000000000
54464  29.741  -2.854  24.177 0.0000000000
54435  30.357  -3.371  26.121 0.0000000000
53274  30.215  -3.908  26.903 0.0000000000
52053  30.555  -4.015  28.413 0.0000000000
52054  30.234  -4.412  28.036 0.0000000000
52033  30.532  -4.382  28.984 0.0000000000
50894  30.660  -4.744  29.603 0.0000000000
49788  31.793  -6.045  31.702 0.0000000000
50896  29.136  -5.503  29.131 0.0000000000
50848  30.785  -5.923  31.082 0.0000000000
49789  31.401  -6.206  31.683 0.0000000000
49775  31.911  -6.185  32.129 0.0000000000
51849  14.937  -4.640  39.982 0.0000000000
53103  15.104  -4.180  40.547 0.0000000000
54274  15.801  -3.327  40.734 0.0000000000
54262  14.821  -3.368  41.689 0.0000000000
55487  15.978  -2.826  41.345 0.0000000000
55476  16.554  -2.122  41.779 0.0000000000
76991  57.430  16.498  2.208 0.0000000000
75895  51.619  14.841  2.122 0.0000000000
75885  52.870  15.225  2.653 0.0000000000
73683  53.906  13.756  3.871 0.0000000000
74760  54.750  14.385  3.788 0.0000000000
74759  55.471  14.571  4.256 0.0000000000
75867  55.993  14.884  4.592 0.0000000000
73650  55.658  13.713  6.757 0.0000000000
74714  56.277  14.090  6.795 0.0000000000
74712  57.213  13.902  6.763 0.0000000000
71429  44.675  10.937  2.999 0.0000000000
71408  46.108  10.730  3.855 0.0000000000
70219  45.557  10.099  5.389 0.0000000000
70218  46.695  10.506  5.084 0.0000000000
70217  47.398  10.706  5.249 0.0000000000
70206  48.212  10.701  6.133 0.0000000000
71365  49.027  10.546  7.077 0.0000000000
71352  49.930  10.769  8.411 0.0000000000
71351  50.750  10.968  8.803 0.0000000000
71334  51.772  11.214  10.117 0.0000000000
71310  52.561  11.564  11.382 0.0000000000
66790  45.680  7.455  10.564 0.0000000000
67855  46.402  8.232  10.241 0.0000000000
67835  47.047  7.932  12.116 0.0000000000
67843  46.865  8.027  11.280 0.0000000000
67854  47.314  8.626  10.872 0.0000000000
68987  47.820  9.351  10.538 0.0000000000
68986  48.219  9.665  10.613 0.0000000000
67822  51.169  8.282  13.672 0.0000000000
70118  49.024  10.191  10.740 0.0000000000
70117  49.949  10.377  11.075 0.0000000000
71293  50.724  10.840  10.962 0.0000000000
70101  51.042  10.300  12.532 0.0000000000
70116  51.021  10.659  11.691 0.0000000000
71292  51.315  11.072  11.220 0.0000000000
72464  53.117  11.777  11.721 0.0000000000
63086  38.299  4.306  12.414 0.0000000000
63067  38.966  4.563  13.067 0.0000000000
65621  36.084  5.849  12.933 0.0000000000
64413  36.838  5.655  13.176 0.0000000000
65591  37.847  6.753  14.331 0.0000000000
65605  38.001  6.163  14.072 0.0000000000
64393  38.920  5.712  14.200 0.0000000000
64392  39.891  5.493  14.388 0.0000000000
66698  42.052  7.594  16.302 0.0000000000
67786  41.595  8.336  16.446 0.0000000000
67785  42.538  8.331  16.679 0.0000000000
67769  43.112  8.746  17.330 0.0000000000
68884  44.148  9.815  18.592 0.0000000000
57129  36.966  -0.598  20.808 0.0000000000
58320  38.232  0.303  20.564 0.0000000000
60681  39.305  2.001  17.671 0.0000000000
60697  39.089  2.401  16.975 0.0000000000
61821  39.622  3.597  17.390 0.0000000000
63013  40.010  4.552  17.379 0.0000000000
61637  41.032  3.052  28.800 0.0000000000
61650  41.024  2.903  27.931 0.0000000000
61663  41.256  2.986  26.962 0.0000000000
61635  42.261  3.759  28.483 0.0000000000
61649  42.081  3.488  27.662 0.0000000000
61683  41.245  3.080  25.957 0.0000000000
61705  41.258  3.239  24.936 0.0000000000
61723  41.433  3.425  23.805 0.0000000000
64221  43.263  5.393  27.356 0.0000000000
65440  43.199  6.340  26.255 0.0000000000
65420  43.200  5.904  26.828 0.0000000000
64243  42.826  5.381  26.462 0.0000000000
62909  42.144  4.471  25.321 0.0000000000
61738  41.720  4.192  23.101 0.0000000000
61756  41.632  4.295  22.105 0.0000000000
61776  41.648  4.343  21.202 0.0000000000
64283  42.223  5.849  22.245 0.0000000000
62963  42.080  5.143  21.472 0.0000000000
62978  41.414  4.412  19.781 0.0000000000
62987  41.220  4.692  18.958 0.0000000000
62999  40.833  4.829  18.162 0.0000000000
64343  39.959  5.673  17.422 0.0000000000
64325  40.314  6.069  17.805 0.0000000000
65537  39.741  6.650  17.540 0.0000000000
66656  39.499  7.646  17.707 0.0000000000
66639  41.833  7.830  19.425 0.0000000000
67750  39.730  8.511  18.207 0.0000000000
68886  40.153  9.232  18.359 0.0000000000
70050  40.767  9.895  18.469 0.0000000000
67672  43.323  9.410  23.797 0.0000000000
68823  42.965  9.671  22.499 0.0000000000
69995  43.323  10.850  22.962 0.0000000000
70012  42.704  10.240  21.682 0.0000000000
70013  42.510  9.996  21.086 0.0000000000
70024  42.311  10.190  20.561 0.0000000000
70049  41.960  10.406  19.029 0.0000000000
70048  42.885  10.628  18.803 0.0000000000
71213  43.519  10.956  19.308 0.0000000000
77092  52.305  16.731  -8.997 0.0000000000
76047  52.422  16.062  -8.281 0.0000000000
76046  53.417  15.887  -8.099 0.0000000000
76022  54.900  15.086  -7.303 0.0000000000
75995  55.782  14.625  -6.832 0.0000000000
74905  55.141  14.489  -6.097 0.0000000000
74880  56.610  14.436  -5.860 0.0000000000
75975  57.022  14.739  -5.324 0.0000000000
74839  54.472  14.101  -2.781 0.0000000000
74838  55.459  14.177  -2.997 0.0000000000
75938  56.843  15.430  -1.398 0.0000000000
75947  56.982  15.172  -2.713 0.0000000000
75954  57.581  15.772  -3.379 0.0000000000
78052  58.427  17.020  -2.767 0.0000000000
78045  58.641  16.947  -2.469 0.0000000000
48612  31.481  -7.446  34.360 0.0000000000
49642  7.271  -6.848  41.867 0.0000000000
49700  28.841  -6.429  36.507 0.0000000000
50678  7.825  -6.247  41.815 0.0000000000
50679  7.483  -6.455  41.946 0.0000000000
50704  12.617  -5.660  39.374 0.0000000000
50722  14.493  -5.605  38.154 0.0000000000
50731  28.596  -6.129  36.661 0.0000000000
50808  32.945  -5.876  32.803 0.0000000000
50828  32.247  -5.841  31.887 0.0000000000
50831  27.401  -5.598  32.280 0.0000000000
50852  26.708  -5.421  31.342 0.0000000000
50934  28.893  -5.175  27.531 0.0000000000
51804  7.701  -6.044  42.198 0.0000000000
51896  16.152  -4.836  37.063 0.0000000000
51914  22.334  -4.613  35.387 0.0000000000
51969  27.751  -5.371  33.087 0.0000000000
52010  31.583  -4.411  30.241 0.0000000000
52130  27.650  -4.911  24.184 0.0000000000
53074  13.704  -4.054  41.646 0.0000000000
53090  15.318  -3.796  40.750 0.0000000000
53091  14.768  -4.036  41.149 0.0000000000
53092  14.139  -4.178  41.355 0.0000000000
53101  16.241  -3.755  39.633 0.0000000000
53112  21.368  -3.107  38.442 0.0000000000
53188  21.133  -4.268  34.530 0.0000000000
53203  32.967  -3.678  32.033 0.0000000000
53244  30.875  -3.613  28.676 0.0000000000
53259  30.344  -4.034  27.411 0.0000000000
53291  30.379  -3.607  26.592 0.0000000000
53346  28.294  -3.688  22.989 0.0000000000
53387  27.202  -3.895  21.447 0.0000000000
54261  15.431  -3.179  41.341 0.0000000000
54273  16.420  -3.153  40.351 0.0000000000
54298  22.367  -3.129  39.000 0.0000000000
54343  19.135  -3.150  36.491 0.0000000000
54389  32.261  -2.526  30.530 0.0000000000
54399  31.317  -3.113  28.718 0.0000000000
54419  31.361  -2.583  27.747 0.0000000000
54434  30.698  -3.160  26.625 0.0000000000
54450  29.334  -3.594  25.133 0.0000000000
55496  20.646  -2.416  40.454 0.0000000000
55520  19.174  -2.290  39.510 0.0000000000
55521  18.931  -2.394  39.171 0.0000000000
55642  32.189  -2.365  30.216 0.0000000000
55789  34.811  -1.087  22.806 0.0000000000
56786  16.839  -1.973  41.721 0.0000000000
56928  35.791  -0.269  32.026 0.0000000000
57108  36.326  -0.727  22.108 0.0000000000
58225  35.738  0.503  29.373 0.0000000000
58269  33.782  -0.338  26.131 0.0000000000
59309  36.423  0.413  31.187 0.0000000000
59317  37.663  1.578  31.172 0.0000000000
59376  35.266  0.420  27.261 0.0000000000
59510  38.959  1.307  17.855 0.0000000000
60498  39.505  2.347  29.439 0.0000000000
60526  40.588  2.674  27.739 0.0000000000
60528  38.883  2.070  27.834 0.0000000000
60530  37.562  1.464  28.310 0.0000000000
60555  39.029  1.941  26.095 0.0000000000
60696  39.405  2.997  17.258 0.0000000000
61651  40.691  2.755  28.395 0.0000000000
62977  41.642  4.932  20.375 0.0000000000
63012  40.422  4.941  17.703 0.0000000000
63014  39.369  4.498  16.743 0.0000000000
63041  36.986  4.697  14.607 0.0000000000
63102  40.609  4.412  11.866 0.0000000000
64255  42.123  5.257  25.072 0.0000000000
64263  42.226  5.449  24.231 0.0000000000
64313  41.742  5.786  19.557 0.0000000000
64323  41.513  6.048  18.814 0.0000000000
64342  40.536  5.443  17.842 0.0000000000
64344  39.363  5.504  16.877 0.0000000000
64373  42.455  5.513  15.203 0.0000000000
64375  37.851  5.484  15.668 0.0000000000
64377  36.105  5.975  14.724 0.0000000000
64414  36.324  5.817  12.998 0.0000000000
64487  42.524  5.807  9.450 0.0000000000
65492  42.536  6.931  21.293 0.0000000000
65511  42.145  6.791  19.706 0.0000000000
65521  40.374  6.820  17.969 0.0000000000
65539  38.397  6.713  17.023 0.0000000000
65547  46.612  6.775  16.421 0.0000000000
65552  38.070  6.506  16.502 0.0000000000
65561  48.102  6.933  15.770 0.0000000000
65592  35.744  6.278  14.510 0.0000000000
66623  42.846  7.689  21.132 0.0000000000
66624  42.600  7.245  20.820 0.0000000000
66655  40.390  7.761  18.298 0.0000000000
66679  38.579  7.498  17.162 0.0000000000
66680  38.105  7.021  16.892 0.0000000000
66694  46.676  7.115  16.764 0.0000000000
66718  41.365  7.388  15.758 0.0000000000
66738  39.145  7.382  14.870 0.0000000000
66741  36.391  7.113  14.694 0.0000000000
66760  35.462  6.416  13.812 0.0000000000
66761  35.284  6.179  13.842 0.0000000000
67710  42.834  8.502  20.919 0.0000000000
67711  42.568  8.564  20.394 0.0000000000
67729  41.245  8.658  19.249 0.0000000000
67751  39.133  8.447  17.771 0.0000000000
67790  37.970  7.936  16.243 0.0000000000
67791  37.406  7.623  16.011 0.0000000000
67798  40.564  8.103  15.827 0.0000000000
67814  36.613  7.401  15.249 0.0000000000
68887  39.421  9.113  17.752 0.0000000000
68888  39.008  8.754  17.552 0.0000000000
68925  39.137  8.697  15.968 0.0000000000
69008  47.328  9.391  9.954 0.0000000000
69996  43.003  10.543  22.385 0.0000000000
70035  41.922  10.157  19.828 0.0000000000
70051  40.095  9.522  17.925 0.0000000000
70066  39.824  9.531  17.465 0.0000000000
71167  42.928  10.815  21.414 0.0000000000
71194  43.375  11.212  19.815 0.0000000000
71195  42.783  10.942  19.896 0.0000000000
71337  49.328  10.710  8.849 0.0000000000
71393  47.956  10.928  5.156 0.0000000000
71403  50.074  11.455  5.210 0.0000000000
72551  53.381  12.973  4.484 0.0000000000
72552  52.866  12.719  4.414 0.0000000000
72572  46.421  11.592  2.773 0.0000000000
73638  57.043  13.472  7.353 0.0000000000
73661  55.030  13.478  5.773 0.0000000000
73671  53.315  13.183  4.058 0.0000000000
74770  52.409  14.860  2.650 0.0000000000
74866  51.974  14.458  -4.097 0.0000000000
74879  57.231  14.899  -5.899 0.0000000000
74903  56.846  14.746  -6.545 0.0000000000
74904  55.989  14.508  -6.498 0.0000000000
74906  54.588  14.508  -5.842 0.0000000000
74921  56.357  14.708  -6.802 0.0000000000
75894  52.263  15.175  2.408 0.0000000000
75911  51.160  14.616  1.307 0.0000000000
75964  50.597  14.577  -4.656 0.0000000000
76019  57.736  15.643  -6.907 0.0000000000
76958  57.719  15.830  3.415 0.0000000000
76964  53.502  15.697  2.598 0.0000000000
76979  51.712  14.937  1.805 0.0000000000
76993  55.908  16.193  1.388 0.0000000000
77108  57.789  17.273  -8.909 0.0000000000
78002  55.776  16.488  2.084 0.0000000000
78016  55.267  16.415  1.844 0.0000000000
78034  57.153  16.426  -0.040 0.0000000000
78118  57.752  18.255  -10.151 0.0000000000
