#!ascii label  , from subject 201818 vox2ras=TkReg
1050
55728  22.227  -0.920  26.671 0.0000000000
64097  35.877  6.357  32.247 0.0000000000
70198  38.671  11.046  7.650 0.0000000000
67772  31.250  8.172  17.299 0.0000000000
67684  37.033  8.255  23.351 0.0000000000
79994  48.515  19.793  -1.152 0.0000000000
68973  38.600  10.279  10.642 0.0000000000
71344  34.566  11.198  9.734 0.0000000000
57043  17.989  -0.218  26.516 0.0000000000
60493  26.976  2.910  30.319 0.0000000000
62891  31.760  5.650  27.800 0.0000000000
55795  24.651  -0.017  24.181 0.0000000000
75888  43.187  16.431  3.285 0.0000000000
55627  24.289  -0.560  31.380 0.0000000000
56958  19.992  0.535  30.484 0.0000000000
74705  43.188  15.015  7.730 0.0000000000
56941  14.555  -0.167  30.936 0.0000000000
53209  11.486  -3.357  32.101 0.0000000000
71245  34.357  12.145  15.395 0.0000000000
67732  33.507  8.138  20.367 0.0000000000
60683  35.030  3.475  19.858 0.0000000000
60573  33.795  4.448  23.294 0.0000000000
72467  38.676  13.184  11.669 0.0000000000
71319  36.439  11.640  10.479 0.0000000000
73610  35.994  13.401  11.659 0.0000000000
71268  40.945  11.726  12.552 0.0000000000
55773  21.396  -1.221  24.439 0.0000000000
55775  18.847  -1.605  24.536 0.0000000000
55751  20.051  -0.291  26.026 0.0000000000
55704  24.711  -0.456  27.572 0.0000000000
58241  25.660  1.645  27.654 0.0000000000
55747  23.876  -0.698  25.293 0.0000000000
54466  22.810  -1.246  23.171 0.0000000000
72529  38.242  12.198  6.174 0.0000000000
71354  40.972  11.911  9.547 0.0000000000
73645  40.294  13.769  7.635 0.0000000000
74720  41.017  14.832  6.312 0.0000000000
58170  18.658  1.679  33.369 0.0000000000
56939  17.018  0.770  30.903 0.0000000000
58172  16.206  1.206  32.921 0.0000000000
54332  10.925  -1.581  35.753 0.0000000000
54355  12.119  -1.164  33.852 0.0000000000
53180  10.575  -3.015  34.121 0.0000000000
51939  9.391  -4.536  34.349 0.0000000000
51901  7.615  -4.693  36.274 0.0000000000
70016  34.807  10.541  22.504 0.0000000000
67714  35.332  7.747  21.658 0.0000000000
64327  34.554  5.194  19.773 0.0000000000
64316  35.552  5.527  21.043 0.0000000000
61714  27.868  4.895  24.858 0.0000000000
62914  32.187  5.575  25.642 0.0000000000
61728  29.194  4.928  22.947 0.0000000000
60625  31.134  3.703  21.027 0.0000000000
70076  32.092  10.511  15.689 0.0000000000
68946  31.606  9.993  12.876 0.0000000000
67816  30.277  8.020  14.072 0.0000000000
80011  51.067  19.168  -4.128 0.0000000000
79029  48.478  18.950  -3.737 0.0000000000
69032  39.104  9.667  9.018 0.0000000000
69015  37.821  9.615  9.151 0.0000000000
68989  41.030  10.389  10.753 0.0000000000
61610  32.626  5.191  31.611 0.0000000000
61628  33.288  6.012  29.947 0.0000000000
60504  29.216  4.298  29.755 0.0000000000
61674  26.184  3.948  26.417 0.0000000000
59432  24.880  1.727  22.895 0.0000000000
75868  46.137  16.067  5.021 0.0000000000
76980  46.013  17.311  3.359 0.0000000000
78996  46.009  18.549  1.405 0.0000000000
79018  45.383  18.577  -1.153 0.0000000000
55686  23.077  -0.623  28.743 0.0000000000
55709  20.921  -0.133  28.495 0.0000000000
55650  22.048  0.071  31.039 0.0000000000
55644  25.741  0.303  30.728 0.0000000000
75855  43.480  15.751  5.525 0.0000000000
57001  18.340  0.422  28.335 0.0000000000
56983  16.418  -0.015  28.882 0.0000000000
55652  14.191  -1.025  29.508 0.0000000000
55593  13.741  0.029  33.087 0.0000000000
55614  12.461  -1.698  31.858 0.0000000000
50693  5.235  -5.168  38.321 0.0000000000
72425  36.215  13.516  14.633 0.0000000000
70067  32.799  10.934  18.133 0.0000000000
70027  33.168  10.537  20.397 0.0000000000
67753  32.150  8.374  18.982 0.0000000000
64329  33.256  5.490  18.717 0.0000000000
60698  33.885  2.509  17.586 0.0000000000
58373  32.767  0.790  17.598 0.0000000000
64225  34.745  6.327  27.587 0.0000000000
62899  35.567  5.618  25.141 0.0000000000
62951  36.080  5.160  22.537 0.0000000000
59448  34.120  3.269  21.415 0.0000000000
59490  31.997  2.044  19.290 0.0000000000
71283  33.351  12.068  12.451 0.0000000000
70151  32.167  9.913  10.464 0.0000000000
75793  39.214  15.436  12.551 0.0000000000
73608  37.609  13.422  11.617 0.0000000000
74660  37.329  14.374  12.510 0.0000000000
74657  40.435  14.833  12.420 0.0000000000
55750  21.249  -0.845  25.612 0.0000000000
55729  21.383  -0.524  26.917 0.0000000000
55705  23.885  -0.804  27.604 0.0000000000
55726  23.954  -0.913  26.436 0.0000000000
55727  23.100  -0.965  26.521 0.0000000000
55772  22.340  -1.087  24.145 0.0000000000
71368  38.484  11.573  7.112 0.0000000000
71356  39.548  11.356  8.449 0.0000000000
72511  40.246  12.786  8.431 0.0000000000
71366  39.697  12.061  8.275 0.0000000000
73646  39.379  13.452  7.108 0.0000000000
54333  10.243  -2.366  35.681 0.0000000000
54347  10.671  -2.353  34.782 0.0000000000
54348  10.138  -2.730  35.228 0.0000000000
51918  9.675  -3.959  34.498 0.0000000000
53165  9.457  -3.429  35.342 0.0000000000
51920  8.557  -4.630  35.484 0.0000000000
68843  36.078  8.865  22.757 0.0000000000
67713  36.030  7.797  22.122 0.0000000000
66634  35.707  7.065  21.535 0.0000000000
66633  36.166  7.042  21.956 0.0000000000
64117  36.368  6.796  31.065 0.0000000000
62940  26.756  4.610  23.444 0.0000000000
61713  28.748  5.058  24.241 0.0000000000
62953  27.492  4.726  22.237 0.0000000000
61782  28.123  4.461  20.615 0.0000000000
68921  31.440  9.487  16.237 0.0000000000
68928  31.054  9.073  15.289 0.0000000000
79986  48.516  20.098  -0.300 0.0000000000
79985  49.499  20.199  -0.580 0.0000000000
79993  49.506  19.643  -1.557 0.0000000000
79021  49.443  19.181  -3.008 0.0000000000
79022  48.392  19.160  -2.895 0.0000000000
68992  39.088  9.704  10.282 0.0000000000
68993  38.173  9.892  9.993 0.0000000000
71343  35.166  11.443  9.773 0.0000000000
70171  36.077  10.170  9.297 0.0000000000
69018  34.650  9.545  8.823 0.0000000000
70124  39.795  10.673  11.636 0.0000000000
68991  39.946  9.862  10.593 0.0000000000
69012  40.285  10.193  10.170 0.0000000000
57060  18.042  -0.721  25.735 0.0000000000
57024  16.250  -0.959  27.110 0.0000000000
59320  29.186  3.814  30.983 0.0000000000
60489  31.233  4.803  30.470 0.0000000000
60491  28.779  3.815  30.503 0.0000000000
57057  25.102  0.428  25.616 0.0000000000
60535  25.893  3.277  27.489 0.0000000000
58271  25.111  2.085  25.429 0.0000000000
60561  25.467  3.006  25.185 0.0000000000
58293  24.816  1.087  23.898 0.0000000000
55818  24.078  -0.681  22.875 0.0000000000
63027  31.945  4.304  17.141 0.0000000000
75869  45.142  16.286  4.454 0.0000000000
76952  46.087  16.497  4.332 0.0000000000
76967  44.802  16.816  3.275 0.0000000000
78006  44.605  17.590  1.751 0.0000000000
78028  44.881  18.222  0.504 0.0000000000
79011  45.405  18.619  -0.092 0.0000000000
55647  23.754  -0.781  30.563 0.0000000000
55669  22.429  -0.540  29.891 0.0000000000
55629  23.037  -0.352  31.425 0.0000000000
55626  24.859  -0.180  31.383 0.0000000000
55666  24.410  -0.428  29.674 0.0000000000
75842  44.316  15.703  6.169 0.0000000000
74718  42.853  15.204  6.881 0.0000000000
74736  40.729  15.067  5.331 0.0000000000
56979  20.674  0.266  29.884 0.0000000000
56999  20.347  0.276  28.964 0.0000000000
56980  19.689  0.610  29.547 0.0000000000
56940  15.777  0.343  30.868 0.0000000000
56961  16.596  0.439  29.897 0.0000000000
56962  15.250  -0.219  29.698 0.0000000000
55651  14.845  -0.895  28.916 0.0000000000
56963  14.422  -0.536  30.162 0.0000000000
55573  13.519  0.006  34.285 0.0000000000
54364  11.594  -2.082  33.142 0.0000000000
55594  12.725  -0.949  32.765 0.0000000000
55615  12.135  -2.358  31.588 0.0000000000
54382  12.414  -2.356  30.754 0.0000000000
71232  33.337  11.598  17.665 0.0000000000
68859  34.271  9.320  21.704 0.0000000000
70026  33.699  10.536  21.241 0.0000000000
68860  33.417  9.418  20.597 0.0000000000
68872  32.675  9.488  19.622 0.0000000000
66644  32.861  7.838  19.512 0.0000000000
65525  32.226  6.509  18.552 0.0000000000
66659  33.473  6.756  19.365 0.0000000000
61813  34.831  3.795  19.357 0.0000000000
63003  34.472  4.367  19.169 0.0000000000
60684  34.529  2.884  18.959 0.0000000000
59511  33.837  2.003  18.079 0.0000000000
58355  33.317  1.698  18.290 0.0000000000
61640  31.974  5.636  29.091 0.0000000000
62872  33.756  6.169  29.108 0.0000000000
64228  32.809  6.097  28.036 0.0000000000
61689  33.378  5.041  24.442 0.0000000000
61667  34.057  5.325  25.075 0.0000000000
61687  34.768  4.755  24.237 0.0000000000
62925  36.169  5.297  23.893 0.0000000000
60570  34.881  4.513  23.633 0.0000000000
60623  35.145  4.100  21.952 0.0000000000
59410  33.811  3.672  22.323 0.0000000000
59492  29.948  2.594  18.723 0.0000000000
59469  31.759  2.509  19.740 0.0000000000
71243  35.650  13.206  15.117 0.0000000000
72427  35.136  13.119  13.899 0.0000000000
71270  33.469  11.979  13.566 0.0000000000
68960  31.115  9.323  12.292 0.0000000000
68959  31.595  9.859  11.905 0.0000000000
79040  50.469  18.633  -5.808 0.0000000000
71296  38.658  11.911  11.419 0.0000000000
70126  37.926  10.955  10.709 0.0000000000
71298  37.207  11.765  10.833 0.0000000000
72470  36.373  12.615  10.851 0.0000000000
72489  35.086  12.530  10.897 0.0000000000
73580  41.524  13.981  12.862 0.0000000000
72451  40.224  12.631  12.400 0.0000000000
55774  20.098  -1.180  24.407 0.0000000000
55752  18.936  -0.718  25.137 0.0000000000
57059  18.849  -0.072  25.964 0.0000000000
56997  25.822  0.809  29.425 0.0000000000
59334  26.335  2.332  29.483 0.0000000000
57019  25.085  -0.105  27.571 0.0000000000
55724  24.933  -0.148  25.870 0.0000000000
55770  23.998  -0.645  24.362 0.0000000000
55797  23.715  -0.853  23.330 0.0000000000
55771  23.248  -1.071  24.014 0.0000000000
55799  21.574  -1.371  23.567 0.0000000000
75889  42.119  15.828  3.437 0.0000000000
55607  23.500  -0.207  32.095 0.0000000000
72509  41.785  13.371  9.396 0.0000000000
73635  41.566  13.739  8.873 0.0000000000
73644  41.330  14.172  8.102 0.0000000000
74719  41.885  15.220  6.725 0.0000000000
74708  40.421  14.420  6.835 0.0000000000
73654  39.221  13.683  6.220 0.0000000000
56912  19.927  1.191  32.230 0.0000000000
56938  18.212  1.034  30.988 0.0000000000
58185  17.948  1.370  32.545 0.0000000000
58186  16.859  1.259  32.433 0.0000000000
56894  15.583  0.949  32.474 0.0000000000
55555  12.792  -0.503  34.846 0.0000000000
54346  11.519  -1.297  35.034 0.0000000000
54357  11.025  -2.541  33.721 0.0000000000
54365  11.179  -2.861  32.854 0.0000000000
53195  10.190  -3.958  33.666 0.0000000000
68844  35.099  9.519  22.348 0.0000000000
67731  34.307  7.669  20.766 0.0000000000
66642  33.993  6.897  20.032 0.0000000000
66641  34.612  6.803  20.741 0.0000000000
64318  34.845  5.512  20.314 0.0000000000
62991  35.170  4.546  20.191 0.0000000000
61671  29.042  5.195  26.433 0.0000000000
62904  31.914  5.833  26.589 0.0000000000
61692  29.610  5.210  25.170 0.0000000000
61712  30.415  5.004  23.647 0.0000000000
60576  31.582  4.564  23.121 0.0000000000
60607  32.506  3.607  22.000 0.0000000000
60609  30.722  4.244  21.821 0.0000000000
60646  29.633  3.890  20.130 0.0000000000
70081  32.850  11.143  15.188 0.0000000000
70094  32.804  11.302  14.086 0.0000000000
70082  32.118  10.647  14.576 0.0000000000
67827  30.587  8.741  13.707 0.0000000000
80000  50.610  19.443  -2.653 0.0000000000
79028  49.394  18.969  -3.923 0.0000000000
70186  39.072  10.461  8.388 0.0000000000
70187  38.367  10.013  7.975 0.0000000000
69033  38.402  9.538  8.522 0.0000000000
68994  37.359  10.061  9.652 0.0000000000
69035  36.307  9.079  8.300 0.0000000000
68943  42.003  11.031  12.358 0.0000000000
70122  41.791  10.882  11.279 0.0000000000
71318  41.851  11.564  10.658 0.0000000000
70168  40.754  10.784  10.083 0.0000000000
70169  39.979  10.575  9.359 0.0000000000
62801  34.440  6.094  32.143 0.0000000000
62818  35.271  6.516  31.209 0.0000000000
61609  33.576  5.621  31.297 0.0000000000
61630  31.618  5.284  29.850 0.0000000000
60516  30.205  4.960  28.951 0.0000000000
60520  26.201  3.305  28.548 0.0000000000
60533  27.962  4.616  28.174 0.0000000000
61654  28.491  4.988  27.427 0.0000000000
61695  26.342  4.328  25.379 0.0000000000
61715  25.952  4.011  24.068 0.0000000000
60610  25.078  2.808  22.296 0.0000000000
77997  47.251  18.143  4.016 0.0000000000
76982  44.488  17.166  2.449 0.0000000000
78004  46.025  17.766  2.691 0.0000000000
78989  46.921  19.071  2.262 0.0000000000
78995  46.776  19.333  1.204 0.0000000000
79004  46.832  19.489  0.264 0.0000000000
79017  46.291  19.004  -1.403 0.0000000000
79031  46.785  18.569  -3.152 0.0000000000
55706  23.068  -0.879  27.686 0.0000000000
55708  21.533  -0.567  28.123 0.0000000000
55687  22.375  -0.629  28.909 0.0000000000
55670  21.735  -0.129  30.161 0.0000000000
56956  21.542  0.256  30.797 0.0000000000
55608  22.884  -0.059  32.121 0.0000000000
56911  21.266  0.629  32.002 0.0000000000
56892  20.060  1.453  33.335 0.0000000000
62783  35.200  6.260  32.911 0.0000000000
61589  33.206  5.442  32.691 0.0000000000
60470  30.888  4.057  32.223 0.0000000000
59311  28.554  3.271  31.800 0.0000000000
59312  27.710  2.685  31.998 0.0000000000
58217  26.324  1.899  30.563 0.0000000000
55665  25.143  -0.146  29.718 0.0000000000
55685  23.780  -0.579  28.674 0.0000000000
74748  45.981  15.713  5.699 0.0000000000
75854  44.595  16.043  5.360 0.0000000000
75871  42.827  15.942  4.381 0.0000000000
74735  41.642  15.425  5.801 0.0000000000
75856  42.315  15.651  5.185 0.0000000000
55730  20.658  -0.130  27.389 0.0000000000
57021  19.106  0.273  27.668 0.0000000000
57022  18.097  0.180  27.386 0.0000000000
56960  17.810  0.836  30.038 0.0000000000
56982  17.511  0.450  29.084 0.0000000000
57003  16.340  -0.370  27.910 0.0000000000
57004  15.631  -0.869  27.752 0.0000000000
55672  14.993  -1.121  28.185 0.0000000000
56876  14.911  0.959  33.605 0.0000000000
55612  14.204  0.161  32.333 0.0000000000
56917  14.254  0.070  31.696 0.0000000000
55632  13.763  -0.877  30.476 0.0000000000
51869  6.683  -4.644  37.411 0.0000000000
74622  37.707  14.800  14.043 0.0000000000
71240  34.218  12.055  16.370 0.0000000000
71241  33.481  11.567  16.768 0.0000000000
70073  32.074  10.463  16.803 0.0000000000
68908  31.733  9.586  17.464 0.0000000000
70052  32.845  10.544  18.999 0.0000000000
68890  32.138  9.482  18.613 0.0000000000
66681  31.398  7.522  17.767 0.0000000000
65540  31.697  6.747  18.038 0.0000000000
64347  31.831  5.578  17.701 0.0000000000
63026  32.655  3.956  17.347 0.0000000000
65523  33.580  5.956  19.257 0.0000000000
63015  33.894  4.215  18.492 0.0000000000
60699  33.487  2.904  17.256 0.0000000000
59529  33.706  1.448  16.987 0.0000000000
58372  33.351  1.039  17.308 0.0000000000
67675  37.854  8.339  24.439 0.0000000000
64146  35.275  6.633  30.474 0.0000000000
64173  35.900  6.806  29.464 0.0000000000
64200  36.051  6.764  28.261 0.0000000000
62889  33.482  6.064  26.868 0.0000000000
62887  34.988  5.999  26.456 0.0000000000
64247  36.326  6.213  26.054 0.0000000000
64257  36.916  6.150  25.184 0.0000000000
65470  37.285  6.963  24.406 0.0000000000
65493  36.954  6.726  23.054 0.0000000000
64306  36.086  5.671  21.870 0.0000000000
61780  35.213  4.169  21.065 0.0000000000
60644  34.739  3.167  20.628 0.0000000000
59429  32.565  3.188  21.369 0.0000000000
59468  32.538  2.334  19.876 0.0000000000
59489  33.282  1.995  19.107 0.0000000000
58356  32.709  1.539  18.426 0.0000000000
73583  35.989  13.625  13.031 0.0000000000
72455  34.568  12.617  12.230 0.0000000000
71322  33.474  11.534  10.791 0.0000000000
70110  32.826  11.317  12.946 0.0000000000
70128  32.967  11.206  11.707 0.0000000000
70174  33.111  10.304  9.689 0.0000000000
78053  47.196  18.234  -4.235 0.0000000000
75794  38.783  15.355  12.783 0.0000000000
74659  38.327  14.810  12.325 0.0000000000
75774  38.516  15.404  13.062 0.0000000000
76902  39.741  15.983  12.938 0.0000000000
55749  22.247  -1.089  25.440 0.0000000000
71367  39.023  11.717  7.808 0.0000000000
53129  9.649  -2.614  36.003 0.0000000000
53143  9.755  -2.962  35.505 0.0000000000
53144  9.035  -3.316  35.754 0.0000000000
68825  37.054  8.933  23.679 0.0000000000
68842  36.699  8.351  23.098 0.0000000000
67698  36.454  8.040  22.661 0.0000000000
67712  36.550  7.559  22.312 0.0000000000
67697  36.956  7.755  22.887 0.0000000000
64096  36.380  6.634  31.758 0.0000000000
64118  35.865  6.490  31.504 0.0000000000
61747  25.686  3.611  21.809 0.0000000000
62954  27.094  4.656  22.785 0.0000000000
61746  26.649  4.262  22.343 0.0000000000
61762  27.396  4.531  21.516 0.0000000000
67793  30.926  8.400  16.508 0.0000000000
68922  31.031  8.815  15.903 0.0000000000
79995  47.798  19.791  -0.758 0.0000000000
79977  49.154  20.408  0.141 0.0000000000
79015  48.395  19.448  -2.042 0.0000000000
79014  49.131  19.383  -2.347 0.0000000000
70172  35.314  10.578  9.394 0.0000000000
70173  34.130  10.428  9.401 0.0000000000
68972  39.464  10.170  11.035 0.0000000000
57061  17.531  -1.294  25.702 0.0000000000
57044  17.030  -0.903  26.313 0.0000000000
57045  16.412  -1.152  26.613 0.0000000000
59321  28.525  3.505  31.140 0.0000000000
60492  27.633  3.308  30.552 0.0000000000
55768  24.841  0.069  24.800 0.0000000000
58270  25.068  1.316  25.380 0.0000000000
57074  24.928  0.568  24.527 0.0000000000
58280  24.973  1.195  24.556 0.0000000000
57093  24.600  0.192  23.404 0.0000000000
55796  24.286  -0.428  23.671 0.0000000000
61834  32.431  3.405  16.713 0.0000000000
75870  43.932  16.219  4.481 0.0000000000
75887  44.351  16.503  3.723 0.0000000000
78035  44.691  17.943  -0.717 0.0000000000
55628  23.655  -0.578  31.385 0.0000000000
55646  24.415  -0.702  30.559 0.0000000000
74697  42.628  14.676  8.406 0.0000000000
74717  43.820  15.352  6.860 0.0000000000
55554  13.358  0.225  35.182 0.0000000000
54374  11.705  -2.725  32.189 0.0000000000
54373  12.095  -1.715  32.668 0.0000000000
67716  34.023  8.532  20.996 0.0000000000
68871  33.160  8.846  20.075 0.0000000000
66643  33.253  7.555  19.698 0.0000000000
59488  33.975  2.436  19.318 0.0000000000
62875  31.754  5.616  28.526 0.0000000000
62874  32.413  5.952  28.459 0.0000000000
61709  33.331  4.522  23.642 0.0000000000
61688  34.174  4.865  24.368 0.0000000000
60559  33.925  4.609  23.731 0.0000000000
60557  34.910  4.585  23.788 0.0000000000
60572  34.433  4.424  23.213 0.0000000000
60588  34.687  4.171  22.874 0.0000000000
60590  33.598  3.902  22.698 0.0000000000
71244  35.023  12.785  15.237 0.0000000000
71257  34.411  12.615  14.213 0.0000000000
71258  33.616  11.756  14.703 0.0000000000
72453  38.811  12.249  11.615 0.0000000000
71297  38.097  11.840  11.092 0.0000000000
72468  38.346  12.702  11.492 0.0000000000
73609  36.821  13.369  11.513 0.0000000000
72469  37.423  12.650  11.149 0.0000000000
72488  35.523  12.347  10.643 0.0000000000
72471  35.474  12.912  11.170 0.0000000000
74639  41.947  14.794  13.008 0.0000000000
73595  39.494  13.627  12.067 0.0000000000
73594  40.283  13.892  12.286 0.0000000000
72452  39.167  12.689  11.813 0.0000000000
71281  39.069  11.779  11.756 0.0000000000
57058  19.390  0.107  26.375 0.0000000000
55683  25.296  -0.097  28.751 0.0000000000
57018  25.404  0.197  28.110 0.0000000000
55703  25.189  -0.193  28.005 0.0000000000
55725  24.614  -0.436  26.360 0.0000000000
55746  24.449  -0.401  25.274 0.0000000000
72503  41.376  12.288  9.781 0.0000000000
73636  40.825  13.540  8.562 0.0000000000
74707  41.157  14.629  7.258 0.0000000000
72519  38.514  12.717  6.971 0.0000000000
58184  18.917  1.415  32.583 0.0000000000
56913  18.644  1.241  31.877 0.0000000000
58187  16.219  1.047  32.426 0.0000000000
54331  11.700  -0.667  35.819 0.0000000000
55539  12.147  -0.742  35.211 0.0000000000
53194  10.597  -3.503  33.345 0.0000000000
51938  9.858  -4.262  33.934 0.0000000000
51900  8.281  -4.109  36.050 0.0000000000
50767  7.794  -4.874  36.000 0.0000000000
68858  35.215  8.657  21.979 0.0000000000
67715  34.662  8.210  21.399 0.0000000000
67730  34.826  7.451  21.156 0.0000000000
65506  35.373  6.455  21.235 0.0000000000
65514  34.972  6.096  20.808 0.0000000000
64317  35.177  5.369  20.578 0.0000000000
63001  35.160  4.827  20.242 0.0000000000
62990  35.315  4.809  20.584 0.0000000000
61693  28.402  5.071  25.479 0.0000000000
61670  30.238  5.400  26.219 0.0000000000
61711  31.730  5.029  23.814 0.0000000000
61727  30.265  4.678  22.591 0.0000000000
60593  31.182  4.412  22.558 0.0000000000
61743  29.718  4.640  21.990 0.0000000000
61781  29.010  4.304  20.828 0.0000000000
67815  30.566  8.614  14.666 0.0000000000
68933  30.997  9.347  14.333 0.0000000000
79036  48.494  18.623  -4.630 0.0000000000
79042  48.797  18.432  -5.288 0.0000000000
69034  37.332  9.274  8.203 0.0000000000
70127  37.082  11.069  10.473 0.0000000000
70146  37.515  10.487  10.185 0.0000000000
70147  36.441  10.729  9.827 0.0000000000
69017  35.756  9.703  8.827 0.0000000000
71267  41.568  12.071  12.875 0.0000000000
70078  42.067  11.451  12.868 0.0000000000
68944  41.375  10.707  12.396 0.0000000000
68970  41.190  10.408  11.122 0.0000000000
70144  42.013  11.351  10.911 0.0000000000
70145  41.400  10.851  10.660 0.0000000000
69013  39.571  9.710  9.706 0.0000000000
70170  39.432  10.028  9.129 0.0000000000
61600  33.372  5.457  32.072 0.0000000000
60503  30.381  4.824  29.641 0.0000000000
61631  30.974  5.128  29.545 0.0000000000
60517  29.548  4.739  28.904 0.0000000000
59345  26.034  2.300  28.711 0.0000000000
60507  26.290  2.838  29.167 0.0000000000
59346  25.852  2.612  28.232 0.0000000000
61657  25.987  3.711  26.967 0.0000000000
61644  26.637  3.947  28.181 0.0000000000
61656  26.514  4.074  27.389 0.0000000000
60532  28.930  4.948  28.290 0.0000000000
61655  27.470  4.624  27.354 0.0000000000
61672  27.939  4.857  26.476 0.0000000000
61673  26.890  4.548  26.465 0.0000000000
59414  24.878  1.877  23.973 0.0000000000
60578  25.419  2.981  24.301 0.0000000000
60594  25.194  2.740  23.355 0.0000000000
61716  25.551  3.342  23.676 0.0000000000
55798  23.229  -1.191  22.904 0.0000000000
54482  22.797  -1.598  22.537 0.0000000000
75853  46.989  16.040  5.936 0.0000000000
76966  45.560  16.767  3.708 0.0000000000
76965  46.395  17.106  3.981 0.0000000000
77991  46.984  17.559  4.219 0.0000000000
77998  46.683  17.844  3.485 0.0000000000
76983  43.476  16.791  2.281 0.0000000000
78018  45.137  18.059  1.437 0.0000000000
78005  45.262  17.561  2.169 0.0000000000
78017  45.728  18.063  1.999 0.0000000000
78990  46.232  18.393  2.262 0.0000000000
79010  46.144  19.053  -0.422 0.0000000000
79009  47.004  19.462  -0.656 0.0000000000
55707  22.271  -0.822  27.850 0.0000000000
55649  22.482  -0.326  30.780 0.0000000000
56978  21.256  0.188  30.272 0.0000000000
55590  22.077  0.469  32.627 0.0000000000
56891  21.012  0.955  32.808 0.0000000000
62784  34.517  5.960  32.693 0.0000000000
60471  30.313  3.896  32.148 0.0000000000
55624  25.974  0.699  31.678 0.0000000000
56954  26.265  1.265  31.396 0.0000000000
58208  26.712  2.047  31.063 0.0000000000
56955  26.075  0.826  30.911 0.0000000000
55664  25.687  0.269  29.726 0.0000000000
55667  23.784  -0.781  29.657 0.0000000000
69046  37.889  9.602  7.604 0.0000000000
75843  43.749  15.621  6.230 0.0000000000
75858  40.903  15.242  4.739 0.0000000000
75857  41.376  15.560  4.955 0.0000000000
75873  41.053  15.318  4.231 0.0000000000
75872  41.849  15.661  4.306 0.0000000000
75890  41.421  15.315  3.624 0.0000000000
57000  19.392  0.540  28.591 0.0000000000
57020  20.085  0.286  27.977 0.0000000000
56959  18.970  0.954  30.216 0.0000000000
57002  17.279  0.125  28.107 0.0000000000
56984  15.610  -0.639  28.593 0.0000000000
55673  14.212  -1.507  28.541 0.0000000000
55674  13.737  -1.758  29.053 0.0000000000
56877  14.271  0.496  33.899 0.0000000000
56896  14.358  0.546  33.349 0.0000000000
56895  14.621  0.629  32.805 0.0000000000
55592  14.183  0.268  32.754 0.0000000000
55575  12.117  -1.084  34.087 0.0000000000
55574  12.685  -0.782  33.870 0.0000000000
55613  13.496  -0.545  31.730 0.0000000000
55633  12.896  -1.708  30.830 0.0000000000
51853  7.114  -3.582  37.935 0.0000000000
51855  5.755  -4.740  38.246 0.0000000000
50708  5.874  -4.898  38.061 0.0000000000
71238  35.597  13.001  15.873 0.0000000000
71230  34.815  12.405  16.922 0.0000000000
71231  34.045  12.081  17.252 0.0000000000
70072  32.709  11.120  17.248 0.0000000000
70068  32.266  10.366  17.816 0.0000000000
70037  32.917  10.495  19.799 0.0000000000
67734  32.551  8.659  19.389 0.0000000000
68873  32.399  8.999  19.144 0.0000000000
67771  31.623  8.526  18.009 0.0000000000
66661  31.907  7.505  18.471 0.0000000000
64330  32.605  5.757  18.469 0.0000000000
63017  32.477  4.579  17.706 0.0000000000
64346  32.816  5.058  18.168 0.0000000000
65522  34.034  5.880  19.714 0.0000000000
66658  33.784  6.343  19.608 0.0000000000
61823  34.360  3.493  18.529 0.0000000000
61824  33.740  3.434  17.804 0.0000000000
62842  34.029  6.151  30.866 0.0000000000
62840  35.305  6.667  30.760 0.0000000000
62858  34.574  6.529  29.995 0.0000000000
64202  34.371  6.325  28.865 0.0000000000
64201  35.290  6.593  28.558 0.0000000000
64224  35.509  6.363  27.319 0.0000000000
61669  31.366  5.493  25.881 0.0000000000
62903  32.943  5.813  25.828 0.0000000000
62900  35.089  5.613  25.453 0.0000000000
62901  34.519  5.700  25.694 0.0000000000
62886  35.575  6.039  26.147 0.0000000000
64223  36.242  6.516  26.903 0.0000000000
62885  35.975  6.039  25.876 0.0000000000
64246  36.937  6.505  26.199 0.0000000000
62898  36.138  5.890  25.301 0.0000000000
62937  36.052  5.121  23.341 0.0000000000
64265  36.775  5.991  24.476 0.0000000000
64284  36.845  6.470  23.940 0.0000000000
65480  36.915  6.756  23.608 0.0000000000
65481  36.668  6.202  22.936 0.0000000000
65494  36.561  6.382  22.512 0.0000000000
64296  36.369  5.617  22.379 0.0000000000
59447  34.572  3.696  21.792 0.0000000000
60642  35.097  4.025  21.412 0.0000000000
59465  34.567  3.442  21.324 0.0000000000
60660  35.146  3.865  20.869 0.0000000000
59466  34.328  2.934  20.662 0.0000000000
60608  31.811  3.851  21.706 0.0000000000
59430  31.908  3.347  20.977 0.0000000000
59467  33.411  2.478  20.027 0.0000000000
58334  32.755  1.948  19.272 0.0000000000
58357  32.003  1.585  18.631 0.0000000000
73561  37.121  14.138  14.342 0.0000000000
73581  36.931  14.293  13.454 0.0000000000
73562  36.489  13.711  14.016 0.0000000000
71269  34.061  12.470  12.966 0.0000000000
72440  34.859  12.877  13.141 0.0000000000
71282  34.020  12.262  12.151 0.0000000000
71299  34.331  12.337  11.546 0.0000000000
71300  33.726  11.992  11.497 0.0000000000
70095  32.172  10.665  13.470 0.0000000000
70129  32.159  10.330  11.314 0.0000000000
70150  32.850  10.696  10.551 0.0000000000
70175  32.609  10.095  10.080 0.0000000000
79033  51.148  19.064  -5.376 0.0000000000
79039  51.207  18.980  -6.095 0.0000000000
80015  51.899  19.365  -5.547 0.0000000000
78054  46.526  17.935  -3.847 0.0000000000
74670  38.962  14.216  11.944 0.0000000000
73607  38.293  13.734  11.754 0.0000000000
74671  38.604  14.144  11.836 0.0000000000
73596  37.713  14.054  12.046 0.0000000000
73597  37.113  13.817  12.125 0.0000000000
74658  39.531  14.689  12.136 0.0000000000
55748  23.128  -0.929  25.300 0.0000000000
71355  40.203  11.716  9.013 0.0000000000
72518  39.431  12.804  7.759 0.0000000000
58156  17.518  1.830  34.086 0.0000000000
53163  10.334  -3.058  34.509 0.0000000000
53181  10.153  -3.569  34.142 0.0000000000
53164  9.957  -3.312  34.940 0.0000000000
51919  9.021  -4.106  35.139 0.0000000000
51899  8.785  -3.847  35.661 0.0000000000
68826  36.576  9.472  23.457 0.0000000000
68857  35.659  8.247  22.155 0.0000000000
65505  35.768  6.394  21.454 0.0000000000
62927  27.549  4.963  24.076 0.0000000000
62926  28.230  5.063  23.404 0.0000000000
62938  28.212  4.967  22.633 0.0000000000
61744  28.785  4.848  22.090 0.0000000000
62965  27.775  4.779  21.815 0.0000000000
61783  27.211  4.321  20.288 0.0000000000
68927  31.531  9.873  15.018 0.0000000000
67803  30.570  8.315  15.583 0.0000000000
79978  48.530  20.101  0.665 0.0000000000
81032  48.892  20.320  1.397 0.0000000000
81031  49.507  20.526  0.905 0.0000000000
80001  49.862  19.450  -2.253 0.0000000000
69014  38.725  9.467  9.467 0.0000000000
70148  35.651  11.128  9.784 0.0000000000
70107  40.660  11.034  12.367 0.0000000000
68958  40.917  10.603  12.100 0.0000000000
68971  40.495  10.247  11.436 0.0000000000
68990  40.631  10.187  10.771 0.0000000000
55732  16.396  -1.540  26.435 0.0000000000
55711  15.667  -1.533  26.968 0.0000000000
60479  31.047  4.398  31.377 0.0000000000
60478  31.819  4.979  31.171 0.0000000000
60490  29.973  4.162  30.735 0.0000000000
58258  25.478  1.402  26.672 0.0000000000
59361  25.775  2.331  27.571 0.0000000000
58259  25.249  1.956  26.058 0.0000000000
59378  25.426  2.525  25.982 0.0000000000
60560  25.889  3.480  25.696 0.0000000000
59399  25.103  2.390  24.862 0.0000000000
59413  24.796  1.416  23.802 0.0000000000
59431  24.828  1.364  23.537 0.0000000000
57115  24.611  0.354  22.737 0.0000000000
57094  24.316  -0.331  23.013 0.0000000000
75886  44.967  16.569  3.792 0.0000000000
76999  43.875  17.317  1.595 0.0000000000
77010  43.641  17.147  0.582 0.0000000000
78997  45.363  18.382  1.025 0.0000000000
79006  45.531  18.569  0.683 0.0000000000
55668  23.111  -0.734  29.727 0.0000000000
55648  23.119  -0.561  30.616 0.0000000000
55645  25.013  -0.233  30.595 0.0000000000
74716  44.957  15.531  6.996 0.0000000000
74733  43.320  15.501  6.317 0.0000000000
55689  21.184  0.092  29.392 0.0000000000
56981  18.621  0.876  29.236 0.0000000000
56856  14.262  0.680  34.754 0.0000000000
54363  12.124  -1.342  33.395 0.0000000000
55634  12.358  -2.173  31.216 0.0000000000
71217  33.925  11.971  18.094 0.0000000000
71218  33.278  11.428  18.534 0.0000000000
68845  34.593  9.884  22.158 0.0000000000
70025  34.289  10.226  21.929 0.0000000000
68861  32.991  9.997  20.144 0.0000000000
67752  32.634  8.115  19.365 0.0000000000
66660  32.726  7.377  19.080 0.0000000000
65524  33.066  6.334  18.811 0.0000000000
61629  32.712  5.721  29.752 0.0000000000
62859  33.868  6.345  29.850 0.0000000000
62873  33.126  6.082  29.137 0.0000000000
64203  33.599  6.063  28.529 0.0000000000
64226  33.958  6.199  27.730 0.0000000000
62913  32.663  5.331  25.199 0.0000000000
61668  33.586  5.548  25.237 0.0000000000
61666  34.630  5.243  24.986 0.0000000000
61665  35.111  5.102  24.683 0.0000000000
62912  35.707  5.483  24.596 0.0000000000
61686  35.097  4.726  24.097 0.0000000000
61707  35.356  4.695  23.634 0.0000000000
61725  35.726  4.793  22.915 0.0000000000
61758  35.957  5.026  21.864 0.0000000000
60605  35.265  4.273  22.536 0.0000000000
59425  34.727  3.872  22.303 0.0000000000
59427  33.766  3.381  21.724 0.0000000000
60645  30.565  3.478  20.288 0.0000000000
59452  31.478  3.138  20.332 0.0000000000
59470  30.932  2.937  19.479 0.0000000000
59491  31.168  1.931  18.791 0.0000000000
58358  31.389  1.415  18.349 0.0000000000
59512  30.985  1.312  18.084 0.0000000000
71255  35.656  13.366  14.660 0.0000000000
72426  35.624  13.425  14.182 0.0000000000
71256  35.240  13.105  14.575 0.0000000000
79034  50.547  18.852  -4.890 0.0000000000
70125  38.889  11.060  11.278 0.0000000000
68974  38.065  10.371  10.386 0.0000000000
71320  35.699  11.710  10.124 0.0000000000
71321  34.570  12.010  10.543 0.0000000000
72436  41.825  12.954  12.894 0.0000000000
72437  41.135  12.511  12.638 0.0000000000
73593  40.913  14.183  12.496 0.0000000000
72450  40.994  13.339  12.600 0.0000000000
71279  40.340  11.640  12.279 0.0000000000
71280  39.701  11.811  12.090 0.0000000000
70109  39.505  11.247  11.782 0.0000000000
54469  19.417  -2.167  24.073 0.0000000000
58218  26.243  1.632  29.874 0.0000000000
58228  26.042  1.514  29.062 0.0000000000
57038  25.468  0.744  27.919 0.0000000000
58257  25.504  1.080  27.515 0.0000000000
57040  24.920  -0.221  27.125 0.0000000000
57039  25.229  0.268  26.971 0.0000000000
55745  24.850  -0.157  25.198 0.0000000000
55769  24.454  -0.235  24.584 0.0000000000
54467  22.643  -1.165  23.552 0.0000000000
75897  42.886  16.473  2.428 0.0000000000
55606  24.128  -0.237  32.093 0.0000000000
72502  42.122  12.813  10.034 0.0000000000
72510  41.082  12.807  9.281 0.0000000000
73643  42.034  14.296  8.457 0.0000000000
74706  42.148  14.824  7.682 0.0000000000
73653  39.805  14.030  6.796 0.0000000000
74721  40.008  14.481  6.015 0.0000000000
74722  39.488  14.104  5.415 0.0000000000
56937  19.402  1.061  31.159 0.0000000000
56914  17.461  1.243  31.727 0.0000000000
56915  16.255  0.886  31.813 0.0000000000
56916  14.992  0.481  31.832 0.0000000000
55556  12.125  -0.969  34.519 0.0000000000
54356  11.601  -1.536  34.050 0.0000000000
54375  11.370  -3.046  32.498 0.0000000000
51958  10.682  -4.231  32.786 0.0000000000
65515  34.525  6.033  20.234 0.0000000000
66635  35.146  6.906  21.203 0.0000000000
64326  34.946  5.066  20.132 0.0000000000
63002  34.924  4.564  19.804 0.0000000000
61652  30.968  5.477  27.152 0.0000000000
61691  30.907  5.243  24.921 0.0000000000
61690  32.144  5.301  24.769 0.0000000000
61710  32.708  4.625  23.844 0.0000000000
60575  32.407  4.442  23.085 0.0000000000
60591  32.844  3.826  22.522 0.0000000000
60592  32.081  4.037  22.516 0.0000000000
61760  29.176  4.552  21.497 0.0000000000
60626  30.032  4.169  21.064 0.0000000000
60663  30.074  3.321  19.538 0.0000000000
71246  33.556  11.635  15.786 0.0000000000
68932  31.567  10.009  13.936 0.0000000000
68947  31.060  9.388  13.303 0.0000000000
80006  50.944  19.276  -3.442 0.0000000000
79020  50.144  19.180  -3.403 0.0000000000
79027  50.271  19.070  -4.081 0.0000000000
69016  36.735  9.685  9.121 0.0000000000
68957  41.530  10.682  11.792 0.0000000000
70106  42.008  11.028  11.635 0.0000000000
71340  42.028  12.057  10.489 0.0000000000
71341  41.363  11.681  10.158 0.0000000000
71342  40.674  11.282  9.620 0.0000000000
70185  39.687  10.993  8.822 0.0000000000
62800  35.158  6.229  32.047 0.0000000000
62819  34.547  6.108  31.464 0.0000000000
62820  34.103  5.937  31.317 0.0000000000
61618  33.314  5.904  30.426 0.0000000000
60488  31.795  5.133  30.733 0.0000000000
61619  32.402  5.396  30.693 0.0000000000
61641  30.945  5.208  28.677 0.0000000000
60506  26.797  3.247  29.703 0.0000000000
60505  28.000  3.955  29.782 0.0000000000
60518  28.459  4.564  29.017 0.0000000000
60521  25.864  2.921  28.001 0.0000000000
60519  27.298  4.033  28.807 0.0000000000
60531  29.509  5.128  28.397 0.0000000000
61653  29.728  5.277  27.669 0.0000000000
61694  27.377  4.692  25.537 0.0000000000
60577  25.815  3.561  24.939 0.0000000000
62928  26.730  4.635  24.509 0.0000000000
61729  26.214  4.179  23.207 0.0000000000
61730  25.672  3.634  22.964 0.0000000000
66682  30.939  7.467  17.047 0.0000000000
78985  48.037  19.049  3.892 0.0000000000
76968  44.042  16.808  3.037 0.0000000000
76981  45.403  17.128  2.893 0.0000000000
78987  46.604  18.407  2.844 0.0000000000
78986  47.380  18.764  3.342 0.0000000000
79960  48.147  19.644  3.348 0.0000000000
79961  47.615  19.456  2.757 0.0000000000
79970  47.483  19.751  1.797 0.0000000000
79979  47.536  19.875  0.918 0.0000000000
79005  46.117  18.930  0.507 0.0000000000
79987  47.706  19.789  0.023 0.0000000000
79016  47.375  19.425  -1.613 0.0000000000
79023  47.466  19.009  -2.617 0.0000000000
79024  46.436  18.724  -2.449 0.0000000000
55688  21.672  -0.450  29.174 0.0000000000
55671  21.248  0.120  29.912 0.0000000000
56957  20.886  0.316  30.691 0.0000000000
55630  22.461  -0.126  31.545 0.0000000000
55589  22.660  0.342  32.677 0.0000000000
55609  22.340  0.187  32.133 0.0000000000
55631  22.041  0.214  31.673 0.0000000000
58197  21.507  0.419  31.496 0.0000000000
56935  21.295  0.427  31.355 0.0000000000
56936  20.446  0.585  31.346 0.0000000000
58169  19.406  1.508  32.872 0.0000000000
56893  19.486  1.719  34.028 0.0000000000
64073  36.344  6.661  32.421 0.0000000000
61588  33.909  5.799  32.450 0.0000000000
61601  32.585  5.022  32.339 0.0000000000
60469  31.834  4.658  31.910 0.0000000000
60480  30.256  3.936  31.697 0.0000000000
59310  29.357  3.800  31.464 0.0000000000
59322  27.645  2.775  31.275 0.0000000000
59323  26.960  2.572  30.689 0.0000000000
55682  25.589  0.302  29.221 0.0000000000
55684  24.524  -0.376  28.673 0.0000000000
70199  38.231  10.508  7.244 0.0000000000
74732  45.220  15.694  5.985 0.0000000000
74749  45.422  15.870  5.270 0.0000000000
74734  42.592  15.549  6.100 0.0000000000
57041  19.734  0.198  26.982 0.0000000000
57042  18.875  0.120  26.783 0.0000000000
57023  17.104  -0.245  27.160 0.0000000000
57025  15.670  -1.157  27.334 0.0000000000
55690  15.248  -1.351  27.550 0.0000000000
55691  14.720  -1.798  27.897 0.0000000000
56875  15.455  1.031  33.132 0.0000000000
55653  13.368  -1.746  29.771 0.0000000000
51882  7.898  -3.625  37.068 0.0000000000
51883  7.330  -4.504  36.841 0.0000000000
51884  6.862  -4.870  37.024 0.0000000000
50749  6.566  -5.351  36.981 0.0000000000
51854  6.306  -4.167  38.155 0.0000000000
74640  38.065  15.170  13.471 0.0000000000
70075  32.764  11.129  16.256 0.0000000000
67792  31.357  8.863  17.124 0.0000000000
71198  33.262  11.184  19.392 0.0000000000
68889  32.440  9.992  18.989 0.0000000000
70053  32.448  10.300  18.531 0.0000000000
65541  31.309  6.659  17.441 0.0000000000
61833  33.110  3.357  17.250 0.0000000000
64328  33.943  5.128  19.062 0.0000000000
64345  33.430  4.796  18.485 0.0000000000
63016  33.217  4.212  17.860 0.0000000000
60707  33.555  1.819  16.737 0.0000000000
58391  33.483  0.441  16.354 0.0000000000
67683  37.427  8.063  23.634 0.0000000000
64145  35.742  6.728  30.602 0.0000000000
64144  36.483  7.011  30.229 0.0000000000
64175  34.494  6.466  29.647 0.0000000000
64198  37.009  6.888  27.938 0.0000000000
62890  32.609  6.084  27.345 0.0000000000
64227  33.244  6.139  27.836 0.0000000000
62902  33.837  5.803  25.849 0.0000000000
62888  34.278  6.059  26.671 0.0000000000
65423  37.278  7.097  27.232 0.0000000000
65443  37.406  7.004  26.718 0.0000000000
62910  36.454  5.682  24.474 0.0000000000
64264  37.269  6.526  25.086 0.0000000000
66599  37.868  7.398  24.941 0.0000000000
66605  37.684  7.579  24.252 0.0000000000
66614  37.215  7.315  23.421 0.0000000000
67696  37.252  7.566  23.154 0.0000000000
66626  36.715  7.040  22.304 0.0000000000
65504  36.148  6.397  21.990 0.0000000000
64307  35.906  5.872  21.532 0.0000000000
62979  35.807  5.030  21.832 0.0000000000
62988  35.877  5.450  21.390 0.0000000000
62989  35.469  4.919  20.985 0.0000000000
61811  35.248  4.226  20.353 0.0000000000
60682  35.217  3.896  20.389 0.0000000000
60662  34.670  3.018  20.021 0.0000000000
59412  32.976  3.359  21.921 0.0000000000
59428  33.297  3.140  21.504 0.0000000000
59451  32.237  2.821  20.541 0.0000000000
59450  32.996  2.722  20.777 0.0000000000
59449  33.709  2.908  21.068 0.0000000000
58374  32.085  0.815  17.772 0.0000000000
74641  37.411  14.666  13.280 0.0000000000
74642  36.930  14.320  12.990 0.0000000000
73598  36.456  13.790  12.246 0.0000000000
72439  35.675  13.376  13.277 0.0000000000
72454  35.306  13.104  12.194 0.0000000000
72472  34.837  12.682  11.374 0.0000000000
70149  33.754  11.094  10.059 0.0000000000
70111  32.240  10.551  12.371 0.0000000000
79030  47.451  18.767  -3.588 0.0000000000
79037  47.772  18.600  -4.280 0.0000000000
55643  26.010  0.676  31.197 0.0000000000
55710  16.126  -1.336  26.748 0.0000000000
55733  16.040  -1.571  26.714 0.0000000000
56910  21.709  0.420  31.816 0.0000000000
56934  21.728  0.340  31.398 0.0000000000
56976  26.102  1.440  30.905 0.0000000000
56977  26.097  0.947  30.338 0.0000000000
56998  25.563  0.361  28.854 0.0000000000
57017  25.656  0.818  28.629 0.0000000000
58182  21.660  0.409  31.687 0.0000000000
58183  21.511  0.501  31.936 0.0000000000
58196  26.783  1.777  31.670 0.0000000000
58198  21.437  0.485  31.726 0.0000000000
58207  27.211  2.232  31.629 0.0000000000
58240  25.643  1.454  28.268 0.0000000000
58281  24.976  1.701  24.750 0.0000000000
58294  24.895  1.441  24.292 0.0000000000
58308  24.815  0.869  23.123 0.0000000000
58335  32.357  1.957  19.297 0.0000000000
59299  30.303  3.908  32.386 0.0000000000
59333  26.534  2.473  30.178 0.0000000000
59360  25.726  2.074  28.124 0.0000000000
59377  25.572  2.450  26.716 0.0000000000
59391  25.275  2.605  25.462 0.0000000000
59408  34.799  4.008  22.609 0.0000000000
59409  34.434  3.863  22.494 0.0000000000
59411  33.445  3.520  22.091 0.0000000000
59426  34.041  3.621  22.129 0.0000000000
60502  31.044  5.031  29.900 0.0000000000
60534  26.255  3.715  27.948 0.0000000000
60544  25.746  3.212  26.445 0.0000000000
60545  25.648  2.906  25.745 0.0000000000
60556  35.073  4.492  24.081 0.0000000000
60558  34.597  4.576  23.697 0.0000000000
60569  35.101  4.511  23.543 0.0000000000
60571  34.832  4.413  23.296 0.0000000000
60574  33.178  4.271  23.123 0.0000000000
60586  35.129  4.445  23.258 0.0000000000
60587  35.010  4.239  22.911 0.0000000000
60589  33.877  4.217  23.007 0.0000000000
60604  35.314  4.289  22.293 0.0000000000
60606  35.142  3.930  22.100 0.0000000000
60622  35.278  4.273  22.064 0.0000000000
60624  34.851  3.835  21.598 0.0000000000
60641  35.229  4.272  21.797 0.0000000000
60643  34.902  3.501  20.963 0.0000000000
60661  35.048  3.409  20.522 0.0000000000
61599  34.023  5.846  31.862 0.0000000000
61608  34.106  5.859  31.551 0.0000000000
61620  31.748  5.197  30.470 0.0000000000
61639  32.535  5.881  29.136 0.0000000000
61642  29.966  5.118  28.549 0.0000000000
61643  27.166  4.293  28.007 0.0000000000
61664  35.395  5.175  24.445 0.0000000000
61684  35.865  5.268  23.945 0.0000000000
61685  35.519  5.077  24.086 0.0000000000
61706  35.893  4.952  23.222 0.0000000000
61708  35.163  4.686  23.937 0.0000000000
61724  35.913  4.685  22.866 0.0000000000
61726  35.063  4.406  22.990 0.0000000000
61740  36.161  5.155  22.261 0.0000000000
61741  35.514  4.558  22.437 0.0000000000
61742  35.426  4.511  22.746 0.0000000000
61745  27.183  4.518  22.036 0.0000000000
61759  35.350  4.211  21.944 0.0000000000
61761  28.335  4.764  21.452 0.0000000000
61778  35.605  4.749  21.921 0.0000000000
61779  35.333  4.442  21.566 0.0000000000
61793  35.333  4.446  21.101 0.0000000000
61794  35.267  4.324  20.718 0.0000000000
61795  35.260  4.456  20.409 0.0000000000
61796  28.755  3.967  20.148 0.0000000000
61812  35.094  4.222  19.924 0.0000000000
62841  34.757  6.551  30.594 0.0000000000
62860  33.245  6.051  29.689 0.0000000000
62897  36.490  5.934  25.094 0.0000000000
62911  36.039  5.512  24.432 0.0000000000
62915  27.272  4.761  24.839 0.0000000000
62916  26.891  4.640  25.096 0.0000000000
62924  36.381  5.465  23.827 0.0000000000
62936  36.171  5.164  23.068 0.0000000000
62939  27.521  4.931  23.096 0.0000000000
62952  28.107  4.902  22.037 0.0000000000
62964  36.042  5.197  22.214 0.0000000000
62966  27.559  4.667  21.868 0.0000000000
62980  35.484  4.761  21.380 0.0000000000
64174  35.091  6.574  29.800 0.0000000000
64204  33.031  6.076  28.418 0.0000000000
64222  36.884  6.889  27.431 0.0000000000
64272  37.011  6.472  24.484 0.0000000000
64273  36.895  6.106  23.795 0.0000000000
64285  36.553  5.761  23.001 0.0000000000
64315  35.788  5.430  21.368 0.0000000000
65463  37.571  6.958  24.977 0.0000000000
65513  35.315  5.976  21.005 0.0000000000
66625  37.015  7.129  22.859 0.0000000000
67733  32.852  8.343  19.819 0.0000000000
68945  40.986  10.775  12.425 0.0000000000
68956  42.277  11.182  11.898 0.0000000000
69011  40.838  10.405  10.478 0.0000000000
70079  41.756  11.358  12.926 0.0000000000
70080  41.313  11.179  12.993 0.0000000000
70091  42.320  11.559  12.838 0.0000000000
70092  41.677  11.039  12.759 0.0000000000
70093  41.054  11.031  12.680 0.0000000000
70105  42.204  11.180  11.660 0.0000000000
70108  40.031  11.102  12.115 0.0000000000
71181  33.279  10.925  19.929 0.0000000000
71252  41.887  11.668  12.949 0.0000000000
71253  41.375  11.564  12.927 0.0000000000
71254  40.963  11.414  12.601 0.0000000000
71266  42.262  12.212  13.085 0.0000000000
72438  36.062  13.619  13.885 0.0000000000
72487  35.991  12.074  10.536 0.0000000000
73582  36.409  13.883  13.236 0.0000000000
73599  35.911  13.614  12.595 0.0000000000
73606  38.865  13.607  11.813 0.0000000000
74661  36.771  14.139  12.575 0.0000000000
75758  38.573  15.541  13.713 0.0000000000
78061  46.969  17.806  -4.395 0.0000000000
79965  47.546  19.597  2.318 0.0000000000
81020  49.352  20.742  1.795 0.0000000000
