#!ascii label  , from subject 201818 vox2ras=TkReg
640
47407  31.755  -8.445  34.964 0.0000000000
70045  45.840  10.310  19.004 0.0000000000
66671  51.537  7.268  17.594 0.0000000000
67652  45.982  8.776  26.665 0.0000000000
56907  34.210  -1.630  32.797 0.0000000000
49735  35.263  -6.425  33.586 0.0000000000
71225  51.056  10.953  17.791 0.0000000000
72313  49.520  12.011  21.393 0.0000000000
65379  44.021  5.787  29.701 0.0000000000
59274  39.777  1.237  33.715 0.0000000000
71332  55.778  12.164  9.496 0.0000000000
67820  52.958  8.452  14.514 0.0000000000
66596  43.356  8.509  24.620 0.0000000000
72280  45.058  12.872  23.522 0.0000000000
48569  33.962  -6.569  34.330 0.0000000000
47405  33.607  -7.985  34.370 0.0000000000
71208  48.564  11.391  18.679 0.0000000000
72349  50.642  11.899  19.810 0.0000000000
72352  47.878  12.769  20.202 0.0000000000
59337  44.578  2.510  28.927 0.0000000000
54338  36.901  -2.223  34.439 0.0000000000
58164  36.617  0.013  33.417 0.0000000000
55579  39.277  -0.813  33.297 0.0000000000
72462  54.527  12.242  11.118 0.0000000000
68982  54.082  10.356  10.903 0.0000000000
70097  54.141  10.543  12.611 0.0000000000
66688  51.865  7.399  16.564 0.0000000000
66750  51.498  7.700  14.363 0.0000000000
65559  52.273  6.796  16.174 0.0000000000
65579  52.064  6.466  14.929 0.0000000000
64353  50.656  5.782  16.527 0.0000000000
66541  45.557  7.294  28.697 0.0000000000
66557  44.094  7.568  27.576 0.0000000000
68785  44.672  9.693  26.922 0.0000000000
71116  44.181  11.346  24.736 0.0000000000
71079  45.507  11.334  26.042 0.0000000000
72279  46.554  12.422  23.360 0.0000000000
69939  45.766  10.038  24.813 0.0000000000
53135  34.921  -4.250  34.715 0.0000000000
67778  49.791  8.413  16.875 0.0000000000
68878  52.024  9.206  18.218 0.0000000000
68866  50.870  10.064  18.922 0.0000000000
68836  50.046  9.523  21.481 0.0000000000
62798  41.574  3.608  32.023 0.0000000000
61603  43.923  3.865  30.888 0.0000000000
62869  45.870  4.393  28.754 0.0000000000
62893  46.079  5.328  27.156 0.0000000000
64260  45.308  5.746  25.377 0.0000000000
61607  39.108  2.404  31.540 0.0000000000
58175  41.766  1.218  32.655 0.0000000000
70190  55.223  11.517  7.598 0.0000000000
70099  52.654  10.636  13.150 0.0000000000
67830  53.603  8.634  13.368 0.0000000000
64403  50.243  6.188  13.140 0.0000000000
72333  45.922  12.769  21.376 0.0000000000
73417  47.504  13.367  22.749 0.0000000000
69992  47.996  10.722  22.146 0.0000000000
46363  31.594  -8.753  34.160 0.0000000000
47406  32.685  -8.471  34.529 0.0000000000
47420  32.720  -8.607  33.721 0.0000000000
71209  47.516  11.298  18.976 0.0000000000
72370  48.794  12.195  19.276 0.0000000000
71190  47.022  11.968  19.559 0.0000000000
55561  38.379  -1.189  33.803 0.0000000000
72480  53.882  12.317  10.660 0.0000000000
71289  54.213  11.729  11.688 0.0000000000
71274  53.632  11.461  12.277 0.0000000000
66670  51.894  7.496  17.238 0.0000000000
65544  52.246  6.958  16.867 0.0000000000
65545  52.050  6.341  16.635 0.0000000000
66555  46.251  7.542  27.710 0.0000000000
68755  44.975  9.002  27.933 0.0000000000
68775  45.792  9.092  27.521 0.0000000000
69927  45.305  10.603  26.516 0.0000000000
69926  45.725  10.569  26.232 0.0000000000
69938  45.746  10.560  25.108 0.0000000000
67661  45.911  8.646  26.113 0.0000000000
50754  34.369  -5.429  34.368 0.0000000000
49714  35.338  -5.813  34.312 0.0000000000
50789  36.151  -4.368  34.154 0.0000000000
68896  49.404  9.921  17.471 0.0000000000
68914  49.621  9.247  17.167 0.0000000000
68894  50.858  9.815  17.325 0.0000000000
70071  51.364  9.618  17.343 0.0000000000
70056  51.346  10.269  17.741 0.0000000000
68879  51.335  9.375  18.584 0.0000000000
70041  51.395  10.152  18.416 0.0000000000
72329  50.067  11.827  20.735 0.0000000000
71175  50.446  11.285  20.347 0.0000000000
70010  50.003  10.410  21.662 0.0000000000
67677  49.855  8.898  22.169 0.0000000000
69990  49.660  10.439  22.022 0.0000000000
59295  43.203  2.135  31.854 0.0000000000
61604  43.238  3.581  31.465 0.0000000000
60484  44.036  2.541  30.815 0.0000000000
60496  45.601  3.162  28.705 0.0000000000
62868  46.117  4.799  28.272 0.0000000000
59276  38.073  0.931  33.724 0.0000000000
60458  37.872  1.317  32.674 0.0000000000
60456  39.194  2.104  32.923 0.0000000000
60454  40.624  2.213  33.203 0.0000000000
58162  40.981  0.967  33.066 0.0000000000
73615  55.766  12.979  9.817 0.0000000000
71348  55.836  11.811  8.604 0.0000000000
68963  53.429  9.489  11.828 0.0000000000
67821  52.283  8.224  14.188 0.0000000000
67822  51.169  8.282  13.672 0.0000000000
68938  51.854  9.141  13.525 0.0000000000
70088  51.572  9.937  13.099 0.0000000000
68937  52.956  9.083  13.920 0.0000000000
68936  53.658  9.354  13.491 0.0000000000
67808  53.793  8.327  14.570 0.0000000000
64384  50.681  5.993  14.419 0.0000000000
65600  52.044  6.740  14.118 0.0000000000
64141  43.507  5.231  30.186 0.0000000000
64196  43.758  5.813  28.744 0.0000000000
66590  43.429  8.092  25.274 0.0000000000
66576  43.190  6.836  25.805 0.0000000000
72265  44.361  12.073  24.500 0.0000000000
71153  43.364  11.292  22.220 0.0000000000
72300  44.159  12.195  22.651 0.0000000000
72334  44.663  11.971  20.987 0.0000000000
72314  45.517  12.940  22.296 0.0000000000
73454  46.761  13.438  21.540 0.0000000000
73418  46.639  13.468  22.844 0.0000000000
71132  46.175  11.484  23.099 0.0000000000
72297  46.850  12.047  22.797 0.0000000000
69993  46.657  10.870  22.292 0.0000000000
68820  47.655  9.635  21.885 0.0000000000
47392  33.805  -7.436  34.502 0.0000000000
48609  34.509  -7.481  33.630 0.0000000000
48633  34.418  -6.954  32.503 0.0000000000
47432  33.866  -8.011  33.209 0.0000000000
71227  49.783  11.230  18.207 0.0000000000
72367  50.858  11.654  19.110 0.0000000000
72369  49.705  12.264  19.148 0.0000000000
72350  49.801  12.549  19.861 0.0000000000
73451  49.236  12.981  20.548 0.0000000000
55562  35.298  -1.789  34.239 0.0000000000
56886  35.581  -0.741  33.296 0.0000000000
56842  36.659  -0.964  34.400 0.0000000000
58131  37.759  -0.356  34.397 0.0000000000
55559  39.823  -0.186  33.673 0.0000000000
56885  40.395  0.099  33.097 0.0000000000
56904  39.670  -0.380  32.254 0.0000000000
71308  55.264  11.970  10.454 0.0000000000
70136  55.099  11.487  10.005 0.0000000000
71288  54.781  11.637  11.167 0.0000000000
70114  54.329  10.776  11.771 0.0000000000
68949  54.048  10.084  12.288 0.0000000000
66711  50.589  7.338  15.700 0.0000000000
66710  51.601  7.315  15.732 0.0000000000
66730  52.176  7.530  14.939 0.0000000000
66729  53.029  7.599  14.865 0.0000000000
65578  52.488  6.870  15.365 0.0000000000
64366  51.484  6.046  15.280 0.0000000000
65391  45.235  6.552  29.086 0.0000000000
65407  44.081  6.606  28.429 0.0000000000
66542  44.844  7.541  28.624 0.0000000000
67636  44.530  8.477  27.500 0.0000000000
68792  44.069  9.593  25.663 0.0000000000
68805  43.496  9.888  24.059 0.0000000000
69941  44.277  10.529  25.407 0.0000000000
72225  44.913  11.560  25.673 0.0000000000
72244  45.303  12.352  25.121 0.0000000000
73382  46.069  13.066  23.979 0.0000000000
72243  45.693  12.191  24.879 0.0000000000
69954  45.757  11.026  24.355 0.0000000000
68804  45.550  9.605  23.543 0.0000000000
51946  33.823  -4.602  33.490 0.0000000000
53172  34.076  -3.761  34.076 0.0000000000
54342  34.714  -2.810  34.418 0.0000000000
53151  35.895  -3.098  34.629 0.0000000000
51924  36.699  -3.237  33.799 0.0000000000
67777  50.628  8.330  16.831 0.0000000000
67775  51.732  8.257  17.226 0.0000000000
66649  51.694  8.065  17.833 0.0000000000
67746  50.779  8.763  18.400 0.0000000000
68880  50.512  9.434  18.844 0.0000000000
68854  49.528  9.126  20.141 0.0000000000
71189  50.793  11.309  19.776 0.0000000000
68853  49.863  9.641  20.387 0.0000000000
62839  41.173  3.641  30.956 0.0000000000
62815  42.471  4.284  31.079 0.0000000000
62814  43.243  4.487  31.092 0.0000000000
62836  43.862  4.936  30.461 0.0000000000
60483  44.613  2.793  30.238 0.0000000000
61613  45.066  4.136  29.704 0.0000000000
62854  45.134  5.150  29.613 0.0000000000
64195  45.958  5.945  28.793 0.0000000000
65404  46.133  6.599  28.327 0.0000000000
65418  46.374  6.694  27.466 0.0000000000
66588  46.039  7.560  25.994 0.0000000000
64253  45.757  5.627  26.180 0.0000000000
61596  40.594  3.105  32.133 0.0000000000
60465  42.128  2.399  32.593 0.0000000000
59306  42.948  1.538  31.735 0.0000000000
56924  41.057  0.505  31.742 0.0000000000
58202  41.775  0.960  30.968 0.0000000000
71373  55.653  11.925  6.917 0.0000000000
71290  52.686  11.511  11.983 0.0000000000
71261  53.428  10.867  12.924 0.0000000000
68935  54.023  10.039  12.940 0.0000000000
67831  52.993  8.357  12.841 0.0000000000
66749  53.317  7.545  14.206 0.0000000000
65616  51.730  7.072  13.269 0.0000000000
66768  51.506  7.369  12.504 0.0000000000
65420  43.200  5.904  26.828 0.0000000000
71193  44.110  11.383  19.764 0.0000000000
71191  45.961  11.687  19.790 0.0000000000
72332  47.039  13.125  20.834 0.0000000000
73453  47.679  13.463  21.060 0.0000000000
73416  48.393  12.971  22.253 0.0000000000
72278  46.996  12.838  23.163 0.0000000000
72296  47.556  12.541  22.745 0.0000000000
72295  48.652  12.244  22.309 0.0000000000
68819  48.797  9.643  22.209 0.0000000000
66589  45.506  7.648  25.041 0.0000000000
67666  45.481  8.628  24.260 0.0000000000
46350  32.007  -8.691  34.532 0.0000000000
46351  31.335  -8.650  34.745 0.0000000000
46349  32.364  -8.690  34.401 0.0000000000
71210  46.460  11.108  19.250 0.0000000000
72463  53.738  12.011  11.587 0.0000000000
72464  53.117  11.777  11.721 0.0000000000
65530  52.133  7.066  17.105 0.0000000000
65531  51.990  6.858  17.153 0.0000000000
65532  51.298  6.401  17.176 0.0000000000
67635  46.143  8.255  27.022 0.0000000000
68753  45.720  8.727  27.721 0.0000000000
69915  45.644  9.991  27.129 0.0000000000
68784  45.948  9.469  26.892 0.0000000000
68790  45.901  9.623  26.126 0.0000000000
48607  35.156  -6.410  34.155 0.0000000000
49715  35.059  -6.259  34.522 0.0000000000
49734  35.411  -5.995  33.699 0.0000000000
49755  35.531  -5.790  33.301 0.0000000000
70058  49.976  10.660  17.678 0.0000000000
68895  50.194  9.942  17.316 0.0000000000
70057  50.741  10.563  17.531 0.0000000000
71205  51.095  11.324  18.388 0.0000000000
72312  49.813  11.723  21.071 0.0000000000
71164  49.914  11.288  21.161 0.0000000000
71165  49.594  11.450  21.579 0.0000000000
69989  49.906  10.212  21.943 0.0000000000
70011  49.700  11.007  21.712 0.0000000000
59305  43.595  2.048  31.246 0.0000000000
60475  43.592  2.840  31.320 0.0000000000
59275  38.944  1.026  33.773 0.0000000000
59286  38.112  1.184  33.306 0.0000000000
60446  38.732  1.447  33.403 0.0000000000
60445  39.459  1.661  33.452 0.0000000000
60444  40.072  1.806  33.508 0.0000000000
58145  40.572  1.041  33.370 0.0000000000
72495  56.031  12.670  9.628 0.0000000000
73622  56.121  12.958  9.011 0.0000000000
71331  56.068  12.401  9.210 0.0000000000
71347  56.111  12.340  8.864 0.0000000000
67810  52.824  8.012  14.764 0.0000000000
68931  53.258  8.631  14.445 0.0000000000
68930  53.581  8.698  14.280 0.0000000000
67809  53.348  8.280  14.747 0.0000000000
64385  49.389  5.309  14.844 0.0000000000
65380  43.795  5.621  29.655 0.0000000000
64170  43.593  5.454  29.340 0.0000000000
65393  43.973  5.986  29.238 0.0000000000
66597  43.037  7.807  24.220 0.0000000000
72281  44.492  12.476  23.620 0.0000000000
72299  45.066  12.818  22.838 0.0000000000
72315  44.853  12.494  21.950 0.0000000000
72298  45.455  13.021  22.657 0.0000000000
73419  45.779  13.208  22.812 0.0000000000
73402  45.466  13.108  23.579 0.0000000000
69970  46.218  11.038  22.752 0.0000000000
68821  46.487  9.762  21.936 0.0000000000
68837  46.915  8.952  21.604 0.0000000000
47404  34.278  -7.468  34.166 0.0000000000
47418  34.048  -7.909  33.781 0.0000000000
48624  34.241  -7.643  33.216 0.0000000000
70043  48.085  10.795  18.514 0.0000000000
70060  47.873  10.022  18.196 0.0000000000
70042  48.539  10.956  18.429 0.0000000000
70059  48.896  10.670  18.081 0.0000000000
71228  49.198  11.268  18.403 0.0000000000
71207  49.431  11.720  18.685 0.0000000000
72351  49.066  12.727  19.794 0.0000000000
73473  49.248  12.914  20.129 0.0000000000
73474  48.737  13.120  20.348 0.0000000000
55545  36.217  -1.774  34.576 0.0000000000
56843  36.091  -1.419  34.401 0.0000000000
55544  36.851  -1.584  34.555 0.0000000000
56840  38.029  -0.628  34.225 0.0000000000
56864  38.877  -0.251  34.017 0.0000000000
55560  39.375  -0.477  33.713 0.0000000000
55597  39.841  -0.411  32.972 0.0000000000
72479  54.886  12.678  10.085 0.0000000000
72478  55.585  12.633  9.986 0.0000000000
72461  55.052  12.194  10.629 0.0000000000
71287  55.090  11.968  10.802 0.0000000000
71273  54.200  11.184  12.074 0.0000000000
66689  51.074  7.624  16.411 0.0000000000
66709  52.292  7.149  15.615 0.0000000000
65546  51.440  6.113  16.620 0.0000000000
64352  51.488  5.973  16.095 0.0000000000
64367  50.609  5.674  15.529 0.0000000000
64368  49.673  5.304  15.861 0.0000000000
66529  45.327  6.980  28.953 0.0000000000
68777  44.893  9.299  27.372 0.0000000000
67615  44.882  8.355  27.895 0.0000000000
68778  44.546  9.112  27.059 0.0000000000
67637  44.133  8.481  26.868 0.0000000000
68786  44.351  9.461  26.462 0.0000000000
69929  44.362  10.041  26.034 0.0000000000
69928  44.675  10.447  26.411 0.0000000000
71080  45.043  11.168  26.015 0.0000000000
72224  45.173  11.759  25.632 0.0000000000
72245  44.703  12.006  25.296 0.0000000000
71095  45.533  11.908  25.528 0.0000000000
69955  45.694  10.489  24.090 0.0000000000
49716  33.805  -6.242  34.021 0.0000000000
50791  33.693  -5.501  33.728 0.0000000000
51888  34.826  -4.645  34.667 0.0000000000
53154  34.236  -4.265  34.296 0.0000000000
53153  34.687  -3.834  34.533 0.0000000000
54353  34.301  -2.847  34.185 0.0000000000
54341  35.168  -2.736  34.632 0.0000000000
53152  35.350  -3.293  34.626 0.0000000000
66690  50.139  7.674  16.388 0.0000000000
70070  51.774  9.616  17.487 0.0000000000
68911  51.608  9.040  17.238 0.0000000000
68893  52.005  9.076  17.594 0.0000000000
67762  51.937  8.411  17.741 0.0000000000
67744  51.915  8.545  18.071 0.0000000000
67745  51.592  8.617  18.302 0.0000000000
68867  50.196  9.874  19.350 0.0000000000
68868  49.694  9.364  19.568 0.0000000000
72368  50.511  12.035  19.087 0.0000000000
72348  50.870  11.619  19.348 0.0000000000
70022  50.109  10.494  20.792 0.0000000000
67707  49.876  9.002  21.139 0.0000000000
62816  41.729  3.848  31.404 0.0000000000
62797  42.192  3.870  31.765 0.0000000000
62813  43.878  4.534  30.683 0.0000000000
59314  44.498  2.488  29.788 0.0000000000
59326  44.580  2.517  29.400 0.0000000000
61622  45.537  3.735  29.154 0.0000000000
61623  45.037  3.381  29.768 0.0000000000
62834  45.083  4.693  29.682 0.0000000000
62853  45.545  4.759  29.218 0.0000000000
64168  45.533  5.729  29.206 0.0000000000
62852  46.012  4.956  28.764 0.0000000000
62881  46.084  4.945  27.595 0.0000000000
64219  46.288  5.730  27.929 0.0000000000
64241  46.304  5.837  27.260 0.0000000000
65437  46.267  6.665  26.587 0.0000000000
64242  46.074  5.739  26.767 0.0000000000
58151  36.214  -0.454  33.562 0.0000000000
56905  35.633  -0.484  32.587 0.0000000000
58178  36.156  -0.037  32.455 0.0000000000
60476  38.474  2.028  31.304 0.0000000000
60485  38.666  2.106  30.618 0.0000000000
61606  39.891  2.794  31.442 0.0000000000
59284  41.663  1.678  32.826 0.0000000000
60453  41.430  2.465  32.842 0.0000000000
59296  42.529  1.761  32.418 0.0000000000
58190  42.236  1.059  32.162 0.0000000000
56884  40.858  0.351  32.666 0.0000000000
58212  41.856  1.407  30.060 0.0000000000
71359  55.683  11.815  7.716 0.0000000000
71360  55.250  11.630  7.222 0.0000000000
70191  54.596  11.305  7.300 0.0000000000
70137  54.497  10.870  10.695 0.0000000000
66731  51.084  7.373  14.995 0.0000000000
66751  50.536  7.580  14.176 0.0000000000
70100  51.965  10.666  12.921 0.0000000000
70115  51.603  10.811  12.335 0.0000000000
71276  52.052  11.020  12.481 0.0000000000
71291  51.931  11.255  11.886 0.0000000000
71275  52.709  11.186  12.623 0.0000000000
71262  53.007  10.766  13.061 0.0000000000
68950  53.780  9.420  12.814 0.0000000000
65599  52.754  6.988  14.587 0.0000000000
65601  51.161  6.512  13.640 0.0000000000
65615  52.630  7.295  13.801 0.0000000000
66767  52.343  7.719  12.937 0.0000000000
65617  50.623  6.794  12.456 0.0000000000
65419  43.608  6.472  27.181 0.0000000000
69956  43.733  10.648  24.425 0.0000000000
72355  44.617  11.676  20.263 0.0000000000
71192  44.977  11.441  19.848 0.0000000000
72354  45.431  12.036  20.414 0.0000000000
72353  46.516  12.482  20.310 0.0000000000
73435  47.225  13.635  22.063 0.0000000000
73434  48.124  13.453  21.792 0.0000000000
72262  46.079  12.649  24.059 0.0000000000
73381  46.304  12.998  23.915 0.0000000000
71151  47.374  11.629  22.499 0.0000000000
71150  48.353  11.562  22.456 0.0000000000
69991  48.971  10.583  22.176 0.0000000000
67679  48.641  8.580  22.196 0.0000000000
65455  45.848  6.627  25.806 0.0000000000
47393  33.055  -7.792  34.688 0.0000000000
47419  33.414  -8.286  33.787 0.0000000000
46361  32.524  -8.674  34.219 0.0000000000
46362  32.211  -8.728  34.105 0.0000000000
70044  47.030  10.373  18.735 0.0000000000
72371  47.964  11.950  19.330 0.0000000000
54352  37.384  -2.208  34.053 0.0000000000
55543  37.518  -1.451  34.308 0.0000000000
54360  37.754  -2.149  33.464 0.0000000000
55580  38.473  -1.370  33.086 0.0000000000
70098  53.903  10.900  12.649 0.0000000000
66540  46.010  7.444  28.234 0.0000000000
67614  45.306  8.218  28.171 0.0000000000
67613  45.782  8.206  27.913 0.0000000000
68754  45.554  8.834  27.870 0.0000000000
69916  45.146  10.010  27.089 0.0000000000
71078  45.671  11.134  25.971 0.0000000000
68791  45.797  9.513  25.385 0.0000000000
49699  34.119  -6.011  34.323 0.0000000000
49698  34.454  -5.889  34.510 0.0000000000
50753  34.703  -5.349  34.554 0.0000000000
50751  35.337  -4.842  34.640 0.0000000000
51886  35.484  -4.290  34.628 0.0000000000
50772  35.766  -4.763  34.453 0.0000000000
68915  49.091  9.329  17.305 0.0000000000
68913  50.361  9.162  17.067 0.0000000000
68912  50.973  9.076  17.149 0.0000000000
70055  51.819  9.677  17.935 0.0000000000
70040  51.843  9.685  18.191 0.0000000000
70033  51.014  10.569  19.015 0.0000000000
68817  49.929  9.862  22.029 0.0000000000
68818  49.556  9.682  22.351 0.0000000000
60464  42.767  2.809  31.994 0.0000000000
61593  42.700  3.778  31.818 0.0000000000
60474  44.218  3.103  30.772 0.0000000000
61634  45.921  3.856  28.354 0.0000000000
61646  46.053  4.350  27.653 0.0000000000
59277  37.275  0.502  33.694 0.0000000000
58177  36.588  0.225  32.892 0.0000000000
59287  37.634  1.017  33.122 0.0000000000
59307  37.531  1.397  31.644 0.0000000000
60477  38.025  1.763  31.534 0.0000000000
60467  38.692  2.024  32.143 0.0000000000
60466  39.163  2.328  32.424 0.0000000000
61586  40.262  2.575  32.790 0.0000000000
60455  39.898  2.225  33.244 0.0000000000
59285  41.068  1.761  33.127 0.0000000000
58161  41.480  1.277  32.830 0.0000000000
72505  56.375  12.738  8.387 0.0000000000
70178  55.255  11.411  8.129 0.0000000000
68962  54.060  10.251  11.425 0.0000000000
70087  52.380  10.003  13.390 0.0000000000
70086  53.182  10.190  13.335 0.0000000000
67819  53.930  8.518  14.054 0.0000000000
64383  51.478  6.206  14.779 0.0000000000
65580  51.510  6.397  14.397 0.0000000000
64142  42.829  4.673  30.392 0.0000000000
66575  43.521  7.403  26.346 0.0000000000
65439  43.501  6.726  26.577 0.0000000000
66591  43.111  7.207  25.264 0.0000000000
71134  43.787  11.502  23.625 0.0000000000
72316  43.957  11.910  21.622 0.0000000000
72335  43.821  11.607  20.887 0.0000000000
73437  46.016  13.153  22.114 0.0000000000
73436  46.460  13.472  22.209 0.0000000000
71152  46.749  11.582  22.639 0.0000000000
48588  33.414  -7.055  34.379 0.0000000000
48587  34.072  -6.904  34.482 0.0000000000
47391  34.293  -7.144  34.427 0.0000000000
47403  34.566  -7.067  34.247 0.0000000000
48608  34.940  -6.839  33.825 0.0000000000
48623  34.616  -7.048  33.027 0.0000000000
47433  33.369  -8.303  32.869 0.0000000000
71226  50.578  11.208  17.905 0.0000000000
71206  50.269  11.729  18.509 0.0000000000
72330  49.777  12.455  20.625 0.0000000000
59315  43.971  2.119  30.362 0.0000000000
56887  34.879  -1.446  33.555 0.0000000000
56906  34.965  -1.050  32.640 0.0000000000
56866  35.878  -1.090  34.034 0.0000000000
56865  36.580  -0.634  34.144 0.0000000000
58150  36.745  -0.182  33.887 0.0000000000
56841  37.376  -0.854  34.447 0.0000000000
58132  37.391  -0.300  34.381 0.0000000000
58149  37.420  0.212  34.133 0.0000000000
58148  38.241  0.217  34.255 0.0000000000
58147  39.311  0.523  33.905 0.0000000000
58146  40.232  0.728  33.612 0.0000000000
56862  40.153  0.105  33.563 0.0000000000
56903  40.176  -0.136  32.401 0.0000000000
71309  54.963  11.496  10.581 0.0000000000
67839  53.365  8.942  12.628 0.0000000000
66728  53.558  8.041  14.723 0.0000000000
65560  52.165  6.283  15.785 0.0000000000
65392  44.535  6.485  29.236 0.0000000000
66543  44.421  7.368  28.325 0.0000000000
66556  44.547  7.898  28.037 0.0000000000
67653  43.793  8.704  26.011 0.0000000000
67663  43.642  8.980  25.136 0.0000000000
67667  43.477  9.128  24.281 0.0000000000
68797  43.751  9.815  24.855 0.0000000000
69940  44.566  10.918  25.755 0.0000000000
72264  45.004  12.785  24.362 0.0000000000
73383  45.646  13.061  24.011 0.0000000000
72263  45.650  12.770  24.473 0.0000000000
71114  45.816  11.686  24.277 0.0000000000
71094  45.702  11.400  25.496 0.0000000000
71115  45.823  11.191  23.870 0.0000000000
69971  45.956  10.584  22.965 0.0000000000
55582  34.037  -2.260  33.343 0.0000000000
51927  34.118  -4.730  33.941 0.0000000000
54354  33.894  -2.947  33.764 0.0000000000
55581  34.434  -1.973  33.713 0.0000000000
55547  35.044  -2.201  34.522 0.0000000000
54340  35.770  -2.533  34.721 0.0000000000
54339  36.346  -2.350  34.635 0.0000000000
51905  35.979  -3.817  34.493 0.0000000000
53150  36.404  -2.975  34.473 0.0000000000
53170  36.834  -2.729  33.953 0.0000000000
67776  51.320  8.257  16.938 0.0000000000
66672  50.776  7.219  17.635 0.0000000000
66650  50.918  8.048  17.926 0.0000000000
71188  51.066  11.216  19.204 0.0000000000
70034  50.579  10.620  19.704 0.0000000000
62857  41.318  3.569  30.180 0.0000000000
62837  42.293  4.273  30.396 0.0000000000
62796  42.653  4.206  31.541 0.0000000000
64114  43.136  4.757  30.674 0.0000000000
64140  44.218  5.545  29.977 0.0000000000
60497  45.032  2.847  29.331 0.0000000000
61614  44.596  3.644  30.283 0.0000000000
62835  44.532  4.726  30.164 0.0000000000
64169  44.894  5.758  29.653 0.0000000000
65405  45.724  6.442  28.858 0.0000000000
64194  46.161  5.560  28.526 0.0000000000
66574  46.317  7.773  26.830 0.0000000000
65454  46.135  6.948  26.151 0.0000000000
62907  45.124  4.739  25.809 0.0000000000
58194  36.226  0.138  31.703 0.0000000000
61605  40.549  3.273  31.231 0.0000000000
62817  41.119  3.543  31.676 0.0000000000
62799  41.161  3.395  32.076 0.0000000000
61585  40.949  2.813  32.727 0.0000000000
61584  41.428  2.966  32.628 0.0000000000
61594  41.982  3.239  32.410 0.0000000000
59316  43.134  1.614  30.891 0.0000000000
58176  41.426  0.777  32.430 0.0000000000
58191  41.590  0.768  31.770 0.0000000000
58201  42.439  1.110  31.404 0.0000000000
47395  31.171  -7.985  35.137 0.0000000000
71385  56.142  12.187  6.592 0.0000000000
72446  53.115  11.590  12.158 0.0000000000
70085  53.910  10.380  13.125 0.0000000000
70084  54.086  10.331  12.930 0.0000000000
66748  53.670  7.996  14.423 0.0000000000
66765  53.681  8.067  13.908 0.0000000000
66766  53.211  7.863  13.501 0.0000000000
66775  50.934  7.544  11.780 0.0000000000
70046  44.759  10.327  19.033 0.0000000000
64220  43.646  5.880  28.060 0.0000000000
71176  43.950  11.573  20.320 0.0000000000
71212  44.395  10.927  19.380 0.0000000000
71211  45.389  10.987  19.373 0.0000000000
73475  48.228  13.254  20.635 0.0000000000
73452  48.535  13.303  20.966 0.0000000000
73433  48.991  12.920  21.382 0.0000000000
73415  48.961  12.509  21.895 0.0000000000
73401  46.051  13.325  23.505 0.0000000000
73400  46.628  13.081  23.449 0.0000000000
73399  47.184  13.032  23.051 0.0000000000
71149  49.214  11.440  21.991 0.0000000000
67678  49.416  8.616  22.505 0.0000000000
66608  49.136  7.497  22.531 0.0000000000
67662  45.637  8.601  25.301 0.0000000000
68796  45.727  9.495  24.577 0.0000000000
48567  34.556  -6.213  34.585 0.0000000000
48585  35.108  -6.405  34.344 0.0000000000
49696  35.278  -5.324  34.557 0.0000000000
49697  34.895  -5.872  34.603 0.0000000000
50752  35.029  -5.128  34.683 0.0000000000
50771  36.142  -4.177  34.363 0.0000000000
50773  34.067  -5.477  34.123 0.0000000000
51887  35.114  -4.537  34.715 0.0000000000
51889  34.603  -4.962  34.463 0.0000000000
51903  36.688  -3.093  34.069 0.0000000000
51904  36.478  -3.612  34.218 0.0000000000
51906  34.599  -4.553  34.543 0.0000000000
51907  34.402  -4.760  34.287 0.0000000000
51943  36.794  -2.962  33.524 0.0000000000
53133  35.553  -3.688  34.599 0.0000000000
53134  35.159  -3.981  34.654 0.0000000000
53149  36.719  -2.764  34.187 0.0000000000
53171  34.413  -3.292  34.360 0.0000000000
54362  33.549  -2.929  33.107 0.0000000000
55546  35.619  -1.905  34.518 0.0000000000
55563  34.696  -2.060  34.165 0.0000000000
55564  34.244  -2.388  33.892 0.0000000000
55578  39.862  -0.315  33.418 0.0000000000
56863  39.678  0.061  33.810 0.0000000000
56867  35.177  -1.572  33.983 0.0000000000
56888  34.399  -1.830  33.375 0.0000000000
56902  40.979  0.373  32.136 0.0000000000
58133  36.942  -0.321  34.253 0.0000000000
58163  40.431  0.479  33.326 0.0000000000
58165  36.124  -0.223  33.074 0.0000000000
59273  40.499  1.415  33.429 0.0000000000
59278  36.918  0.220  33.613 0.0000000000
59288  37.007  0.470  33.275 0.0000000000
59298  37.044  0.668  32.624 0.0000000000
60447  38.333  1.281  33.370 0.0000000000
60457  38.338  1.497  32.916 0.0000000000
60468  37.956  1.602  32.244 0.0000000000
61587  39.761  2.407  32.871 0.0000000000
61595  41.290  3.242  32.387 0.0000000000
61597  39.653  2.535  32.315 0.0000000000
61598  39.145  2.386  32.138 0.0000000000
61616  40.035  2.833  30.596 0.0000000000
61633  46.129  4.307  27.898 0.0000000000
61647  45.838  3.835  27.505 0.0000000000
64115  42.920  4.590  30.859 0.0000000000
64167  45.915  5.382  28.924 0.0000000000
65406  44.462  7.063  28.738 0.0000000000
65438  46.027  6.170  26.366 0.0000000000
66530  45.089  7.021  28.984 0.0000000000
66609  48.370  7.586  22.138 0.0000000000
67668  43.198  8.574  24.159 0.0000000000
68776  45.398  9.481  27.639 0.0000000000
68881  50.043  9.391  19.152 0.0000000000
69917  44.858  9.905  27.003 0.0000000000
71096  44.746  11.252  25.752 0.0000000000
71097  44.494  11.335  25.341 0.0000000000
71133  45.875  10.993  23.498 0.0000000000
72246  44.411  11.758  25.008 0.0000000000
72294  49.122  12.095  21.953 0.0000000000
72331  47.545  13.155  20.719 0.0000000000
72445  53.416  11.729  11.957 0.0000000000
73420  45.331  13.036  23.180 0.0000000000
73455  46.325  13.228  21.828 0.0000000000
73623  55.924  12.995  9.332 0.0000000000
