#!ascii label  , from subject  vox2ras=TkReg coords=orig
218
62561  19.962  3.547  -39.749 0.8750000000
63790  19.943  4.679  -40.329 1.0000000000
65149  19.925  5.119  -40.053 0.8750000000
63771  19.882  4.071  -40.192 1.0000000000
62578  20.091  3.624  -40.462 1.0000000000
66319  19.734  6.205  -40.977 0.8750000000
63807  20.088  4.916  -40.817 1.0000000000
65167  19.939  5.408  -40.606 1.0000000000
62589  20.963  3.826  -41.238 1.0000000000
63789  20.048  4.282  -40.698 1.0000000000
62590  20.400  3.915  -40.903 1.0000000000
63823  20.856  4.919  -41.916 1.0000000000
65183  20.421  5.327  -41.774 1.0000000000
65184  19.981  5.539  -41.303 1.0000000000
63805  21.208  4.316  -41.768 1.0000000000
63806  20.495  4.637  -41.282 1.0000000000
62602  22.366  3.911  -42.056 1.0000000000
67406  19.412  6.922  -41.376 1.0000000000
66335  19.637  6.379  -41.677 1.0000000000
66352  19.765  6.504  -42.163 1.0000000000
65201  21.885  5.470  -42.842 1.0000000000
63821  22.430  4.539  -42.506 1.0000000000
65200  22.933  5.094  -43.080 1.0000000000
68497  19.409  8.570  -42.324 0.8750000000
67422  19.633  7.240  -42.245 1.0000000000
66350  21.142  6.254  -42.839 1.0000000000
66351  20.213  6.547  -42.605 1.0000000000
65218  22.604  5.856  -43.431 1.0000000000
65199  23.477  4.884  -43.225 0.8750000000
70791  19.070  10.393  -42.366 0.6250000000
69644  19.129  9.394  -42.329 0.6250000000
68512  19.535  8.639  -42.952 1.0000000000
67434  21.549  7.409  -43.722 1.0000000000
67435  20.384  7.382  -43.083 1.0000000000
66366  22.207  6.768  -43.700 1.0000000000
66367  21.288  6.786  -43.281 1.0000000000
66368  20.715  6.725  -42.984 1.0000000000
66385  22.799  6.902  -43.897 0.8750000000
65217  23.775  5.444  -43.496 0.8750000000
69657  19.807  9.133  -43.562 1.0000000000
67452  21.618  8.089  -44.104 1.0000000000
68530  20.544  8.732  -43.851 1.0000000000
67436  19.738  8.079  -42.808 1.0000000000
68528  22.117  8.672  -44.608 1.0000000000
66384  23.372  6.964  -44.020 1.0000000000
67433  22.089  7.235  -43.850 1.0000000000
67450  23.508  7.504  -44.484 1.0000000000
70811  18.827  10.892  -42.754 0.8750000000
70810  19.141  10.696  -43.235 1.0000000000
70823  20.933  10.567  -44.670 1.0000000000
69672  19.593  10.152  -43.673 1.0000000000
69686  22.448  9.479  -45.196 1.0000000000
69670  21.520  9.463  -44.653 1.0000000000
68545  23.318  8.743  -45.092 1.0000000000
69669  22.013  9.181  -44.871 1.0000000000
68526  23.833  8.041  -44.816 1.0000000000
68546  22.704  8.745  -44.954 1.0000000000
67449  24.090  7.493  -44.700 0.8750000000
75375  19.725  15.010  -44.288 1.0000000000
75374  20.315  14.393  -44.726 0.8750000000
73113  20.652  12.020  -44.757 1.0000000000
70839  22.145  10.649  -45.278 1.0000000000
70840  21.557  10.704  -45.050 1.0000000000
76483  20.964  15.396  -45.243 0.8750000000
75373  21.165  14.538  -45.195 1.0000000000
74223  20.536  13.416  -45.005 1.0000000000
74222  21.348  13.663  -45.421 1.0000000000
72017  22.426  11.451  -45.634 1.0000000000
70838  23.194  10.632  -45.680 1.0000000000
73129  22.821  12.092  -45.968 1.0000000000
73130  21.948  12.492  -45.634 1.0000000000
75390  21.900  14.601  -45.608 1.0000000000
74238  22.007  13.816  -45.709 1.0000000000
74221  22.097  13.303  -45.782 1.0000000000
62588  21.801  3.652  -41.578 1.0000000000
69658  19.370  9.404  -43.157 0.8750000000
61415  20.275  2.731  -39.486 0.7500000000
61429  20.426  2.979  -40.163 1.0000000000
61441  21.337  3.200  -41.063 1.0000000000
62587  22.689  3.309  -41.787 1.0000000000
63820  23.423  4.469  -42.800 0.8750000000
65231  24.599  5.935  -44.058 0.8750000000
66382  25.160  6.348  -44.564 0.8750000000
73097  19.017  11.807  -43.333 0.6250000000
66383  24.281  6.878  -44.442 0.8750000000
74204  19.274  13.233  -43.998 0.8750000000
69685  23.676  9.487  -45.464 1.0000000000
70837  24.152  10.170  -45.858 1.0000000000
70855  23.886  10.797  -45.986 1.0000000000
72016  23.018  11.419  -45.939 1.0000000000
77584  21.621  15.934  -45.671 0.8750000000
76496  22.218  15.468  -46.035 1.0000000000
74237  22.622  13.686  -46.043 1.0000000000
73148  22.569  12.868  -45.936 1.0000000000
62577  20.665  3.303  -40.779 1.0000000000
63822  21.514  4.851  -42.230 1.0000000000
66334  20.087  5.976  -41.984 1.0000000000
63804  21.847  4.228  -42.066 1.0000000000
65202  20.845  5.609  -42.331 1.0000000000
67421  20.010  7.049  -42.647 1.0000000000
65219  21.808  6.203  -43.269 1.0000000000
66365  23.136  6.423  -43.645 0.8750000000
63836  23.828  4.689  -43.245 0.8750000000
67451  22.443  7.468  -44.222 1.0000000000
68510  20.837  8.140  -43.772 1.0000000000
65232  23.880  6.373  -43.837 0.8750000000
69671  20.285  9.473  -43.950 1.0000000000
68511  19.987  8.594  -43.442 1.0000000000
68529  21.111  8.728  -44.235 1.0000000000
68527  22.994  8.196  -44.694 1.0000000000
71987  18.766  11.413  -42.947 0.6250000000
71986  19.082  11.330  -43.318 0.7500000000
70825  19.490  10.699  -43.737 1.0000000000
70824  19.962  10.598  -44.098 1.0000000000
72002  20.229  11.381  -44.482 1.0000000000
72001  20.774  11.345  -44.851 1.0000000000
69687  21.720  10.161  -44.994 1.0000000000
74203  19.955  13.544  -44.414 1.0000000000
73114  19.880  12.419  -44.257 1.0000000000
73132  20.446  12.825  -44.685 1.0000000000
72018  21.424  11.474  -45.175 1.0000000000
73131  21.077  12.655  -45.104 1.0000000000
76497  21.541  15.381  -45.816 1.0000000000
72003  19.479  11.420  -43.772 0.8750000000
73115  19.143  12.458  -43.633 0.7500000000
75389  22.930  14.649  -46.134 1.0000000000
59097  20.872  -0.039  -38.642 0.7500000000
57974  21.893  -0.709  -39.053 0.7500000000
59098  20.415  0.501  -38.421 0.7500000000
59109  22.145  -0.035  -39.766 0.7500000000
59111  20.606  0.986  -39.151 0.7500000000
59110  21.445  0.256  -39.386 0.7500000000
60276  20.935  1.092  -39.527 0.7500000000
61397  20.361  2.445  -38.872 0.7500000000
60277  20.567  1.764  -39.412 0.8750000000
59126  22.663  0.186  -40.192 0.7500000000
59127  21.992  0.780  -40.041 0.7500000000
60290  21.388  1.468  -40.030 0.7500000000
60291  20.768  2.303  -39.903 0.8750000000
60289  22.480  1.184  -40.585 0.7500000000
61427  21.954  1.938  -40.721 0.8750000000
60307  22.704  1.939  -41.023 0.7500000000
61440  22.161  2.744  -41.136 0.8750000000
61439  23.286  2.494  -41.545 0.8750000000
61453  23.441  3.237  -42.062 0.8750000000
62599  24.668  3.302  -42.851 0.6250000000
62600  23.888  3.673  -42.637 0.7500000000
62601  23.063  3.873  -42.281 0.7500000000
62613  25.034  3.888  -43.286 0.7500000000
63819  24.031  4.260  -43.033 0.7500000000
63835  24.429  4.487  -43.513 0.6250000000
65216  24.876  5.157  -43.775 0.6250000000
65230  25.642  5.515  -44.135 0.6250000000
66381  26.113  6.251  -44.595 0.5000000000
66399  24.906  6.891  -44.808 0.7500000000
66398  25.537  6.902  -44.939 0.6250000000
67463  25.922  7.692  -45.170 0.6250000000
68543  25.333  8.569  -45.271 0.6250000000
68544  24.291  8.678  -45.079 0.8750000000
77583  22.456  16.525  -45.719 0.7500000000
72034  23.704  11.590  -46.214 0.8750000000
69684  24.713  9.388  -45.536 0.7500000000
70854  24.479  10.796  -46.213 0.8750000000
69683  25.769  9.288  -45.819 0.6250000000
69682  26.310  9.066  -45.932 0.5000000000
77570  22.110  16.899  -45.129 0.6250000000
73147  23.225  12.775  -46.364 0.8750000000
73146  24.320  12.768  -46.597 0.7500000000
70836  25.066  10.107  -45.853 0.6250000000
70853  25.404  10.812  -46.103 0.7500000000
72032  25.804  11.527  -46.357 0.7500000000
78559  22.522  17.102  -45.188 0.6250000000
76495  23.309  15.567  -46.612 0.8750000000
75388  23.493  14.661  -46.588 0.8750000000
76509  24.159  15.468  -46.718 0.7500000000
74236  23.615  13.807  -46.599 0.8750000000
73145  25.262  12.363  -46.618 0.7500000000
69699  25.883  10.053  -45.999 0.5000000000
77582  23.572  16.804  -46.408 0.6250000000
76494  24.258  16.144  -46.674 0.7500000000
76508  24.889  15.519  -46.633 0.7500000000
75401  25.357  14.651  -46.903 0.7500000000
75402  24.214  14.641  -46.743 0.7500000000
74249  24.850  13.660  -46.712 0.7500000000
74248  25.925  13.829  -47.029 0.7500000000
73156  25.625  13.078  -46.573 0.6250000000
77581  24.490  16.961  -46.618 0.6250000000
77595  25.166  16.539  -47.135 0.7500000000
61428  21.178  2.513  -40.598 0.8750000000
61452  24.190  2.801  -42.146 0.6250000000
70852  26.393  10.613  -46.223 0.5000000000
74235  24.237  13.533  -46.637 0.7500000000
65215  25.422  5.033  -43.841 0.6250000000
72033  24.809  11.607  -46.472 0.7500000000
57937  21.049  -1.008  -37.741 0.7500000000
57938  20.596  -0.419  -37.556 0.7500000000
57955  21.253  -0.647  -38.381 0.7500000000
60260  20.557  1.595  -38.661 0.7500000000
57992  23.042  -0.359  -39.934 0.6250000000
60288  23.125  0.700  -40.801 0.7500000000
61438  24.127  2.064  -41.614 0.5000000000
67464  24.759  7.617  -44.950 0.7500000000
62614  24.373  3.859  -43.167 0.7500000000
57956  20.713  -0.160  -38.253 0.7500000000
56708  22.291  -1.069  -39.212 0.7500000000
57973  22.453  -0.482  -39.585 0.7500000000
74250  24.196  13.885  -46.782 0.7500000000
73144  26.183  12.348  -46.439 0.6250000000
73157  25.002  12.949  -46.678 0.7500000000
55394  22.015  -2.247  -37.874 0.6250000000
56672  21.430  -1.614  -37.874 0.6250000000
56673  20.929  -1.488  -37.251 0.6250000000
55376  20.897  -2.081  -36.657 0.5000000000
62562  19.951  3.830  -39.412 0.8750000000
70792  18.693  11.131  -42.463 0.5000000000
75355  19.873  14.099  -44.340 0.7500000000
74205  18.952  13.054  -43.594 0.8750000000
73116  18.837  12.782  -43.390 0.7500000000
