#!ascii label  , from subject 201818 vox2ras=TkReg
212
17924  40.384  -39.088  -12.394 0.0000000000
16338  44.085  -41.596  -19.987 0.0000000000
16981  46.221  -41.061  -9.887 0.0000000000
17993  43.582  -39.908  -16.323 0.0000000000
16278  49.621  -41.911  -15.565 0.0000000000
17045  48.881  -41.097  -12.537 0.0000000000
16226  51.261  -41.833  -12.322 0.0000000000
17146  43.979  -40.180  -18.674 0.0000000000
18969  40.946  -38.487  -18.677 0.0000000000
17028  42.695  -40.386  -11.707 0.0000000000
17062  45.191  -40.336  -13.685 0.0000000000
17113  46.007  -40.657  -15.665 0.0000000000
16307  46.614  -41.289  -18.683 0.0000000000
15516  49.281  -43.455  -18.161 0.0000000000
19808  38.280  -37.780  -11.029 0.0000000000
16986  40.860  -40.195  -9.341 0.0000000000
16943  44.233  -40.239  -7.433 0.0000000000
18946  40.841  -38.039  -16.537 0.0000000000
16195  50.412  -41.672  -10.551 0.0000000000
17162  44.047  -40.325  -19.394 0.0000000000
18030  43.068  -39.881  -19.190 0.0000000000
17004  44.548  -40.898  -10.645 0.0000000000
17025  46.149  -40.785  -11.760 0.0000000000
16241  49.432  -41.223  -14.003 0.0000000000
17086  46.715  -40.654  -14.783 0.0000000000
17111  47.822  -41.217  -15.735 0.0000000000
17130  46.492  -41.107  -17.652 0.0000000000
16289  48.168  -41.874  -16.968 0.0000000000
14736  47.416  -43.263  -18.969 0.0000000000
16946  41.474  -39.947  -7.710 0.0000000000
16963  42.421  -40.476  -8.450 0.0000000000
17847  42.629  -39.464  -7.052 0.0000000000
17951  43.333  -39.984  -14.925 0.0000000000
18923  42.248  -39.129  -16.312 0.0000000000
19949  40.494  -37.761  -19.752 0.0000000000
19934  40.438  -37.442  -18.463 0.0000000000
16176  48.770  -41.394  -9.579 0.0000000000
17001  47.546  -41.093  -10.881 0.0000000000
16196  49.479  -41.520  -10.508 0.0000000000
17044  49.689  -41.260  -12.799 0.0000000000
16264  49.946  -41.612  -14.565 0.0000000000
17999  43.530  -39.970  -17.169 0.0000000000
18944  42.299  -39.122  -17.281 0.0000000000
18967  42.379  -39.434  -18.618 0.0000000000
18982  41.106  -39.002  -19.625 0.0000000000
15533  43.123  -42.881  -19.786 0.0000000000
17900  41.809  -40.018  -12.230 0.0000000000
17064  43.430  -40.154  -13.685 0.0000000000
17950  44.075  -40.197  -14.869 0.0000000000
17047  46.725  -40.679  -12.738 0.0000000000
17087  45.666  -40.360  -14.657 0.0000000000
17127  44.692  -40.262  -16.275 0.0000000000
17132  44.741  -40.443  -17.123 0.0000000000
17144  45.876  -40.903  -18.484 0.0000000000
16323  45.903  -41.421  -19.341 0.0000000000
15499  49.065  -42.343  -17.109 0.0000000000
15518  47.951  -42.529  -18.801 0.0000000000
15530  46.335  -42.343  -19.362 0.0000000000
15531  45.317  -42.245  -19.538 0.0000000000
19838  38.709  -37.209  -12.685 0.0000000000
18851  39.606  -38.876  -11.656 0.0000000000
17887  39.359  -39.213  -10.359 0.0000000000
17885  41.203  -40.180  -10.822 0.0000000000
17006  42.109  -40.436  -10.496 0.0000000000
16983  44.056  -40.962  -9.503 0.0000000000
16158  45.645  -41.021  -8.594 0.0000000000
16941  46.382  -39.996  -7.212 0.0000000000
16156  47.289  -41.108  -8.307 0.0000000000
18955  40.960  -38.120  -17.627 0.0000000000
18894  39.927  -38.304  -13.195 0.0000000000
17939  40.682  -38.991  -13.187 0.0000000000
16325  44.034  -40.785  -19.940 0.0000000000
17179  43.599  -40.598  -19.921 0.0000000000
17003  45.646  -40.883  -10.730 0.0000000000
17002  46.639  -40.927  -10.837 0.0000000000
16265  49.008  -41.329  -14.775 0.0000000000
17085  47.874  -41.018  -14.937 0.0000000000
16279  48.498  -41.504  -15.808 0.0000000000
16280  47.792  -41.393  -16.261 0.0000000000
13143  47.792  -45.483  -18.089 0.0000000000
16945  42.052  -40.067  -7.646 0.0000000000
17978  42.972  -39.594  -15.736 0.0000000000
20954  39.895  -36.569  -20.487 0.0000000000
16999  48.799  -41.379  -10.516 0.0000000000
16212  50.869  -41.657  -11.470 0.0000000000
16227  50.372  -41.555  -12.431 0.0000000000
16240  50.082  -41.548  -13.531 0.0000000000
16239  50.934  -41.873  -13.260 0.0000000000
18012  43.646  -40.051  -18.095 0.0000000000
18000  42.925  -39.616  -17.656 0.0000000000
18013  42.913  -39.660  -18.507 0.0000000000
18981  41.607  -39.468  -19.412 0.0000000000
17089  44.183  -40.174  -14.362 0.0000000000
17023  48.118  -41.050  -11.683 0.0000000000
17024  47.160  -40.858  -11.767 0.0000000000
17046  47.794  -40.878  -12.703 0.0000000000
17114  45.011  -40.353  -15.494 0.0000000000
17126  45.341  -40.643  -16.442 0.0000000000
17143  46.446  -41.096  -18.276 0.0000000000
17161  45.220  -40.776  -19.187 0.0000000000
13095  49.583  -45.652  -16.520 0.0000000000
13910  49.677  -44.607  -17.563 0.0000000000
13909  50.109  -44.474  -17.055 0.0000000000
14705  50.126  -43.823  -17.431 0.0000000000
15503  49.500  -43.071  -17.601 0.0000000000
15504  48.512  -42.385  -17.873 0.0000000000
15517  48.822  -43.106  -18.369 0.0000000000
13945  46.980  -43.611  -18.936 0.0000000000
15529  47.144  -42.507  -19.172 0.0000000000
14737  46.718  -43.100  -19.150 0.0000000000
14738  45.872  -43.131  -19.207 0.0000000000
20786  38.232  -36.899  -12.126 0.0000000000
19821  38.729  -37.708  -11.775 0.0000000000
19820  39.089  -38.154  -12.014 0.0000000000
18852  39.240  -38.609  -11.345 0.0000000000
16965  40.647  -40.095  -8.737 0.0000000000
17876  39.525  -39.424  -9.478 0.0000000000
17886  40.288  -39.741  -10.368 0.0000000000
17007  41.212  -40.284  -10.093 0.0000000000
16985  41.774  -40.452  -9.372 0.0000000000
16962  43.551  -40.803  -8.390 0.0000000000
16961  44.892  -40.869  -8.389 0.0000000000
16159  45.313  -41.057  -8.876 0.0000000000
17843  46.914  -39.271  -6.664 0.0000000000
16940  47.379  -40.004  -7.088 0.0000000000
16959  46.830  -40.697  -7.639 0.0000000000
18954  41.650  -38.806  -17.915 0.0000000000
17027  43.958  -40.582  -11.703 0.0000000000
17048  45.663  -40.606  -12.732 0.0000000000
17059  48.536  -41.019  -13.723 0.0000000000
17060  47.331  -40.717  -13.765 0.0000000000
17112  47.079  -41.043  -15.967 0.0000000000
17125  46.224  -40.871  -16.684 0.0000000000
17124  46.842  -41.106  -16.900 0.0000000000
17129  46.995  -41.286  -17.317 0.0000000000
16294  47.293  -41.539  -17.839 0.0000000000
14720  48.225  -43.604  -18.751 0.0000000000
13926  48.432  -44.572  -18.374 0.0000000000
13927  47.292  -44.323  -18.623 0.0000000000
16964  41.307  -40.211  -8.373 0.0000000000
16944  43.076  -40.216  -7.534 0.0000000000
18924  41.439  -38.756  -15.738 0.0000000000
18945  41.587  -38.630  -16.901 0.0000000000
20938  39.787  -36.189  -19.984 0.0000000000
16980  47.130  -41.174  -10.010 0.0000000000
16979  47.982  -41.248  -10.124 0.0000000000
17000  48.304  -41.284  -10.821 0.0000000000
17022  49.023  -41.290  -11.377 0.0000000000
16228  49.593  -41.339  -12.122 0.0000000000
17058  49.344  -41.180  -13.326 0.0000000000
17994  42.926  -39.549  -16.744 0.0000000000
18953  42.332  -39.289  -18.143 0.0000000000
18014  42.489  -39.571  -18.963 0.0000000000
18968  41.829  -39.238  -18.861 0.0000000000
15544  43.824  -41.786  -20.048 0.0000000000
17901  40.918  -39.723  -11.639 0.0000000000
17923  41.180  -39.481  -12.724 0.0000000000
17977  43.752  -40.033  -15.548 0.0000000000
17061  46.236  -40.460  -13.717 0.0000000000
17088  44.696  -40.223  -14.606 0.0000000000
17976  44.391  -40.239  -15.406 0.0000000000
17992  44.209  -40.087  -16.016 0.0000000000
17998  44.134  -40.178  -16.730 0.0000000000
18011  44.119  -40.267  -17.488 0.0000000000
17145  44.695  -40.346  -18.293 0.0000000000
17131  45.534  -40.797  -17.458 0.0000000000
16324  44.660  -41.237  -19.932 0.0000000000
16277  50.385  -42.131  -15.067 0.0000000000
13094  49.856  -45.041  -16.896 0.0000000000
15498  49.863  -42.543  -16.548 0.0000000000
16288  49.083  -41.990  -16.420 0.0000000000
16293  47.971  -41.946  -17.753 0.0000000000
16306  47.375  -41.825  -18.704 0.0000000000
16321  47.359  -42.144  -19.021 0.0000000000
16322  46.838  -41.860  -19.158 0.0000000000
15532  44.095  -42.278  -19.683 0.0000000000
19858  38.693  -36.847  -13.370 0.0000000000
19837  39.121  -37.822  -12.510 0.0000000000
18874  39.396  -38.303  -12.348 0.0000000000
18873  39.736  -38.736  -12.076 0.0000000000
18816  39.131  -39.129  -9.007 0.0000000000
18840  38.859  -38.768  -10.325 0.0000000000
17903  39.633  -39.289  -10.933 0.0000000000
17902  39.948  -39.179  -11.499 0.0000000000
17029  41.715  -40.229  -11.398 0.0000000000
17005  43.343  -40.787  -10.606 0.0000000000
16984  42.841  -40.787  -9.466 0.0000000000
16982  45.253  -41.057  -9.520 0.0000000000
16179  45.951  -41.108  -9.091 0.0000000000
16960  45.892  -40.734  -7.847 0.0000000000
16157  46.377  -41.065  -8.405 0.0000000000
16178  46.754  -41.276  -9.138 0.0000000000
14718  49.588  -43.889  -18.004 0.0000000000
15505  47.881  -41.982  -18.259 0.0000000000
15545  43.316  -42.056  -20.077 0.0000000000
16180  45.524  -41.118  -9.016 0.0000000000
16213  49.970  -41.513  -11.418 0.0000000000
16290  47.363  -41.375  -16.870 0.0000000000
16295  46.744  -41.194  -18.148 0.0000000000
16308  46.072  -41.106  -18.943 0.0000000000
16339  43.681  -41.249  -20.135 0.0000000000
16978  48.463  -41.293  -10.262 0.0000000000
17115  44.586  -40.215  -15.801 0.0000000000
17160  45.790  -41.012  -19.043 0.0000000000
17829  47.427  -38.714  -6.319 0.0000000000
17875  40.155  -39.845  -9.090 0.0000000000
17935  43.707  -40.145  -14.291 0.0000000000
17949  44.461  -40.235  -14.992 0.0000000000
17975  44.668  -40.254  -15.132 0.0000000000
18029  43.541  -39.982  -18.798 0.0000000000
18841  38.565  -38.294  -10.634 0.0000000000
18853  38.659  -38.146  -11.222 0.0000000000
