#!ascii label  , from subject 201818 vox2ras=TkReg
458
50570  20.566  -6.732  -34.449 0.1428571492
50571  19.909  -6.927  -33.858 0.1428571492
51703  20.500  -5.634  -34.739 0.1428571492
50569  21.292  -6.965  -34.817 0.1428571492
50593  21.066  -6.269  -34.865 0.2857142985
51704  19.858  -5.796  -34.037 0.1428571492
50592  21.802  -6.529  -35.206 0.1428571492
52965  21.237  -4.709  -35.592 0.5714285970
50606  23.213  -6.105  -35.927 0.2857142985
51716  22.681  -5.739  -35.882 0.2857142985
50605  23.798  -6.180  -36.241 0.1428571492
52996  23.881  -4.566  -37.799 0.2857142985
52978  23.684  -5.081  -37.279 0.2857142985
55391  24.640  -3.109  -39.083 0.2857142985
53004  25.326  -4.370  -38.260 0.2857142985
55406  24.889  -2.394  -39.509 0.2857142985
56720  25.816  -1.219  -40.567 0.2857142985
59143  26.197  0.370  -41.393 0.8571428657
57988  26.244  -0.809  -40.896 0.4285714328
56704  26.154  -1.880  -40.305 0.2857142985
60321  27.652  1.405  -42.258 0.7142857313
60302  27.412  0.829  -41.812 0.7142857313
59142  27.130  0.359  -41.523 0.7142857313
58004  25.806  -0.261  -41.129 0.7142857313
61448  28.094  2.099  -42.640 0.8571428657
60322  26.553  1.762  -42.113 0.8571428657
60303  26.790  0.990  -41.732 0.7142857313
60304  25.807  1.158  -41.598 0.7142857313
61466  29.486  2.434  -43.879 0.4285714328
61449  27.396  2.390  -42.511 0.8571428657
62626  29.861  3.197  -45.344 0.2857142985
62627  28.977  3.614  -44.984 0.5714285970
61467  28.362  2.632  -43.449 0.8571428657
61489  29.280  3.060  -44.358 0.7142857313
62647  29.574  3.957  -45.813 0.1428571492
62646  30.643  3.713  -46.153 0.1428571492
61490  28.558  3.462  -44.152 0.5714285970
63877  30.004  5.129  -46.971 0.1428571492
62666  30.799  4.169  -46.845 0.1428571492
63857  30.169  4.470  -46.404 0.1428571492
62628  28.139  4.086  -44.537 0.8571428657
65260  30.461  5.325  -48.060 0.1428571492
63895  30.721  4.881  -47.906 0.1428571492
65249  29.591  5.712  -46.944 0.1428571492
63858  29.302  4.676  -46.173 0.1428571492
63878  29.158  5.373  -46.417 0.4285714328
62648  28.656  4.230  -45.501 0.5714285970
63845  28.139  4.659  -45.022 0.7142857313
63832  26.870  4.515  -43.875 0.8571428657
65261  29.935  5.624  -47.839 0.1428571492
66408  29.297  6.083  -47.307 0.1428571492
65241  28.721  5.801  -45.911 0.5714285970
63860  27.901  5.169  -45.022 0.8571428657
63846  27.443  4.879  -44.355 0.8571428657
66418  29.571  6.614  -47.986 0.1428571492
66419  29.290  7.181  -47.442 0.2857142985
66395  28.549  6.719  -45.871 0.8571428657
65242  28.045  5.897  -45.231 0.8571428657
63859  28.562  5.080  -45.616 0.7142857313
68565  29.374  8.379  -47.877 0.1428571492
68573  29.293  8.109  -49.109 0.1428571492
68541  27.372  8.211  -45.728 0.8571428657
67461  27.918  7.437  -45.806 0.8571428657
66396  27.514  6.777  -45.345 0.8571428657
66397  26.502  6.874  -45.074 0.8571428657
67481  29.217  7.795  -47.070 0.4285714328
67462  26.939  7.586  -45.452 0.8571428657
67463  25.922  7.692  -45.170 0.8571428657
69707  29.148  9.126  -47.903 0.2857142985
68566  29.027  8.505  -47.168 0.5714285970
69696  28.442  9.083  -46.679 0.8571428657
68554  28.467  8.539  -46.618 0.8571428657
67473  28.029  8.092  -46.063 0.8571428657
68556  27.079  8.745  -45.840 0.8571428657
68543  25.333  8.569  -45.271 0.8571428657
70862  29.055  9.721  -48.060 0.2857142985
69709  28.167  10.283  -46.895 0.7142857313
69708  28.772  9.317  -47.193 0.5714285970
69697  28.009  9.434  -46.311 0.8571428657
69682  26.310  9.066  -45.932 0.8571428657
69683  25.769  9.288  -45.819 0.8571428657
68542  26.418  8.544  -45.722 0.8571428657
70852  26.393  10.613  -46.223 0.8571428657
69699  25.883  10.053  -45.999 0.8571428657
70853  25.404  10.812  -46.103 0.7142857313
70836  25.066  10.107  -45.853 0.7142857313
70864  28.008  10.670  -47.105 0.8571428657
72031  26.857  11.327  -46.699 0.8571428657
72032  25.804  11.527  -46.357 0.8571428657
72051  28.057  12.187  -48.013 0.7142857313
72042  27.060  12.291  -47.046 0.8571428657
73156  25.625  13.078  -46.573 0.8571428657
74248  25.925  13.829  -47.029 0.7142857313
73144  26.183  12.348  -46.439 0.8571428657
74283  27.647  13.188  -51.520 0.1428571492
73155  26.667  13.170  -46.672 0.8571428657
74247  26.877  13.905  -47.376 0.7142857313
74246  27.448  14.057  -47.908 0.7142857313
74284  26.932  13.736  -52.166 0.1428571492
75421  27.865  14.445  -49.181 0.5714285970
76516  27.600  15.426  -48.820 0.5714285970
75429  27.790  14.185  -50.371 0.1428571492
74294  26.600  13.769  -53.092 0.1428571492
77598  27.451  15.842  -49.005 0.5714285970
76542  26.151  15.321  -52.377 0.1428571492
76559  25.305  15.088  -53.941 0.1428571492
76532  27.424  15.147  -50.727 0.1428571492
76524  27.541  15.141  -49.735 0.5714285970
76550  25.152  15.413  -53.168 0.1428571492
77626  25.605  15.931  -52.360 0.1428571492
76560  24.738  15.740  -54.570 0.1428571492
77627  24.978  16.415  -52.951 0.1428571492
49534  20.346  -7.657  -34.065 0.1428571492
50591  22.775  -6.511  -35.605 0.2857142985
51745  24.868  -5.346  -37.482 0.2857142985
51746  24.166  -5.355  -37.304 0.2857142985
56705  25.119  -1.485  -40.093 0.2857142985
58003  26.684  -0.248  -41.150 0.4285714328
57989  25.521  -0.684  -40.814 0.5714285970
60346  29.063  2.195  -43.369 0.2857142985
61468  27.152  3.146  -43.089 0.8571428657
65272  30.072  5.977  -48.677 0.1428571492
65250  29.105  6.075  -46.540 0.8571428657
66380  27.069  6.159  -44.847 0.8571428657
72041  27.678  11.334  -47.422 0.8571428657
73154  27.476  12.922  -47.629 0.8571428657
74258  27.863  13.498  -48.589 0.7142857313
75437  26.748  14.582  -52.398 0.1428571492
76567  24.565  15.310  -55.562 0.1428571492
50545  19.465  -6.422  -33.319 0.1428571492
51717  21.938  -5.580  -35.733 0.4285714328
51734  23.017  -5.449  -36.352 0.2857142985
51733  23.857  -5.543  -36.784 0.1428571492
52995  25.054  -4.797  -37.955 0.2857142985
54177  25.348  -3.832  -38.683 0.2857142985
54178  24.358  -3.565  -38.489 0.2857142985
53006  24.090  -3.992  -38.222 0.2857142985
58005  25.265  -0.279  -40.953 0.7142857313
62680  30.946  4.377  -47.413 0.1428571492
65271  30.703  5.365  -48.997 0.1428571492
67488  29.643  7.384  -48.624 0.1428571492
67480  29.425  7.470  -47.782 0.2857142985
67472  28.584  7.521  -46.290 0.8571428657
65228  27.457  5.539  -44.719 0.8571428657
65229  26.732  5.601  -44.329 1.0000000000
69716  29.192  9.071  -48.567 0.1428571492
70873  29.024  9.658  -48.592 0.1428571492
70874  28.831  10.312  -48.824 0.2857142985
70837  24.152  10.170  -45.858 0.8571428657
72040  28.177  11.044  -47.765 0.5714285970
74265  28.180  13.590  -49.557 0.4285714328
74264  28.251  12.826  -49.717 0.2857142985
74274  28.174  13.195  -50.441 0.2857142985
75436  27.202  14.357  -51.429 0.1428571492
77609  26.996  16.429  -50.530 0.2857142985
77617  26.370  16.175  -51.526 0.1428571492
77618  25.695  16.554  -52.152 0.1428571492
75444  26.057  14.721  -53.454 0.1428571492
77639  24.558  16.335  -53.841 0.1428571492
76561  23.765  16.077  -55.054 0.1428571492
72050  28.321  11.318  -48.264 0.4285714328
72058  28.583  11.325  -49.401 0.4285714328
73172  28.323  12.054  -49.944 0.4285714328
73165  27.994  12.786  -48.225 0.5714285970
74257  28.172  13.098  -49.170 0.5714285970
51718  21.110  -5.602  -35.308 0.4285714328
53005  24.679  -4.170  -38.203 0.2857142985
63876  30.429  4.509  -47.112 0.1428571492
66409  29.123  6.846  -46.907 0.5714285970
69698  26.803  9.452  -45.982 0.8571428657
68555  27.681  8.765  -45.984 0.8571428657
72030  27.315  10.984  -46.930 0.8571428657
75413  27.431  15.247  -48.138 0.5714285970
74304  26.299  13.801  -54.205 0.1428571492
77608  27.241  15.770  -50.133 0.4285714328
76541  27.017  15.320  -51.654 0.1428571492
75449  25.490  14.705  -54.752 0.1428571492
77616  27.091  15.811  -50.923 0.1428571492
52964  21.831  -4.623  -35.981 0.4285714328
55392  23.930  -2.678  -38.486 0.5714285970
55393  22.848  -2.680  -38.026 0.5714285970
55394  22.015  -2.247  -37.874 0.5714285970
55375  21.537  -2.623  -37.222 0.2857142985
56689  23.265  -2.043  -38.818 0.5714285970
56690  22.196  -1.561  -38.593 0.5714285970
56673  20.929  -1.488  -37.251 0.2857142985
56672  21.430  -1.614  -37.874 0.4285714328
57971  24.204  -0.913  -39.966 0.4285714328
56706  23.996  -1.668  -39.402 0.5714285970
56708  22.291  -1.069  -39.212 0.5714285970
57974  21.893  -0.709  -39.053 0.4285714328
57991  23.644  -0.384  -40.267 0.5714285970
56707  22.906  -1.292  -39.255 0.4285714328
59124  24.576  0.070  -40.851 0.4285714328
57937  21.049  -1.008  -37.741 0.2857142985
57990  24.746  -0.427  -40.584 0.7142857313
59145  24.273  0.756  -41.352 0.7142857313
60306  23.585  1.344  -41.171 0.4285714328
61438  24.127  2.064  -41.614 0.7142857313
61439  23.286  2.494  -41.545 0.5714285970
59144  25.035  0.336  -41.141 0.5714285970
60305  24.716  1.380  -41.599 0.5714285970
60324  24.754  2.210  -41.896 0.7142857313
61453  23.441  3.237  -42.062 0.7142857313
62600  23.888  3.673  -42.637 0.7142857313
62601  23.063  3.873  -42.281 0.7142857313
62587  22.689  3.309  -41.787 0.4285714328
63820  23.423  4.469  -42.800 0.4285714328
60323  25.541  2.019  -41.950 0.5714285970
61450  26.247  2.752  -42.465 0.5714285970
62599  24.668  3.302  -42.851 0.5714285970
62614  24.373  3.859  -43.167 0.7142857313
63819  24.031  4.260  -43.033 0.7142857313
65216  24.876  5.157  -43.775 0.7142857313
65199  23.477  4.884  -43.225 0.5714285970
65217  23.775  5.444  -43.496 0.5714285970
62610  27.763  3.604  -43.749 0.7142857313
61469  26.336  3.504  -42.950 0.5714285970
62598  25.546  3.394  -42.822 0.5714285970
62612  25.889  4.060  -43.177 0.7142857313
62613  25.034  3.888  -43.286 0.7142857313
65215  25.422  5.033  -43.841 0.8571428657
63821  22.430  4.539  -42.506 0.4285714328
65230  25.642  5.515  -44.135 0.7142857313
65231  24.599  5.935  -44.058 0.7142857313
66365  23.136  6.423  -43.645 0.5714285970
65232  23.880  6.373  -43.837 0.7142857313
62611  26.790  3.919  -43.523 0.5714285970
63835  24.429  4.487  -43.513 0.7142857313
66382  25.160  6.348  -44.564 0.7142857313
66384  23.372  6.964  -44.020 0.5714285970
68527  22.994  8.196  -44.694 0.2857142985
63847  26.452  4.996  -44.003 0.7142857313
68545  23.318  8.743  -45.092 0.7142857313
66381  26.113  6.251  -44.595 0.7142857313
66399  24.906  6.891  -44.808 0.8571428657
66383  24.281  6.878  -44.442 0.8571428657
68526  23.833  8.041  -44.816 0.5714285970
68544  24.291  8.678  -45.079 0.8571428657
66398  25.537  6.902  -44.939 0.8571428657
69685  23.676  9.487  -45.464 0.8571428657
69684  24.713  9.388  -45.536 0.8571428657
72033  24.809  11.607  -46.472 0.7142857313
72034  23.704  11.590  -46.214 0.7142857313
73145  25.262  12.363  -46.618 0.5714285970
73129  22.821  12.092  -45.968 0.7142857313
73146  24.320  12.768  -46.597 0.7142857313
73157  25.002  12.949  -46.678 0.8571428657
74249  24.850  13.660  -46.712 0.7142857313
75402  24.214  14.641  -46.743 0.7142857313
75388  23.493  14.661  -46.588 0.5714285970
75401  25.357  14.651  -46.903 0.7142857313
76509  24.159  15.468  -46.718 0.5714285970
76508  24.889  15.519  -46.633 0.5714285970
76495  23.309  15.567  -46.612 0.5714285970
76507  25.853  15.617  -47.115 0.5714285970
76494  24.258  16.144  -46.674 0.5714285970
77583  22.456  16.525  -45.719 0.5714285970
77581  24.490  16.961  -46.618 0.5714285970
77594  26.087  16.469  -47.701 0.5714285970
78559  22.522  17.102  -45.188 0.4285714328
77571  21.480  16.562  -45.005 0.4285714328
77582  23.572  16.804  -46.408 0.5714285970
78557  24.155  17.713  -46.467 0.4285714328
78558  23.220  17.634  -45.574 0.4285714328
78546  22.898  18.217  -45.200 0.2857142985
54180  23.045  -3.355  -37.733 0.5714285970
54167  21.740  -3.336  -37.131 0.5714285970
55407  24.213  -2.445  -39.147 0.2857142985
56688  23.872  -2.173  -38.919 0.4285714328
55374  22.111  -2.831  -37.745 0.5714285970
57955  21.253  -0.647  -38.381 0.4285714328
57973  22.453  -0.482  -39.585 0.4285714328
57992  23.042  -0.359  -39.934 0.5714285970
57938  20.596  -0.419  -37.556 0.2857142985
60288  23.125  0.700  -40.801 0.5714285970
59141  28.105  0.598  -41.796 0.2857142985
61427  21.954  1.938  -40.721 0.2857142985
67449  24.090  7.493  -44.700 0.7142857313
70854  24.479  10.796  -46.213 0.7142857313
72016  23.018  11.419  -45.939 0.7142857313
74250  24.196  13.885  -46.782 0.7142857313
75400  26.403  14.741  -47.235 0.5714285970
77595  25.166  16.539  -47.135 0.5714285970
59109  22.145  -0.035  -39.766 0.4285714328
62629  27.433  4.227  -43.958 0.7142857313
63848  25.809  4.912  -43.861 0.7142857313
63833  26.194  4.504  -43.661 0.7142857313
67464  24.759  7.617  -44.950 0.7142857313
57972  23.381  -0.831  -39.727 0.5714285970
59125  23.908  0.232  -40.942 0.5714285970
60307  22.704  1.939  -41.023 0.4285714328
60289  22.480  1.184  -40.585 0.4285714328
61440  22.161  2.744  -41.136 0.2857142985
61452  24.190  2.801  -42.146 0.7142857313
61451  25.148  2.717  -42.387 0.7142857313
63836  23.828  4.689  -43.245 0.7142857313
63834  25.375  4.562  -43.615 0.5714285970
65218  22.604  5.856  -43.431 0.2857142985
67450  23.508  7.504  -44.484 0.5714285970
67451  22.443  7.468  -44.222 0.2857142985
74235  24.237  13.533  -46.637 0.7142857313
59097  20.872  -0.039  -38.642 0.1428571492
59110  21.445  0.256  -39.386 0.4285714328
52957  20.096  -4.763  -34.560 0.4285714328
54176  26.323  -3.480  -38.884 0.1428571492
55390  25.602  -3.112  -39.311 0.1428571492
56719  26.584  -1.403  -40.635 0.1428571492
57987  27.101  -0.873  -40.900 0.1428571492
55389  26.565  -3.108  -39.575 0.1428571492
56718  27.355  -1.496  -40.601 0.1428571492
55404  26.763  -2.540  -40.082 0.1428571492
59158  28.354  1.191  -42.271 0.2857142985
60320  28.708  1.699  -42.852 0.1428571492
78624  22.822  17.905  -54.785 0.1428571492
79588  22.816  18.202  -54.311 0.1428571492
73148  22.569  12.868  -45.936 0.4285714328
79540  25.587  18.554  -51.113 0.2857142985
78581  26.408  17.249  -48.709 0.2857142985
74222  21.348  13.663  -45.421 0.1428571492
73147  23.225  12.775  -46.364 0.5714285970
74236  23.615  13.807  -46.599 0.5714285970
79517  26.141  18.580  -48.698 0.2857142985
76506  26.675  15.575  -48.009 0.4285714328
74238  22.007  13.816  -45.709 0.4285714328
75389  22.930  14.649  -46.134 0.5714285970
78572  25.799  17.480  -47.939 0.2857142985
75390  21.900  14.601  -45.608 0.4285714328
76497  21.541  15.381  -45.816 0.2857142985
78573  25.091  17.621  -46.917 0.1428571492
76483  20.964  15.396  -45.243 0.1428571492
77584  21.621  15.934  -45.671 0.4285714328
79509  24.874  18.474  -46.589 0.1428571492
79508  25.465  18.578  -47.543 0.1428571492
79497  23.985  18.571  -46.269 0.2857142985
80501  23.063  19.618  -45.660 0.1428571492
80518  24.732  18.987  -46.235 0.1428571492
80517  25.006  19.489  -47.122 0.1428571492
54129  20.352  -4.175  -34.895 0.4285714328
54140  20.113  -3.162  -35.084 0.2857142985
56703  26.931  -1.952  -40.313 0.1428571492
58002  27.631  -0.269  -41.307 0.1428571492
72017  22.426  11.451  -45.634 0.2857142985
75398  27.523  14.489  -47.905 0.4285714328
77599  27.074  16.174  -48.901 0.2857142985
79526  26.300  17.925  -49.401 0.2857142985
80544  25.446  19.680  -49.700 0.2857142985
55353  20.118  -2.792  -34.738 0.2857142985
51732  24.783  -5.769  -36.895 0.1428571492
54164  25.694  -4.238  -38.324 0.1428571492
70838  23.194  10.632  -45.680 0.4285714328
79527  25.829  18.685  -49.995 0.2857142985
78589  26.846  17.105  -49.818 0.2857142985
79556  24.855  18.201  -52.251 0.1428571492
79557  24.020  18.568  -53.033 0.1428571492
78608  24.575  17.301  -52.992 0.1428571492
80529  25.567  19.609  -48.375 0.2857142985
78596  25.429  17.243  -52.314 0.1428571492
78595  26.063  17.004  -51.710 0.1428571492
60345  29.660  1.948  -43.376 0.2857142985
77603  27.218  16.307  -49.735 0.4285714328
80573  24.896  19.029  -51.570 0.2857142985
78592  26.660  17.176  -51.031 0.2857142985
52956  20.672  -4.721  -35.050 0.4285714328
74237  22.622  13.686  -46.043 0.5714285970
77593  26.562  16.513  -48.230 0.2857142985
79498  23.244  18.769  -45.768 0.2857142985
70855  23.886  10.797  -45.986 0.5714285970
76496  22.218  15.468  -46.035 0.5714285970
57986  28.108  -1.005  -41.051 0.1428571492
73130  21.948  12.492  -45.634 0.2857142985
79516  26.264  17.910  -48.805 0.2857142985
78571  26.262  16.962  -48.090 0.2857142985
75373  21.165  14.538  -45.195 0.2857142985
54130  20.004  -3.723  -34.625 0.2857142985
70839  22.145  10.649  -45.278 0.2857142985
79539  26.336  17.963  -50.503 0.2857142985
79555  25.928  17.754  -51.531 0.2857142985
79573  24.106  17.891  -53.150 0.1428571492
67433  22.089  7.235  -43.850 0.2857142985
81601  24.346  20.607  -51.226 0.1428571492
80561  25.261  19.344  -50.759 0.1428571492
81574  25.446  20.340  -48.233 0.1428571492
80545  24.887  20.024  -50.664 0.1428571492
80562  24.635  19.815  -51.541 0.1428571492
81587  25.164  20.438  -49.248 0.1428571492
81588  24.772  20.546  -50.202 0.1428571492
82591  24.451  21.421  -50.745 0.1428571492
82601  23.845  21.419  -51.982 0.1428571492
83643  25.019  21.871  -50.999 0.1428571492
66385  22.799  6.902  -43.897 0.2857142985
82578  24.885  21.050  -49.907 0.1428571492
83654  24.454  22.203  -51.633 0.1428571492
82602  23.289  21.150  -52.760 0.1428571492
56721  25.330  -0.916  -40.466 0.2857142985
82590  25.205  21.465  -50.296 0.1428571492
54148  22.300  -4.153  -36.890 0.4285714328
52979  22.988  -4.718  -37.143 0.2857142985
54165  23.175  -3.834  -37.752 0.2857142985
52997  23.052  -4.210  -37.604 0.1428571492
52980  22.334  -4.634  -36.476 0.2857142985
54149  21.551  -3.693  -36.545 0.4285714328
54179  23.592  -3.526  -38.098 0.2857142985
54166  22.388  -3.570  -37.427 0.4285714328
74221  22.097  13.303  -45.782 0.2857142985
54138  21.338  -4.145  -35.868 0.2857142985
54139  20.689  -3.623  -35.491 0.2857142985
54150  20.975  -3.113  -36.101 0.2857142985
59126  22.663  0.186  -40.192 0.2857142985
59127  21.992  0.780  -40.041 0.2857142985
62602  22.366  3.911  -42.056 0.1428571492
65200  22.933  5.094  -43.080 0.1428571492
67434  21.549  7.409  -43.722 0.1428571492
67452  21.618  8.089  -44.104 0.1428571492
68546  22.704  8.745  -44.954 0.1428571492
68528  22.117  8.672  -44.608 0.1428571492
69686  22.448  9.479  -45.196 0.1428571492
69670  21.520  9.463  -44.653 0.1428571492
72018  21.424  11.474  -45.175 0.1428571492
73131  21.077  12.655  -45.104 0.1428571492
77570  22.110  16.899  -45.129 0.1428571492
78547  22.293  17.440  -44.788 0.1428571492
69687  21.720  10.161  -44.994 0.1428571492
60290  21.388  1.468  -40.030 0.2857142985
63804  21.847  4.228  -42.066 0.1428571492
65201  21.885  5.470  -42.842 0.1428571492
65219  21.808  6.203  -43.269 0.1428571492
66366  22.207  6.768  -43.700 0.1428571492
68529  21.111  8.728  -44.235 0.1428571492
73113  20.652  12.020  -44.757 0.1428571492
78548  21.526  17.045  -44.582 0.1428571492
60276  20.935  1.092  -39.527 0.2857142985
69669  22.013  9.181  -44.871 0.1428571492
68510  20.837  8.140  -43.772 0.1428571492
54108  19.938  -3.724  -33.907 0.1428571492
55295  20.308  -3.153  -33.237 0.1428571492
55339  20.116  -3.050  -34.188 0.1428571492
70881  28.501  10.420  -50.071 0.1428571492
52936  19.803  -4.660  -33.771 0.1428571492
55359  21.026  -2.800  -36.519 0.1428571492
55352  20.200  -2.577  -35.291 0.1428571492
55376  20.897  -2.081  -36.657 0.1428571492
69717  28.981  9.516  -49.053 0.1428571492
56599  20.282  -2.623  -33.697 0.1428571492
55360  20.699  -2.390  -35.927 0.1428571492
55320  20.091  -3.299  -33.662 0.1428571492
63896  30.272  5.226  -47.674 0.1428571492
67460  28.387  7.227  -45.951 0.8571428657
70851  27.458  10.472  -46.595 0.8571428657
70863  28.591  10.618  -47.573 0.8571428657
73164  28.252  12.405  -48.889 0.5714285970
75399  27.288  14.712  -47.693 0.4285714328
75412  27.721  14.606  -48.218 0.5714285970
75450  24.908  15.137  -55.149 0.1428571492
76517  27.242  15.617  -48.450 0.4285714328
76551  24.804  15.935  -53.586 0.1428571492
77602  27.440  15.820  -49.365 0.5714285970
78582  26.250  17.839  -48.486 0.2857142985
